5.004309999999918546e-01
1.922120000000120399e-01
4.838209999999776301e-01
2.113769999999988158e-01
3.136820000000284381e-01
1.086083000000002130e+00
1.745249999999884949e-01
1.650960000000054606e-01
1.907139999999856173e-01
1.678400000000124237e-01
5.102059999999823958e-01
1.928670000000067830e-01
1.549170000000117398e-01
1.681999999999845841e-01
1.866730000000131895e-01
1.891390000000114924e-01
3.315010000000029322e-01
1.717929999999796564e-01
2.063859999999806405e-01
3.136530000000163909e-01
1.866370000000188156e-01
1.791859999999871889e-01
3.393010000000060700e-01
1.910979999999824486e-01
1.804430000000252221e-01
2.051079999999672054e-01
1.103840000000104737e-01
1.883170000000120581e-01
1.927079999999818938e-01
3.303980000000024120e-01
1.837460000000135096e-01
2.000699999999824286e-01
3.187450000000353612e-01
1.922909999999831143e-01
1.656040000000018608e-01
1.835829999999987194e-01
1.518700000000023920e-01
1.893359999999972842e-01
1.787070000000028358e-01
3.291519999999934498e-01
1.889170000000035543e-01
1.836160000000006676e-01
3.381079999999769825e-01
1.321770000000128675e-01
2.321980000000110067e-01
3.240699999999776537e-01
1.883100000000297314e-01
1.775219999999819720e-01
3.313100000000019918e-01
1.859129999999993288e-01
1.799269999999921765e-01
3.353989999999953397e-01
1.950970000000040727e-01
1.747940000000198779e-01
3.270899999999983265e-01
1.778929999999832035e-01
2.120219999999903848e-01
1.769310000000245964e-01
1.488140000000157670e-01
1.920599999999694774e-01
1.761920000000145592e-01
1.671980000000132804e-01
1.541349999999681586e-01
1.768460000000118271e-01
1.908729999999820848e-01
1.966060000000311447e-01
1.430900000000008276e-01
1.897179999999991651e-01
1.861209999999857700e-01
3.272350000000017189e-01
1.818389999999965312e-01
2.060539999999946303e-01
3.096070000000281652e-01
1.920619999999928496e-01
1.794179999999698794e-01
4.905170000000396158e-01
2.214679999999873417e-01
3.088940000000093278e-01
1.932229999999890424e-01
1.772550000000023829e-01
3.289019999999993615e-01
1.622849999999971260e-01
2.080489999999883821e-01
2.069600000000093587e-01
1.227309999999874890e-01
1.913350000000093587e-01
1.843500000000233285e-01
3.223579999999799384e-01
1.690830000000289601e-01
2.038069999999834181e-01
1.627879999999777283e-01
1.643669999999985976e-01
1.848010000000215314e-01
1.857939999999871361e-01
3.202379999999891425e-01
1.816169999999885931e-01
1.973780000000431301e-01
3.276909999999588763e-01
1.926450000000272667e-01
1.814039999999863539e-01
3.193489999999883366e-01
1.916290000000060445e-01
1.809420000000443451e-01
3.201249999999902229e-01
1.016730000000052314e-01
1.033469999999567790e-01
1.914930000000367727e-01
3.166969999999764696e-01
3.631130000000268865e-01
3.292639999999664724e-01
1.959669999999960055e-01
1.753930000000138989e-01
3.350209999999833599e-01
1.651150000000143336e-01
1.909119999999973061e-01
1.812220000000195341e-01
1.610169999999868651e-01
1.889940000000081000e-01
1.766879999999844131e-01
3.351050000000270757e-01
3.842669999999941410e-01
3.125900000000001455e-01
1.889370000000099026e-01
1.891389999999546490e-01
3.126780000000337623e-01
1.891899999999964166e-01
1.941069999999740503e-01
3.216240000000141208e-01
1.922779999999875145e-01
1.923930000000098062e-01
3.491029999999852862e-01
1.859640000000126747e-01
2.179309999999929914e-01
2.948089999999865540e-01
1.925650000000587170e-01
1.819839999999715019e-01
3.154250000000047294e-01
1.900770000000022719e-01
8.747900000000186083e-02
1.056979999999896336e-01
3.370759999999961565e-01
1.893530000000112068e-01
1.806379999999876418e-01
3.275740000000268992e-01
1.742719999999735592e-01
2.019589999999880092e-01
3.260610000000383479e-01
2.017060000000014952e-01
1.771190000000046894e-01
3.294829999999819847e-01
1.861679999999807933e-01
1.790300000000399905e-01
3.251359999999863248e-01
9.264799999999695501e-02
6.248299999999744614e-01
3.746830000000045402e-01
3.393269999999972697e-01
1.930470000000354958e-01
1.517069999999591801e-01
3.456419999999980064e-01
1.637190000000146028e-01
1.949499999999773081e-01
1.622370000000330492e-01
1.625839999999811880e-01
1.957229999999867687e-01
1.761209999999948650e-01
3.373270000000161417e-01
1.880840000000318923e-01
1.977779999999711436e-01
1.536059999999963566e-01
1.563060000000007221e-01
1.993170000000077380e-01
1.776819999999759148e-01
3.204920000000583968e-01
1.533809999999959928e-01
2.212099999999566080e-01
3.196790000000078180e-01
1.950060000000064520e-01
1.776280000000269865e-01
3.366619999999613810e-01
1.820330000000183190e-01
1.979919999999708580e-01
3.320860000000322998e-01
1.849780000000009750e-01
1.739350000000001728e-01
3.178339999999764132e-01
1.717419999999947322e-01
7.591000000002168235e-02
1.229430000000206746e-01
3.377129999999795018e-01
1.819819999999765514e-01
1.839439999999967768e-01
3.350330000000099062e-01
1.689350000000047203e-01
2.172220000000208984e-01
3.135589999999979227e-01
1.981910000000084437e-01
1.733080000000200016e-01
3.195359999999709544e-01
1.827080000000194104e-01
1.961560000000019954e-01
3.178199999999549163e-01
1.915790000000185955e-01
1.761089999999683187e-01
3.262530000000367636e-01
1.876000000000033197e-01
2.011339999999961492e-01
3.138069999999686388e-01
2.018800000000169348e-01
1.698180000000206746e-01
3.247079999999584743e-01
1.946640000000172677e-01
1.907930000000135351e-01
3.220159999999907541e-01
1.943420000000344317e-01
1.816919999999981883e-01
3.291889999999568772e-01
1.745710000000428863e-01
1.993730000000084601e-01
3.232079999999371012e-01
1.956810000000075433e-01
1.655540000000144119e-01
3.257810000000063155e-01
1.999810000000081800e-01
1.860649999999850479e-01
3.121600000000057662e-01
1.898630000000025575e-01
2.173540000000002692e-01
2.326750000000004093e-01
2.264109999999845968e-01
2.357660000000123546e-01
1.348129999999798656e-01
1.686120000000244090e-01
1.874490000000150758e-01
3.326349999999536067e-01
1.532720000000438176e-01
1.796049999999809188e-01
9.006500000003825335e-02
7.994599999997831219e-02
1.640000000000156888e-01
1.809799999999768261e-01
1.715089999999861448e-01
1.975450000000193995e-01
3.435529999999573647e-01
4.204890000000318651e-01
2.953260000000170749e-01
1.976049999999816009e-01
1.827150000000017371e-01
1.757209999999815864e-01
1.468870000000208620e-01
1.942119999999931679e-01
8.969600000000355067e-02
9.411000000002900379e-02
3.198299999999676402e-01
1.914780000000178006e-01
1.860969999999895208e-01
3.351020000000062282e-01
1.705339999999750944e-01
2.200290000000109103e-01
3.209340000000224791e-01
1.929169999999942320e-01
1.891850000000090404e-01
3.119049999999674583e-01
1.747960000000148284e-01
2.084370000000035361e-01
3.232500000000015916e-01
1.857969999999795618e-01
1.885770000000093205e-01
3.362380000000371183e-01
1.712739999999541851e-01
2.269540000000063174e-01
2.977970000000311757e-01
1.967399999999770444e-01
1.919029999999963820e-01
3.124080000000049040e-01
1.900279999999838765e-01
1.850309999999808497e-01
1.624910000000170385e-01
1.607270000000085020e-01
1.925319999999999254e-01
1.894800000000032014e-01
3.396299999999996544e-01
1.726260000000081618e-01
2.111670000000174241e-01
3.152759999999545926e-01
1.824490000000196233e-01
1.854799999999841020e-01
3.256550000000402179e-01
1.761960000000044602e-01
1.845339999999850988e-01
3.243249999999875399e-01
7.224160000000097170e-01
5.093089999999733664e-01
3.379919999999856373e-01
7.997900000003710375e-02
9.614799999997103441e-02
1.554550000000745058e-01
1.877119999999194988e-01
1.932200000000534601e-01
2.109259999999721913e-01
7.935399999996661791e-02
3.807490000000370856e-01
1.206290000000080909e-01
3.238549999999804641e-01
8.521400000000767250e-02
2.809640000000399596e-01
1.697899999999776810e-01
1.739860000000135187e-01
1.727639999999723841e-01
1.717889999999897555e-01
1.659030000000143446e-01
2.238200000000460932e-01
1.205769999999120046e-01
3.233480000000668042e-01
7.953199999997195846e-02
1.800759999999854699e-01
9.047299999997449049e-02
7.668600000005199036e-02
1.349319999999920583e-01
8.240699999998923886e-02
6.476040000000011787e-01
3.340670000000045547e-01
1.517789999999763495e-01
2.060090000000514010e-01
3.157459999999900901e-01
1.854179999999701067e-01
1.830900000000497130e-01
3.301129999999830034e-01
7.485770000000115942e-01
3.314849999999864849e-01
1.541070000000104301e-01
3.188609999999698630e-01
2.010980000000017753e-01
1.536919999999781794e-01
1.658080000000268228e-01
1.629780000000096152e-01
1.874689999999645806e-01
8.103500000004260073e-02
8.075900000000046930e-02
1.835059999999657521e-01
8.140300000002298475e-02
8.827699999994820246e-02
1.831670000000258369e-01
8.214400000002797242e-02
6.423340000000052896e-01
1.512369999999805259e-01
1.577469999999721040e-01
1.916410000000610125e-01
1.807739999999284919e-01
3.222770000000423352e-01
1.916400000000066939e-01
1.783449999999788815e-01
3.217030000000136170e-01
7.583449999999629654e-01
3.611560000000508808e-01
5.031859999999710453e-01
1.732979999999884058e-01
1.779420000000300206e-01
1.590869999999995343e-01
1.781060000000138643e-01
9.469399999994720929e-02
7.773000000003094101e-02
1.784380000000282962e-01
1.703249999999911779e-01
3.741830000000163636e-01
8.086999999994759492e-02
6.223310000000310538e-01
1.675409999999715183e-01
3.498250000000098225e-01
1.859640000000126747e-01
3.484879999999748179e-01
1.517790000000331929e-01
2.127899999999840475e-01
3.138959999999997308e-01
7.253740000000448163e-01
3.647169999999846368e-01
1.606899999999882311e-01
1.654209999999807224e-01
1.992539999999962674e-01
1.572130000000129257e-01
1.761629999999740903e-01
3.463140000000066721e-01
7.563799999996945189e-02
9.771800000004304820e-02
1.789079999999785286e-01
1.591549999999983811e-01
1.874300000000630462e-01
1.824839999999881002e-01
3.514869999999632455e-01
1.761810000000423315e-01
2.043170000000031905e-01
3.079899999999611282e-01
2.008690000000115106e-01
1.813740000000052532e-01
3.223279999999704160e-01
1.815940000000182408e-01
1.821790000000191867e-01
3.409189999999853171e-01
1.865809999999896718e-01
1.881180000000313157e-01
3.361689999999839529e-01
1.677040000000147302e-01
2.169910000000072614e-01
1.663949999999658758e-01
1.470439999999939573e-01
1.956959999999980937e-01
1.872419999999692664e-01
3.206080000000497421e-01
2.013599999999655665e-01
1.850950000000466389e-01
1.645479999999679421e-01
1.516290000000140026e-01
1.953090000000088367e-01
1.883529999999495885e-01
3.268130000000724067e-01
1.648369999999204083e-01
2.143990000000712826e-01
3.260109999999372121e-01
1.945330000000353721e-01
1.857180000000084874e-01
3.270440000000007785e-01
1.743319999999926040e-01
2.068749999999681677e-01
3.129920000000083746e-01
1.879130000000373002e-01
2.013609999999630418e-01
3.190420000000244727e-01
1.538400000000024193e-01
2.187500000000000000e-01
3.276890000000207692e-01
1.998989999999594147e-01
1.750140000000328655e-01
3.292149999999764987e-01
1.969179999999823849e-01
1.776080000000206383e-01
3.308449999999538704e-01
1.925360000000750915e-01
1.883739999999534120e-01
3.244530000000054315e-01
1.639119999999820720e-01
2.061720000000377695e-01
3.237389999999891188e-01
2.033400000000256114e-01
1.772179999999821121e-01
3.027079999999955362e-01
2.022610000000213404e-01
1.905299999999670035e-01
3.225380000000086511e-01
1.981360000000336186e-01
1.773359999999684078e-01
3.479609999999979664e-01
1.758930000000304972e-01
2.064419999999813626e-01
3.213450000000079854e-01
2.018349999999600186e-01
1.802930000000060318e-01
3.271740000000136206e-01
1.877400000000193359e-01
1.951770000000010441e-01
3.155119999999556057e-01
1.914540000000215514e-01
1.898140000000125838e-01
3.299279999999953361e-01
1.691950000000019827e-01
2.043850000000020373e-01
3.312730000000101427e-01
1.861870000000180880e-01
1.816519999999854917e-01
3.302580000000148175e-01
1.915609999999787760e-01
2.032130000000051950e-01
3.114780000000223481e-01
1.926769999999464744e-01
2.160320000000410801e-01
2.417169999999941865e-01
2.310289999999781685e-01
2.414400000000114233e-01
1.149249999999710781e-01
1.724189999999907741e-01
1.906440000000202417e-01
3.471930000000043037e-01
1.533089999999788233e-01
1.725790000000415603e-01
1.936729999999897700e-01
1.606689999999844076e-01
1.739840000000185682e-01
1.681719999999700121e-01
1.821170000000051914e-01
3.591850000000249565e-01
4.083399999999528518e-01
3.055600000000140426e-01
2.034400000000005093e-01
1.733849999999961256e-01
3.414750000000026375e-01
1.807450000000585533e-01
1.745349999999916690e-01
1.755440000000021428e-01
1.648189999999658539e-01
1.910009999999715546e-01
1.818490000000565487e-01
3.340099999999779357e-01
2.020150000000171531e-01
1.883689999999660358e-01
3.224120000000425534e-01
1.990219999999567335e-01
1.804890000000227701e-01
3.328510000000051150e-01
1.848509999999805586e-01
1.805009999999924730e-01
3.284909999999854335e-01
1.952340000000276632e-01
1.694320000000288928e-01
3.497229999999831307e-01
1.647399999999947795e-01
2.117240000000037980e-01
1.570399999999949614e-01
1.748390000000199507e-01
1.855089999999677275e-01
1.827959999999961838e-01
1.334509999999795582e-01
1.132580000000302789e-01
8.684299999998756903e-02
1.871350000000120417e-01
7.710300000002234810e-02
1.072879999999827305e-01
1.323309999999651154e-01
1.887950000000273576e-01
1.107059999999933098e-01
1.222910000000183572e-01
1.335760000000050240e-01
2.584370000000149048e-01
8.122099999997089981e-02
1.679230000000302425e-01
9.050200000001495937e-02
1.593790000000012697e-01
8.304969999999229913e-01
9.478300000000672298e-02
4.594010000000707805e-01
