2.011879999999992563e-01
3.027070000000007255e-01
1.747749999999994586e-01
1.792350000000002552e-01
3.263609999999994571e-01
3.078900000000004411e-01
1.655620000000004310e-01
1.588629999999993103e-01
1.753489999999997551e-01
3.377540000000012199e-01
1.676069999999993954e-01
1.615589999999995641e-01
1.703570000000009799e-01
1.823199999999989274e-01
1.556610000000002714e-01
1.624440000000006989e-01
1.636319999999988895e-01
1.717710000000014503e-01
1.558239999999990744e-01
1.626239999999992136e-01
1.765710000000009217e-01
3.256669999999992626e-01
1.689690000000005909e-01
3.454649999999990229e-01
3.383760000000020085e-01
1.604019999999994894e-01
1.874070000000003233e-01
1.530119999999985936e-01
1.667900000000006600e-01
1.787170000000006809e-01
1.650989999999996627e-01
1.662049999999997141e-01
1.568660000000008381e-01
1.769729999999984926e-01
1.736240000000002226e-01
1.675280000000007874e-01
1.593009999999992488e-01
5.190590000000003812e-01
1.595370000000002619e-01
1.827649999999998442e-01
1.708719999999992467e-01
1.644740000000020075e-01
1.573469999999996816e-01
1.743829999999988445e-01
3.316780000000001394e-01
1.627930000000006316e-01
1.881459999999997024e-01
3.297540000000012128e-01
1.595669999999973498e-01
3.683589999999998810e-01
1.551220000000004262e-01
1.602670000000010475e-01
1.806039999999988765e-01
1.639719999999993405e-01
1.604060000000000485e-01
1.646770000000010725e-01
1.731510000000024974e-01
3.421859999999981028e-01
1.580790000000007467e-01
1.858439999999994541e-01
1.679609999999982506e-01
1.614350000000008833e-01
1.644840000000016289e-01
1.906329999999982761e-01
3.368700000000011130e-01
1.548450000000016757e-01
1.823919999999965569e-01
1.818360000000005527e-01
1.419640000000015334e-01
3.440359999999991203e-01
3.198919999999993991e-01
1.707940000000007785e-01
3.563279999999977576e-01
1.459850000000031400e-01
1.601320000000008292e-01
1.616699999999973159e-01
8.777900000000116165e-02
9.511400000000236332e-02
3.411109999999979436e-01
1.844989999999988584e-01
1.634880000000009659e-01
1.638669999999997628e-01
1.656290000000026907e-01
1.803219999999967627e-01
3.433750000000017621e-01
1.592500000000001137e-01
1.798659999999969727e-01
1.612390000000019086e-01
1.545689999999986242e-01
1.669049999999998590e-01
5.321610000000021046e-01
1.513369999999980564e-01
1.766949999999987142e-01
1.937790000000028101e-01
1.428909999999987690e-01
1.710470000000015034e-01
1.843539999999990187e-01
3.485119999999994889e-01
1.528589999999994120e-01
1.835480000000018208e-01
3.244199999999999307e-01
1.668319999999994252e-01
4.337130000000009034e-01
1.295619999999999550e-01
1.070899999999994634e-01
1.837869999999988124e-01
1.601270000000027949e-01
1.650439999999981922e-01
3.222060000000013247e-01
1.872749999999996362e-01
1.574679999999979430e-01
1.550679999999999836e-01
1.826760000000007267e-01
1.718539999999997292e-01
1.498470000000011737e-01
1.643099999999968475e-01
1.930170000000011044e-01
3.199040000000010764e-01
1.648430000000011830e-01
1.755449999999996180e-01
1.960930000000011830e-01
1.282330000000015957e-01
3.440279999999944494e-01
3.367340000000034195e-01
1.560169999999985180e-01
1.792909999999992010e-01
2.320809999999973172e-01
1.016050000000063847e-01
1.683880000000002042e-01
1.721059999999994261e-01
3.363969999999980587e-01
1.705460000000016407e-01
1.829630000000008749e-01
1.742659999999958131e-01
1.637190000000003920e-01
1.696960000000053981e-01
1.726439999999982433e-01
1.895179999999996312e-01
1.653950000000037335e-01
1.546629999999922234e-01
1.717510000000004311e-01
1.716480000000046857e-01
1.620179999999962206e-01
1.621060000000014156e-01
1.797539999999955285e-01
3.397520000000042728e-01
1.568789999999964380e-01
1.897110000000026275e-01
2.070330000000026871e-01
1.268150000000005662e-01
1.642950000000027444e-01
2.021079999999955135e-01
3.504100000000036630e-01
1.498849999999976035e-01
1.838779999999999859e-01
3.258329999999958204e-01
1.649929999999955044e-01
1.759500000000002728e-01
8.560700000000309728e-02
9.429599999999993543e-02
1.591990000000009786e-01
1.617220000000045843e-01
1.809429999999991878e-01
1.741549999999989495e-01
1.634900000000030218e-01
1.728139999999953602e-01
1.512850000000014461e-01
2.053879999999992378e-01
1.358850000000018099e-01
1.601210000000037326e-01
1.575349999999957618e-01
1.921289999999942211e-01
1.419770000000042387e-01
1.790939999999991983e-01
1.602700000000041314e-01
1.744799999999955276e-01
1.729580000000012774e-01
1.574549999999987904e-01
1.791160000000004970e-01
1.751800000000045543e-01
1.540559999999970842e-01
3.434250000000034220e-01
1.965649999999925512e-01
1.460550000000040427e-01
1.592120000000036839e-01
1.546559999999956858e-01
1.844040000000006785e-01
8.134400000000141517e-02
7.878599999999380543e-02
1.665100000000094838e-01
1.497659999999925162e-01
1.980659999999971888e-01
1.616040000000040777e-01
1.574570000000008463e-01
1.906919999999985293e-01
3.269939999999991187e-01
1.673430000000024620e-01
1.686249999999986926e-01
3.480300000000013938e-01
1.503049999999959141e-01
1.799110000000041509e-01
3.379539999999963129e-01
1.653710000000074842e-01
1.795940000000015857e-01
3.396189999999990050e-01
1.620729999999923621e-01
1.865630000000066957e-01
1.937349999999966599e-01
1.374609999999947263e-01
1.813950000000019713e-01
1.886290000000059308e-01
3.489689999999967540e-01
1.531430000000000291e-01
1.858500000000020691e-01
2.116040000000012355e-01
1.146999999999991360e-01
1.617509999999953152e-01
1.765230000000030941e-01
3.345999999999946795e-01
1.613130000000069231e-01
1.828639999999950305e-01
2.084870000000051959e-01
1.369469999999921583e-01
1.474130000000002383e-01
2.658040000000099212e-01
1.058439999999976067e-01
3.244849999999956935e-01
7.885499999999723286e-02
6.185250000000053205e-01
5.629029999999985989e-01
1.608119999999999550e-01
4.981369999999998299e-01
1.512519999999994980e-01
1.958809999999999718e-01
3.387239999999991369e-01
1.513649999999984175e-01
1.807700000000025398e-01
3.339259999999981687e-01
1.584720000000032769e-01
1.859690000000000509e-01
3.401490000000038094e-01
1.544530000000037262e-01
1.830629999999970892e-01
1.822169999999943002e-01
1.599539999999990414e-01
1.577819999999974243e-01
1.940370000000015693e-01
1.715800000000058390e-01
1.732939999999913994e-01
1.518650000000008049e-01
1.843240000000037071e-01
1.768239999999963175e-01
1.619040000000069313e-01
1.565889999999967586e-01
1.878790000000023497e-01
1.809630000000055361e-01
1.740479999999990923e-01
1.562349999999952388e-01
1.870219999999989113e-01
3.276430000000019049e-01
1.588640000000012265e-01
1.857919999999921856e-01
3.498810000000034393e-01
1.464539999999985298e-01
1.760880000000000223e-01
3.420490000000100395e-01
1.576589999999953307e-01
1.842989999999957718e-01
1.781630000000049563e-01
1.624079999999921142e-01
1.664379999999994197e-01
1.822010000000062746e-01
1.890959999999921592e-01
1.340730000000149857e-01
1.586959999999919546e-01
1.910689999999988231e-01
3.413299999999992451e-01
1.544500000000041950e-01
1.885209999999943875e-01
3.296970000000101209e-01
1.556549999999887746e-01
1.832599999999970919e-01
1.509530000000083305e-01
1.924410000000023047e-01
1.479699999999937177e-01
1.766469999999955576e-01
3.293320000000079517e-01
1.534150000000025216e-01
1.842029999999894585e-01
3.471090000000103259e-01
1.553979999999981487e-01
1.822929999999942652e-01
3.322130000000029781e-01
1.606790000000017926e-01
1.782019999999988613e-01
3.482950000000002433e-01
1.474290000000024747e-01
1.733439999999859538e-01
3.392200000000116233e-01
1.532059999999972888e-01
1.876540000000090913e-01
3.433599999999898955e-01
1.506509999999963156e-01
1.892880000000047858e-01
1.771710000000012997e-01
1.150350000000059936e-01
2.033289999999965403e-01
1.818700000000035288e-01
8.034099999999000374e-02
2.650440000000031660e-01
1.649699999999967304e-01
1.772870000000068558e-01
3.265989999999874271e-01
1.564900000000051250e-01
1.868120000000033087e-01
3.370409999999992579e-01
1.579900000000122873e-01
1.903769999999980200e-01
1.807289999999852625e-01
3.113950000000045293e-01
1.808530000000132532e-01
3.468049999999891497e-01
1.849239999999952033e-01
1.588410000000095579e-01
3.450780000000008840e-01
1.614319999999906941e-01
1.866860000000087894e-01
3.463109999999858246e-01
1.571040000000039072e-01
1.802510000000125956e-01
3.463390000000003965e-01
1.565859999999901220e-01
1.844150000000013279e-01
3.450160000000010996e-01
1.698200000000014143e-01
1.813170000000070559e-01
1.769339999999886004e-01
1.688539999999960628e-01
1.597830000000044492e-01
1.889990000000096870e-01
3.537829999999928532e-01
1.596349999999944203e-01
1.811220000000162145e-01
2.255279999999828533e-01
1.215430000000026212e-01
1.500470000000007076e-01
1.837050000000033378e-01
3.382059999999995625e-01
1.624249999999989313e-01
3.615910000000042146e-01
1.558369999999911215e-01
1.601940000000041664e-01
1.806390000000135387e-01
3.404269999999911533e-01
1.549689999999941392e-01
1.775489999999990687e-01
2.023610000000104492e-01
1.437939999999997553e-01
1.589649999999949159e-01
1.819850000000116097e-01
1.678849999999982856e-01
1.686019999999928132e-01
1.480200000000024829e-01
1.769790000000028840e-01
3.527489999999886550e-01
1.601339999999993324e-01
1.844310000000035643e-01
2.115149999999914598e-01
1.248860000000036052e-01
1.524160000000023274e-01
1.753160000000093532e-01
3.518099999999861893e-01
1.636629999999996699e-01
3.546240000000011605e-01
3.296890000000018972e-01
1.937800000000038381e-01
3.405360000000001719e-01
1.599179999999904567e-01
1.880710000000078708e-01
3.557959999999980027e-01
1.561179999999922074e-01
1.860890000000097189e-01
1.960550000000012005e-01
1.343910000000079208e-01
1.620769999999964739e-01
1.847339999999917382e-01
3.467420000000061009e-01
1.582749999999890633e-01
1.852910000000065338e-01
2.374910000000056698e-01
1.015230000000002519e-01
1.623739999999997963e-01
1.885839999999916472e-01
3.458640000000059445e-01
1.493559999999973797e-01
1.844980000000049358e-01
3.409109999999913043e-01
1.616390000000080818e-01
1.847459999999898628e-01
3.427920000000028722e-01
1.624800000000163891e-01
1.811679999999853408e-01
1.801790000000096370e-01
1.575689999999951851e-01
1.592249999999921783e-01
1.870570000000100208e-01
3.528069999999985384e-01
1.596380000000010568e-01
1.911790000000053169e-01
3.338959999999957518e-01
1.582039999999977908e-01
1.813010000000048194e-01
8.063799999999332613e-02
9.608500000000219643e-02
1.515160000000008722e-01
1.693159999999949150e-01
2.000820000000089749e-01
3.265099999999989677e-01
1.484699999999889997e-01
1.876170000000030313e-01
3.442900000000008731e-01
1.472150000000027603e-01
1.836759999999912907e-01
3.385980000000046175e-01
1.510279999999966094e-01
1.924210000000101672e-01
3.796779999999841948e-01
1.178480000000092787e-01
1.872180000000014388e-01
2.113590000000016289e-01
1.389690000000030068e-01
1.607599999999962392e-01
1.973449999999985494e-01
3.274639999999919837e-01
1.606910000000141281e-01
1.960839999999848260e-01
2.363080000000081782e-01
9.651800000000321234e-02
1.545789999999982456e-01
1.975430000000102382e-01
2.445329999999898973e-01
2.572079999999914435e-01
1.801980000000042992e-01
2.165899999999965075e-01
1.349160000000040327e-01
1.544140000000027158e-01
1.974469999999968195e-01
3.399390000000011014e-01
1.581209999999941829e-01
1.928869999999989204e-01
3.445490000000006603e-01
1.576640000000111286e-01
1.879840000000001510e-01
3.406669999999962783e-01
1.631859999999960564e-01
1.897050000000035652e-01
3.458349999999938973e-01
1.596100000000006958e-01
1.855019999999996116e-01
3.360330000000146811e-01
1.567249999999944521e-01
1.864289999999897418e-01
3.373230000000120299e-01
1.624829999999946040e-01
1.875750000000095952e-01
3.281909999999896854e-01
1.639460000000099171e-01
5.258419999999830452e-01
1.629270000000104801e-01
1.904340000000104283e-01
3.378079999999954453e-01
1.521269999999930178e-01
1.871620000000007167e-01
1.615000000000037517e-01
1.654809999999997672e-01
1.688399999999887768e-01
3.628940000000113741e-01
3.470980000000025711e-01
1.620139999999992142e-01
3.513209999999986621e-01
1.612599999999986267e-01
1.932609999999925776e-01
1.846390000000042164e-01
1.607620000000054006e-01
1.567569999999989250e-01
1.836909999999960519e-01
1.860089999999985366e-01
1.572220000000044138e-01
1.581109999999910087e-01
2.107790000000164810e-01
3.278339999999815291e-01
1.625690000000190594e-01
1.870679999999964593e-01
1.846050000000047930e-01
1.566979999999915663e-01
1.599939999999975271e-01
1.973370000000045366e-01
3.576000000000050250e-01
1.495969999999999800e-01
1.710250000000002046e-01
1.962389999999913925e-01
1.488939999999843167e-01
1.606740000000002055e-01
1.871820000000070650e-01
8.459100000001740227e-02
9.708899999998266139e-02
1.510730000000108930e-01
1.707049999999981083e-01
1.004259999999987940e-01
9.989900000000773161e-02
3.202149999999903685e-01
1.898370000000113578e-01
1.487889999999794099e-01
3.618340000000159762e-01
1.569209999999969796e-01
1.791769999999957008e-01
1.712179999999960955e-01
1.703180000000230621e-01
1.660269999999712809e-01
1.780750000000068667e-01
1.645579999999995380e-01
1.637830000000093378e-01
1.724980000000044811e-01
1.784329999999982874e-01
1.913949999999999818e-01
1.582639999999884139e-01
1.686800000000090449e-01
1.619949999999903412e-01
3.550560000000047012e-01
1.590580000000016980e-01
1.889270000000067284e-01
2.664510000000035461e-01
7.757499999999595275e-02
1.690719999999998890e-01
1.735349999999868942e-01
3.433749999999946567e-01
1.699170000000265190e-01
1.851719999999943411e-01
3.460719999999923857e-01
1.654699999999991178e-01
1.837040000000058626e-01
1.915050000000064756e-01
1.600139999999896645e-01
1.533560000000022683e-01
1.888059999999995853e-01
1.757939999999962311e-01
1.644800000000117279e-01
1.551639999999849806e-01
1.978679999999997108e-01
1.864139999999991915e-01
1.535429999999990969e-01
1.728130000000192013e-01
3.807289999999738939e-01
1.597950000000167847e-01
1.717669999999884567e-01
1.821950000000072123e-01
1.962529999999986785e-01
1.575950000000005957e-01
1.540920000000056689e-01
1.878999999999990678e-01
2.129240000000010014e-01
1.159859999999923730e-01
1.636169999999879110e-01
1.825100000000077216e-01
3.447780000000051359e-01
1.700639999999964402e-01
1.888270000000034088e-01
1.852229999999934762e-01
1.391780000000011341e-01
1.101719999999914990e-01
2.271180000000185828e-01
1.850409999999982347e-01
1.611679999999893198e-01
1.680479999999988650e-01
1.706670000000229948e-01
1.900419999999911624e-01
1.509009999999904039e-01
1.692919999999986658e-01
1.715660000000127638e-01
3.244689999999934571e-01
1.739419999999967104e-01
1.910350000000136106e-01
3.379179999999877282e-01
1.727949999999935926e-01
1.743070000000130904e-01
1.829070000000001528e-01
1.580040000000053624e-01
1.629719999999963420e-01
1.904199999999889314e-01
1.703660000000013497e-01
1.669580000000081554e-01
7.814399999999466218e-02
9.057099999999707052e-02
1.365959999999972752e-01
1.114120000000013988e-01
1.059199999999975716e-01
3.524249999999966576e-01
1.757070000000169330e-01
1.778709999999961155e-01
1.647049999999978809e-01
1.730469999999968422e-01
1.806360000000069022e-01
1.876149999999938700e-01
1.630260000000021137e-01
1.597040000000049531e-01
1.742229999999977963e-01
1.852520000000055234e-01
1.651169999999950733e-01
1.640289999999993142e-01
5.391609999999786851e-01
1.575380000000166092e-01
1.888990000000063674e-01
1.943919999999934589e-01
1.446499999999986130e-01
1.845850000000126556e-01
1.629739999999912925e-01
8.287500000000136424e-02
1.051840000000083819e-01
1.545819999999764605e-01
1.622620000000267737e-01
1.769060000000024502e-01
7.866099999998255043e-02
9.686800000000062028e-02
2.435999999999864940e-01
8.594999999999686224e-02
1.900990000000035707e-01
1.795570000000168420e-01
1.623130000000116979e-01
1.613119999999810261e-01
1.871859999999969659e-01
3.484050000000138425e-01
1.649260000000083437e-01
1.470679999999902066e-01
1.008640000000013970e-01
1.062110000000018317e-01
1.598899999999900956e-01
1.420310000000029049e-01
7.167419999999822267e-01
7.020780000000002019e-01
5.375600000000133605e-01
1.551200000000108048e-01
1.927570000000002892e-01
3.414389999999798420e-01
1.572020000000122764e-01
1.901929999999936172e-01
1.842170000000180607e-01
1.670789999999726660e-01
1.609300000000075670e-01
1.817000000000064119e-01
3.600690000000099644e-01
1.548779999999680967e-01
1.947310000000186392e-01
3.339080000000080872e-01
1.670179999999845677e-01
1.875760000000070704e-01
3.438840000000027430e-01
1.679069999999853735e-01
1.926750000000083674e-01
3.281170000000201981e-01
1.640839999999741394e-01
1.819800000000100226e-01
3.565839999999980137e-01
1.555690000000140572e-01
1.865959999999802221e-01
3.375840000000209784e-01
1.682759999999916545e-01
1.868189999999856354e-01
3.436870000000169512e-01
1.589559999999892170e-01
1.806780000000003383e-01
1.842300000000136606e-01
1.664490000000000691e-01
1.513549999999952433e-01
1.897820000000081109e-01
3.395510000000001583e-01
1.714839999999924203e-01
1.846730000000036398e-01
3.343229999999834945e-01
1.702539999999999054e-01
1.906970000000001164e-01
3.479049999999972442e-01
1.654330000000072687e-01
1.843540000000132295e-01
1.841339999999718202e-01
1.548940000000413875e-01
1.705779999999776919e-01
1.806650000000047385e-01
1.900809999999921729e-01
1.524650000000065120e-01
1.644239999999967949e-01
1.799959999999884985e-01
3.518540000000029977e-01
1.689719999999965694e-01
1.846470000000124401e-01
3.379309999999975389e-01
1.676199999999994361e-01
1.893689999999992324e-01
1.816930000000240852e-01
1.508979999999837673e-01
1.550599999999917600e-01
1.934109999999975571e-01
1.722550000000069303e-01
1.612279999999941538e-01
1.663650000000131968e-01
2.009060000000033597e-01
3.198219999999878382e-01
1.717470000000105301e-01
1.862169999999707670e-01
3.424700000000200362e-01
1.689700000000016189e-01
1.835889999999835709e-01
3.362350000000162709e-01
1.619699999999966167e-01
1.874420000000043274e-01
1.650850000000048112e-01
1.713749999999834017e-01
1.603320000000110213e-01
1.912240000000053897e-01
3.347319999999740503e-01
1.662710000000231503e-01
1.866309999999771208e-01
3.414370000000133132e-01
1.628839999999911470e-01
1.910510000000158470e-01
1.850379999999915981e-01
1.522330000000238215e-01
1.585149999999941883e-01
1.892419999999788160e-01
1.846749999999985903e-01
1.748819999999966512e-01
1.608220000000244454e-01
1.782589999999970587e-01
1.908399999999801366e-01
1.521830000000079508e-01
1.663179999999897518e-01
1.945850000000177715e-01
1.793889999999862539e-01
1.557009999999934280e-01
1.710380000000384371e-01
1.782989999999813335e-01
2.066230000000075506e-01
1.306309999999939464e-01
1.600200000000029377e-01
1.885409999999865249e-01
1.887899999999831380e-01
1.672220000000379514e-01
1.580229999999858137e-01
1.933569999999917854e-01
3.357970000000136679e-01
1.600740000000087093e-01
1.890359999999873253e-01
3.454859999999939646e-01
1.635180000000104883e-01
1.869090000000142027e-01
1.828829999999754818e-01
1.546660000000201762e-01
1.674129999999820484e-01
1.855280000000050222e-01
1.811110000000155651e-01
1.369749999999783086e-01
1.790260000000216678e-01
1.950149999999837291e-01
3.329270000000121854e-01
1.701129999999864140e-01
1.902660000000082618e-01
1.826859999999896900e-01
1.510539999999878091e-01
1.627510000000143009e-01
1.871480000000076416e-01
2.202240000000017517e-01
1.189400000000091495e-01
7.716099999998959902e-02
8.472599999998919884e-02
1.841140000000223154e-01
7.887699999997721534e-02
1.004049999999949705e-01
1.552729999999939992e-01
1.618040000000178225e-01
1.834619999999915763e-01
3.391919999999970514e-01
1.635610000000156106e-01
1.913279999999701886e-01
3.417370000000232722e-01
1.596490000000017062e-01
1.791860000000156106e-01
1.803199999999947067e-01
1.650889999999947122e-01
1.674820000000067921e-01
3.693989999999871543e-01
3.473089999999956490e-01
2.067969999999945685e-01
1.545290000000250075e-01
1.593819999999652737e-01
1.645949999999913871e-01
1.917950000000416821e-01
3.436619999999663833e-01
1.618560000000286436e-01
1.827159999999707907e-01
1.812540000000240070e-01
1.645029999999962911e-01
1.557520000000067739e-01
2.108639999999866177e-01
3.355520000000069558e-01
1.547419999999988249e-01
1.909210000000030050e-01
1.800439999999809970e-01
1.735780000000204382e-01
1.600039999999864904e-01
1.933000000000220098e-01
3.493639999999800239e-01
1.513219999999932952e-01
1.812840000000051077e-01
3.386690000000101008e-01
1.634259999999869706e-01
2.036310000000014497e-01
7.901499999999828106e-02
9.564599999998790736e-02
1.599890000000243617e-01
1.471420000000023265e-01
1.901110000000016953e-01
2.251320000000021082e-01
1.235690000000033706e-01
1.176599999999723423e-01
2.183160000000157197e-01
7.894400000000700857e-02
2.287029999999958818e-01
2.039680000000032578e-01
1.792059999999935371e-01
3.267759999999952925e-01
1.644599999999911688e-01
1.910150000000214732e-01
3.448849999999765714e-01
1.640360000000100626e-01
1.913749999999936335e-01
1.833760000000097534e-01
1.506040000000155032e-01
1.670239999999978409e-01
1.779329999999959000e-01
3.546609999999930096e-01
1.537219999999877018e-01
1.903709999999989577e-01
3.324940000000253804e-01
1.587509999999952015e-01
2.410019999999803986e-01
1.416550000000142973e-01
1.620690000000024611e-01
1.613529999999911979e-01
1.881979999999998654e-01
3.399970000000109849e-01
1.684279999999773736e-01
1.704160000000172204e-01
7.956699999999727879e-02
1.115669999999795436e-01
1.680540000000121381e-01
1.570010000000081618e-01
1.769840000000044711e-01
1.886149999999986449e-01
1.547170000000051004e-01
1.706099999999821648e-01
1.801630000000216114e-01
3.546829999999943084e-01
1.580470000000104847e-01
2.104420000000004620e-01
1.826929999999720167e-01
1.436900000000207456e-01
1.755670000000009168e-01
1.755979999999794927e-01
3.462169999999957781e-01
1.630470000000059372e-01
1.934719999999856554e-01
3.289740000000449527e-01
1.733939999999734027e-01
1.836240000000088912e-01
3.539300000000196178e-01
1.373209999999858155e-01
2.000769999999931770e-01
1.952290000000118653e-01
1.593670000000031450e-01
1.712399999999831834e-01
1.816949999999906140e-01
1.800200000000131695e-01
1.634960000000091895e-01
1.612819999999999254e-01
1.851609999999936917e-01
1.648050000000012005e-01
1.683060000000011769e-01
1.724539999999876727e-01
1.907779999999945630e-01
3.424880000000030122e-01
1.774500000000216460e-01
1.847849999999766624e-01
1.852059999999937645e-01
1.564630000000306609e-01
1.752699999999833835e-01
1.737099999999998090e-01
1.804019999999866286e-01
1.636670000000322034e-01
1.580429999999921620e-01
1.887539999999887641e-01
2.216609999999832326e-01
1.229140000000086275e-01
1.673230000000103246e-01
1.871309999999937190e-01
2.071660000000008495e-01
1.391150000000038744e-01
1.596720000000004802e-01
1.823870000000056280e-01
2.563049999999975626e-01
9.481099999999287320e-02
1.634080000000039945e-01
1.899929999999869779e-01
3.546860000000151558e-01
1.581639999999993051e-01
1.919249999999976808e-01
3.326210000000173750e-01
1.665389999999717929e-01
1.939360000000078799e-01
3.515620000000012624e-01
1.603920000000016444e-01
5.254720000000077107e-01
3.427789999999788506e-01
9.135900000001129229e-02
9.821999999999775355e-02
1.549650000000042382e-01
1.661260000000197579e-01
1.677439999999990050e-01
1.678309999999783031e-01
1.639470000000073924e-01
1.794610000000034233e-01
1.867780000000038854e-01
1.800289999999904467e-01
2.170459999999820866e-01
1.214450000000226737e-01
3.798769999999933589e-01
1.553330000000130440e-01
1.642339999999933298e-01
1.806249999999920419e-01
2.106310000000064520e-01
1.329570000000046548e-01
1.681289999999933116e-01
1.708580000000097243e-01
1.938940000000002328e-01
1.631599999999764350e-01
1.658570000000167965e-01
7.267919999999890024e-01
3.751310000000103173e-01
1.552089999999850534e-01
1.640250000000094133e-01
1.914659999999912543e-01
1.883360000000209311e-01
1.557060000000092259e-01
1.651239999999916108e-01
1.733999999999866759e-01
1.845189999999945485e-01
1.608040000000130476e-01
1.648840000000006967e-01
1.871409999999968932e-01
2.104349999999897136e-01
1.438930000000198106e-01
1.675559999999904903e-01
1.840609999999855972e-01
2.122530000000040218e-01
1.280690000000106465e-01
1.646509999999921092e-01
1.951510000000098444e-01
1.837309999999945376e-01
1.615840000000048349e-01
1.665319999999894662e-01
1.805990000000008422e-01
2.099450000000047112e-01
1.304739999999924294e-01
1.659080000000017208e-01
1.881769999999960419e-01
1.914349999999842566e-01
1.657670000000166510e-01
1.626010000000235323e-01
1.939969999999959782e-01
2.122789999999952215e-01
1.382989999999892916e-01
1.621179999999924348e-01
1.926660000000026685e-01
1.813120000000196796e-01
1.680539999999837164e-01
1.682350000000099044e-01
1.750279999999975189e-01
1.815789999999992688e-01
1.644259999999917454e-01
1.595169999999939137e-01
1.878039999999998599e-01
1.949000000000182808e-01
1.540589999999895099e-01
1.677359999999907814e-01
1.900260000000173477e-01
1.976940000000126929e-01
1.417339999999853717e-01
1.651659999999992579e-01
1.940840000000036980e-01
1.889630000000011023e-01
1.507420000000081473e-01
1.657389999999736574e-01
1.894200000000125783e-01
1.842760000000112086e-01
1.658999999999934971e-01
1.658989999999960219e-01
1.871299999999962438e-01
1.861650000000167893e-01
1.672209999999836327e-01
1.602860000000134733e-01
1.825429999999812480e-01
2.138050000000077944e-01
1.360390000000109012e-01
1.715309999999874435e-01
1.916010000000198943e-01
1.994679999999675601e-01
1.462060000000064974e-01
1.685310000000299624e-01
1.769439999999917745e-01
1.819289999999966767e-01
1.695639999999798420e-01
1.639220000000136679e-01
1.896830000000022665e-01
1.857579999999927622e-01
1.674309999999934462e-01
1.649989999999945667e-01
1.753460000000188757e-01
2.272480000000030032e-01
1.237899999999854117e-01
1.653040000000203236e-01
1.906879999999659958e-01
2.009260000000097079e-01
1.470200000000261298e-01
1.663999999999816737e-01
1.742480000000057316e-01
2.036080000000026757e-01
1.590180000000032123e-01
1.624189999999998690e-01
1.880629999999712254e-01
1.837859999999977845e-01
1.604110000000389391e-01
1.704939999999908196e-01
1.867980000000102336e-01
1.889489999999511838e-01
1.463590000000465352e-01
1.634750000000053660e-01
1.916609999999820957e-01
1.989149999999995089e-01
1.574059999999803949e-01
1.596319999999877837e-01
1.778660000000229502e-01
1.833339999999736847e-01
1.663680000000340442e-01
1.630959999999959109e-01
1.907589999999856900e-01
1.896630000000243399e-01
1.579909999999813408e-01
1.686850000000106320e-01
1.869879999999852771e-01
1.804470000000151231e-01
1.613390000000265445e-01
1.614079999999944448e-01
1.902809999999703905e-01
2.008409999999969386e-01
1.394569999999930587e-01
1.665710000000331092e-01
1.763469999999927040e-01
2.093169999999702213e-01
1.579480000000046402e-01
1.656270000000006348e-01
3.632540000000119562e-01
1.810859999999934189e-01
1.457740000000171676e-01
3.832350000000133150e-01
1.496339999999634074e-01
1.614030000000354903e-01
1.960289999999531574e-01
1.899769999999989523e-01
1.602420000000392974e-01
1.671469999999715128e-01
1.803680000000156269e-01
1.841659999999762931e-01
1.612790000000074997e-01
1.665289999999970405e-01
1.871270000000038181e-01
2.020870000000059008e-01
1.500920000000007803e-01
1.661789999999996326e-01
1.803020000000117307e-01
1.788280000000099790e-01
1.645359999999982392e-01
1.672609999999963293e-01
1.893189999999833617e-01
1.860010000000329455e-01
1.604489999999714200e-01
1.655910000000062610e-01
1.874890000000277723e-01
1.834539999999833526e-01
1.665679999999838401e-01
1.634910000000218133e-01
1.910049999999614556e-01
2.116340000000320742e-01
1.447909999999694719e-01
1.693600000000117234e-01
1.888859999999965567e-01
2.460180000000207201e-01
1.054809999999974934e-01
1.688440000000070995e-01
1.927989999999795145e-01
1.940700000000106229e-01
1.558670000000006439e-01
1.675639999999987140e-01
1.763540000000034524e-01
1.895770000000140953e-01
1.626809999999920819e-01
1.724480000000028213e-01
1.893870000000106302e-01
1.904279999999687334e-01
1.595549999999832380e-01
1.680520000000171876e-01
1.762530000000310793e-01
1.957060000000012678e-01
1.661299999999812371e-01
1.586470000000019809e-01
1.966000000000178716e-01
1.974379999999769097e-01
1.491819999999961510e-01
1.652540000000044529e-01
1.816169999999885931e-01
1.825390000000197688e-01
1.671039999999948122e-01
1.728379999999845040e-01
5.600300000000402179e-01
1.574519999999779429e-01
1.712509999999838328e-01
2.003049999999859665e-01
1.563519999999982701e-01
1.652050000000429009e-01
1.954409999999597858e-01
1.711500000000114596e-01
1.598999999999932697e-01
1.596229999999820848e-01
1.833200000000374530e-01
1.852959999999939100e-01
1.581249999999840838e-01
1.625960000000077343e-01
1.965480000000070504e-01
1.945820000000253458e-01
1.545109999999851880e-01
1.689560000000085438e-01
1.836669999999855918e-01
1.810859999999934189e-01
1.588930000000061682e-01
1.670169999999870925e-01
1.988080000000138625e-01
1.940779999999904248e-01
1.422090000000366672e-01
1.673839999999700012e-01
1.844230000000095515e-01
1.861710000000016407e-01
1.562359999999785032e-01
1.622689999999806787e-01
1.947690000000363852e-01
1.969550000000026557e-01
1.511459999999829051e-01
1.715680000000077143e-01
1.905509999999992488e-01
1.919189999999844076e-01
1.540919999999914580e-01
1.710450000000207638e-01
1.876990000000375858e-01
1.917389999999556949e-01
1.484010000000068885e-01
1.673260000000027503e-01
1.881709999999827687e-01
1.820140000000094460e-01
1.523129999999923712e-01
1.676010000000189848e-01
1.871870000000228629e-01
1.863389999999753854e-01
1.563149999999779993e-01
1.692410000000279524e-01
1.911089999999830980e-01
2.163409999999998945e-01
1.155709999999885440e-01
1.775200000000438649e-01
1.981639999999913471e-01
1.912440000000117379e-01
1.457229999999754000e-01
1.688889999999787506e-01
1.796720000000107120e-01
1.764129999999966003e-01
1.675999999999930878e-01
1.602290000000152759e-01
1.911970000000167147e-01
1.970269999999914035e-01
1.480290000000081818e-01
1.639369999999757965e-01
1.901150000000200180e-01
2.114980000000059590e-01
1.294129999999995562e-01
1.651019999999903121e-01
2.014370000000269556e-01
1.908139999999605152e-01
1.516440000000045529e-01
1.616219999999941592e-01
1.864339999999913289e-01
1.889260000000376749e-01
1.586689999999748579e-01
1.643489999999871998e-01
1.943980000000067321e-01
1.912680000000079872e-01
1.579979999999920892e-01
1.701890000000219061e-01
1.837689999999838619e-01
1.993810000000166838e-01
1.406929999999704251e-01
1.647200000000168529e-01
1.956940000000031432e-01
1.832709999999906358e-01
1.552240000000324471e-01
1.640279999999734173e-01
1.867649999999798638e-01
2.092850000000225918e-01
1.272590000000093369e-01
1.636799999999993815e-01
1.907620000000065374e-01
1.855630000000019209e-01
1.685160000000109903e-01
1.720310000000040418e-01
1.804939999999817246e-01
1.805969999999774700e-01
1.609169999999835454e-01
1.657620000000292748e-01
1.866809999999929914e-01
3.364580000000216842e-01
1.593709999999930460e-01
1.802040000000033615e-01
1.880539999999939482e-01
1.595389999999667907e-01
1.634130000000482141e-01
1.839659999999696538e-01
1.816979999999830397e-01
1.851280000000201653e-01
1.631169999999997344e-01
1.954620000000204527e-01
1.780579999999929441e-01
1.605779999999867869e-01
1.756319999999789161e-01
1.974360000000388027e-01
3.585139999999569227e-01
1.643150000000446198e-01
1.854480000000080508e-01
1.778149999999811826e-01
1.559660000000064883e-01
1.621980000000178279e-01
1.912839999999675911e-01
1.826879999999846405e-01
1.778500000000065029e-01
1.596140000000048076e-01
1.883719999999868833e-01
2.072370000000205437e-01
1.522760000000289438e-01
1.637169999999912307e-01
1.933039999999834890e-01
1.959689999999909560e-01
1.537339999999858264e-01
1.695090000000334385e-01
1.772129999999947358e-01
1.868319999999812353e-01
1.560660000000098080e-01
1.679060000000163200e-01
1.844669999999837273e-01
1.879750000000228738e-01
1.662599999999940792e-01
1.671949999999640113e-01
1.961440000000038708e-01
2.249730000000056407e-01
1.182579999999973097e-01
1.613320000000442178e-01
1.978119999999421452e-01
1.954300000000444015e-01
1.580799999999840111e-01
1.664260000000297168e-01
1.792159999999682896e-01
1.839630000000340715e-01
1.576999999999770807e-01
1.615759999999966112e-01
1.925679999999942993e-01
1.808520000000157779e-01
1.725279999999713709e-01
1.650480000000129621e-01
1.784359999999765023e-01
2.022460000000023683e-01
1.621580000000051314e-01
1.697599999999965803e-01
1.788020000000187792e-01
1.921370000000024447e-01
1.577790000000049986e-01
1.675989999999956126e-01
1.770329999999944448e-01
1.816660000000069886e-01
1.592679999999973006e-01
1.633999999999673491e-01
3.606820000000539039e-01
1.817259999999691900e-01
1.706450000000359069e-01
1.862079999999650681e-01
1.764049999999883767e-01
1.754490000000146210e-01
1.659779999999955180e-01
1.426140000000373220e-01
8.717199999995273174e-02
9.636300000005348920e-02
1.555889999999635620e-01
1.884370000000217260e-01
1.925200000000018008e-01
2.800779999999463143e-01
4.552400000000034197e-01
4.705810000000383297e-01
4.690219999999953870e-01
3.202810000000226864e-01
3.464869999999677930e-01
1.783700000000294494e-01
3.526009999999359934e-01
1.704860000000394393e-01
1.798600000000192267e-01
1.590579999999590655e-01
1.815200000000345426e-01
3.337559999999939464e-01
4.175949999999488682e-01
1.079940000000760847e-01
1.739709999999945467e-01
1.841000000000008185e-01
1.847779999999374922e-01
1.706560000000081345e-01
1.712340000000267537e-01
1.789400000000114233e-01
2.021909999999706997e-01
1.558160000000157197e-01
1.627859999999827778e-01
5.526290000000244618e-01
1.605180000000245855e-01
1.884089999999787324e-01
1.933740000000057080e-01
1.540840000000116561e-01
1.613100000000144973e-01
1.852059999999937645e-01
1.599029999999856955e-01
1.051099999999678403e-01
1.145210000000247419e-01
9.842700000001514127e-02
1.146709999999870888e-01
1.181680000000255859e-01
1.171079999999165011e-01
1.027070000000662731e-01
1.213419999999700849e-01
1.188270000000102300e-01
1.667729999999778556e-01
1.840990000000033433e-01
3.380070000000046093e-01
1.709100000000489672e-01
2.005849999999327338e-01
1.612580000000320979e-01
1.617079999999759821e-01
1.915350000000444197e-01
1.796199999999430474e-01
1.633370000000127220e-01
1.641160000000354557e-01
1.724389999999971224e-01
1.961729999999874963e-01
1.655799999999771899e-01
1.597390000000586952e-01
5.583629999999857318e-01
1.569719999999961146e-01
1.933629999999766369e-01
2.251180000000090331e-01
1.314269999999737593e-01
1.696070000000418077e-01
1.773399999999583088e-01
1.857509999999820138e-01
3.289370000000531036e-01
1.765100000000074942e-01
1.832160000000158107e-01
1.896499999999718966e-01
1.703790000000253713e-01
3.548859999999649517e-01
3.436379999999985557e-01
3.678550000000200271e-01
1.643129999999928259e-01
1.619269999999914944e-01
1.826259999999706451e-01
1.925320000000283471e-01
1.533759999999801948e-01
1.726049999999759166e-01
1.728210000000558466e-01
1.926900000000273394e-01
1.556819999999561333e-01
1.734210000000189211e-01
5.556249999999636202e-01
1.566830000000436485e-01
1.907549999999673673e-01
1.945340000000328473e-01
1.500540000000114560e-01
1.682359999999789579e-01
1.984929999999849315e-01
1.785820000000057917e-01
1.615140000000110376e-01
1.656889999999862084e-01
1.808470000000284017e-01
1.837409999999977117e-01
1.552899999999795000e-01
1.658299999999712782e-01
1.868240000000582768e-01
1.835289999999645261e-01
1.743339999999875545e-01
1.647200000000452746e-01
1.876919999999699940e-01
2.230549999999880129e-01
1.260149999999953252e-01
1.641500000000064574e-01
2.007110000000125183e-01
2.005310000000122272e-01
1.443229999999857682e-01
1.686409999999796128e-01
1.784030000000598193e-01
1.915699999999560532e-01
1.604560000000105902e-01
1.635329999999726169e-01
1.941759999999703723e-01
1.836310000000480613e-01
1.739780000000337168e-01
1.725429999999619213e-01
1.726740000000290820e-01
1.915899999999624015e-01
1.587300000000482214e-01
1.626109999999698630e-01
2.010539999999991778e-01
1.977630000000090149e-01
1.534169999999903666e-01
1.683720000000334949e-01
1.820169999999734500e-01
1.859449999999469583e-01
1.604590000000598593e-01
1.638199999999869760e-01
1.939469999999801075e-01
2.029790000000275541e-01
1.481959999999844513e-01
1.646470000000022083e-01
1.752369999999814354e-01
1.997560000000362379e-01
1.589419999999677202e-01
1.645120000000019900e-01
1.953809999999975844e-01
1.865290000000072723e-01
1.565800000000194814e-01
1.741689999999493921e-01
1.775050000000533146e-01
1.855249999999841748e-01
1.659429999999701977e-01
1.608600000000137697e-01
1.865860000000338914e-01
2.197730000000319706e-01
1.432969999999613719e-01
1.626629999999522624e-01
1.837800000000697764e-01
1.964899999999829561e-01
1.549309999999763932e-01
1.654900000000338878e-01
2.001149999999825013e-01
1.893919999999980064e-01
1.587480000000027758e-01
1.666409999999700631e-01
1.843180000000188556e-01
1.820560000000455148e-01
1.602259999999660067e-01
1.635530000000358086e-01
1.910289999999577049e-01
1.935409999999819775e-01
1.677879999999731808e-01
1.650020000000154141e-01
1.728280000000381733e-01
2.010989999999992506e-01
1.483349999999745705e-01
1.631390000000010332e-01
1.984949999999798820e-01
1.919970000000148502e-01
1.529649999999946886e-01
1.618840000000432156e-01
1.823249999999916326e-01
1.874159999999847059e-01
1.534740000000169857e-01
1.666189999999687643e-01
1.964140000000611508e-01
1.980489999999690554e-01
1.599359999999592219e-01
1.667370000000119035e-01
1.816770000000360596e-01
2.244249999999965439e-01
1.316180000000031214e-01
1.671029999999973370e-01
2.011200000000030741e-01
2.020210000000020045e-01
1.434029999999779648e-01
1.662990000000377222e-01
1.792739999999639622e-01
1.880249999999819011e-01
1.545260000000325817e-01
1.724549999999567262e-01
1.931400000000280670e-01
1.927880000000072869e-01
1.585420000000112850e-01
1.715389999999956672e-01
1.828139999999507381e-01
1.907000000000493856e-01
1.582639999999742031e-01
1.689380000000255677e-01
1.979489999999941574e-01
1.817040000000247346e-01
1.614609999999743195e-01
1.738719999999602805e-01
1.744420000000559412e-01
1.856349999999338252e-01
1.601440000000593500e-01
1.700569999999856918e-01
1.927069999999844185e-01
2.385580000000118162e-01
1.124869999999873471e-01
1.709339999999883730e-01
1.771280000000388100e-01
3.518809999999916727e-01
1.657690000000116015e-01
1.931969999999978427e-01
1.892530000000078871e-01
1.552329999999528809e-01
1.599560000000224136e-01
1.808290000000170039e-01
1.861639999999624706e-01
1.548510000000078435e-01
1.707760000000462242e-01
1.934219999999982065e-01
3.643670000000156506e-01
1.585819999999671381e-01
1.862549999999600914e-01
2.373970000000440450e-01
1.179919999999583524e-01
1.677109999999970569e-01
2.006380000000262953e-01
1.936389999999619249e-01
1.610970000000406799e-01
1.710130000000162909e-01
1.801949999999692409e-01
1.823880000000031032e-01
1.600830000000428299e-01
1.640539999999646170e-01
1.906190000000265172e-01
1.962269999999648462e-01
1.659490000000118926e-01
1.659930000000144901e-01
1.833139999999957581e-01
2.157780000000002474e-01
1.373829999999998108e-01
1.643730000000118707e-01
1.991739999999708743e-01
1.958210000000235596e-01
1.588089999999624524e-01
1.666350000000420550e-01
1.793719999999439096e-01
1.836519999999950414e-01
1.533450000000584623e-01
1.703549999999722786e-01
1.928730000000200562e-01
1.864719999999806532e-01
1.737800000000220280e-01
1.659720000000106666e-01
1.811229999999568463e-01
1.905790000000138207e-01
1.558440000000018699e-01
1.729470000000219443e-01
1.877609999999663160e-01
2.041370000000597429e-01
1.104589999999348038e-01
1.088960000000156469e-01
1.177779999999870597e-01
1.326660000000288164e-01
1.052569999999946049e-01
1.041529999999966094e-01
1.138930000000186737e-01
1.013039999999705287e-01
1.155029999999896972e-01
1.100250000000073669e-01
1.184180000000196742e-01
1.321899999999800457e-01
2.620550000000321234e-01
2.558729999999513893e-01
2.322160000000508262e-01
7.780500000000074579e-01
7.517399999994722748e-02
4.959870000000137225e-01
4.094291999999995824e+00
8.682499999997617124e-02
