1.955260000000000886e-01
2.864149999999998641e-01
3.445759999999999934e-01
3.080360000000004206e-01
3.163339999999994490e-01
1.815889999999997784e-01
3.400569999999998316e-01
1.851190000000002556e-01
1.631441000000001473e+00
3.330259999999984899e-01
2.085609999999995523e-01
3.384090000000004039e-01
3.228770000000000806e-01
3.192550000000000665e-01
3.685120000000008389e-01
3.169639999999986912e-01
8.435490000000012145e-01
2.212800000000001432e-01
2.742349999999991184e-01
8.558909999999997353e-01
2.116940000000013811e-01
2.848380000000005907e-01
8.320179999999979259e-01
2.442290000000006955e-01
2.932100000000019691e-01
3.592799999999982674e-01
2.839589999999994063e-01
3.740170000000020423e-01
2.915529999999986188e-01
8.754009999999983194e-01
4.941420000000000812e-01
8.478190000000012105e-01
2.350999999999991985e-01
2.734990000000010468e-01
8.306719999999998549e-01
1.925950000000007378e-01
3.343440000000015289e-01
3.429029999999997358e-01
4.677059999999997331e-01
1.965630000000011535e-01
3.100829999999952236e-01
8.513020000000004472e-01
5.157210000000027605e-01
6.733539999999962333e-01
3.924010000000031084e-01
2.913339999999990937e-01
8.592329999999996915e-01
2.384829999999986683e-01
2.744160000000022137e-01
3.702709999999989066e-01
3.079339999999994859e-01
3.555950000000009936e-01
3.001789999999999736e-01
8.404589999999991790e-01
4.934830000000047789e-01
8.838609999999960110e-01
2.129359999999991260e-01
2.789450000000002206e-01
8.148310000000016373e-01
2.048969999999954439e-01
3.072690000000015687e-01
3.674309999999998411e-01
4.669160000000047717e-01
5.099719999999976494e-01
8.237570000000005166e-01
5.405249999999952593e-01
7.036950000000032901e-01
3.519950000000022783e-01
3.039339999999981501e-01
8.684740000000061855e-01
2.331049999999947886e-01
2.667659999999969500e-01
3.786389999999997258e-01
3.194289999999995189e-01
3.641119999999986590e-01
2.847660000000047376e-01
8.595820000000031769e-01
5.224279999999978941e-01
6.633959999999987645e-01
3.529380000000017503e-01
3.002940000000009491e-01
8.619769999999959964e-01
2.209439999999958104e-01
2.883550000000099089e-01
3.454019999999928814e-01
4.355670000000060327e-01
5.219779999999971665e-01
8.510869999999997049e-01
5.387600000000034584e-01
7.000699999999966394e-01
3.420470000000008781e-01
3.223739999999963857e-01
8.554050000000046339e-01
2.077479999999951588e-01
2.939199999999999591e-01
3.684009999999986462e-01
3.290840000000088139e-01
3.634509999999977481e-01
5.010579999999933420e-01
1.859900000000038744e-01
2.820109999999971251e-01
5.409210000000044261e-01
2.207030000000003156e-01
1.038657999999998083e+00
3.132439999999974134e-01
8.473990000000028999e-01
2.227689999999995507e-01
2.826990000000080272e-01
3.994129999999955771e-01
2.686089999999978772e-01
3.825590000000005375e-01
2.887320000000030973e-01
8.814569999999974925e-01
2.008599999999987062e-01
3.160349999999922943e-01
8.166879999999991924e-01
2.392330000000129075e-01
2.934689999999946508e-01
8.379560000000054742e-01
2.200629999999961228e-01
2.864279999999936877e-01
3.882850000000104274e-01
2.986229999999991946e-01
3.753119999999938727e-01
3.109819999999956508e-01
8.561410000000080345e-01
5.411229999999989104e-01
6.108599999999952956e-01
4.079540000000037026e-01
2.935329999999964912e-01
8.444999999999964757e-01
2.577610000000092327e-01
2.712809999999947763e-01
3.535430000000090445e-01
3.271480000000011046e-01
3.508459999999899992e-01
3.016930000000002110e-01
8.267870000000101527e-01
5.552949999999867714e-01
8.183050000000093860e-01
2.355129999999974189e-01
2.686209999999960019e-01
8.684660000000121727e-01
2.351219999999898391e-01
2.731560000000001764e-01
3.680949999999967304e-01
3.174089999999978318e-01
3.548630000000088103e-01
3.229649999999963939e-01
8.735790000000065447e-01
5.251339999999942165e-01
6.539270000000101390e-01
4.040109999999970114e-01
3.190809999999828506e-01
8.620740000000068903e-01
2.330050000000056798e-01
2.630949999999927513e-01
3.591540000000037480e-01
3.411669999999986658e-01
3.763919999999956190e-01
3.179570000000069285e-01
8.237909999999999400e-01
5.267529999999993606e-01
8.428070000000076334e-01
2.289490000000000691e-01
3.006259999999940646e-01
8.363999999999975898e-01
2.037779999999997926e-01
3.043759999999906540e-01
1.771650000000022374e-01
2.104710000000125092e-01
4.389379999999931670e-01
5.275879999999943948e-01
8.537810000000121136e-01
5.459539999999947213e-01
8.519170000000002574e-01
5.203360000000003538e-01
8.629850000000089949e-01
2.059699999999935471e-01
2.848270000000070468e-01
3.914479999999969095e-01
3.129259999999902675e-01
3.715860000000077434e-01
2.971769999999906986e-01
8.809360000000054924e-01
5.667949999999990496e-01
8.145439999999979364e-01
2.086420000000117625e-01
3.067539999999837619e-01
8.274040000000155715e-01
2.232749999999867896e-01
2.888130000000046493e-01
3.605510000000009541e-01
3.235059999999947422e-01
3.968440000000015289e-01
3.275919999999956644e-01
8.732250000000050250e-01
5.084370000000006939e-01
6.726610000000050604e-01
3.464629999999999654e-01
3.234190000000012333e-01
8.550419999999974152e-01
2.399779999999935853e-01
2.774310000000070886e-01
3.676520000000067512e-01
3.278329999999840538e-01
3.577280000000087057e-01
3.249189999999941847e-01
8.709759999999988622e-01
5.067870000000027630e-01
8.501410000000078071e-01
2.324399999999968713e-01
2.930520000000029768e-01
8.435189999999863630e-01
2.121290000000044529e-01
3.063910000000049649e-01
3.624049999999954252e-01
4.753719999999930224e-01
3.236120000000113350e-01
2.018290000000035889e-01
8.773709999999965703e-01
5.175009999999957699e-01
1.085206999999996924e+00
3.056200000000188766e-01
8.926689999999979364e-01
2.197859999999849379e-01
2.711970000000150094e-01
3.907489999999995689e-01
2.889440000000007558e-01
3.661959999999879756e-01
3.006649999999950751e-01
5.500320000000016307e-01
3.555500000000080263e-01
4.980989999999962947e-01
8.324610000000092214e-01
2.437909999999874344e-01
2.697739999999981819e-01
8.971600000000137243e-01
2.576679999999953452e-01
2.835679999999882739e-01
3.445350000000075852e-01
4.770129999999994652e-01
5.340190000000148984e-01
8.583209999999894535e-01
5.488579999999814163e-01
1.020801000000005843e+00
3.300640000000072405e-01
8.796960000000098034e-01
2.399319999999960373e-01
2.672939999999925931e-01
3.997050000000115233e-01
3.129739999999969768e-01
3.633540000000010650e-01
3.197149999999879810e-01
8.594460000000054833e-01
5.069969999999983656e-01
8.358910000000037144e-01
2.195639999999912106e-01
3.078280000000148675e-01
8.730719999999934089e-01
2.223749999999995453e-01
3.071130000000152904e-01
2.036189999999891143e-01
2.122169999999954371e-01
4.313800000000043156e-01
5.143899999999916872e-01
8.610650000000106274e-01
5.358489999999989095e-01
7.079959999999942966e-01
3.699689999999975498e-01
3.078849999999988540e-01
8.985810000000071796e-01
2.069490000000087093e-01
2.670959999999809042e-01
3.843020000000194614e-01
3.081549999999708689e-01
1.079963000000020656e+00
3.069439999999872271e-01
7.497570000000166601e-01
1.047786999999971158e+00
2.964400000000182445e-01
8.592540000000212785e-01
2.570309999999835782e-01
3.083190000000115560e-01
3.780549999999891497e-01
6.530589999999847350e-01
3.460120000000301843e-01
8.470359999999743650e-01
5.774989999999888823e-01
7.954060000000140462e-01
2.311219999999991614e-01
3.160540000000082728e-01
8.308209999999860429e-01
2.334780000000193922e-01
3.007979999999861320e-01
3.798030000000096607e-01
3.324109999999791398e-01
3.546140000000264081e-01
3.011840000000063355e-01
8.367509999999924730e-01
5.546579999999892152e-01
6.970410000000129003e-01
7.287460000000010041e-01
8.475510000000099353e-01
2.589319999999588617e-01
2.858430000000282689e-01
3.609299999999677766e-01
2.934460000000456148e-01
3.507149999999796819e-01
3.342810000000042692e-01
8.436129999999764095e-01
5.227670000000159689e-01
6.819260000000042510e-01
3.785500000000183718e-01
3.202699999999936153e-01
8.854889999999784322e-01
2.244699999999966167e-01
2.792200000000093496e-01
3.707480000000202836e-01
3.266009999999823776e-01
3.707859999999811862e-01
3.274970000000223536e-01
8.643209999999896809e-01
5.216860000000167474e-01
8.820429999999817028e-01
5.218000000000131422e-01
8.715870000000052187e-01
2.434669999999812262e-01
2.751590000000021519e-01
3.291900000000111959e-01
3.256859999999903721e-01
3.628160000000093532e-01
3.188769999999863103e-01
8.711189999999930933e-01
5.494930000000124437e-01
8.149569999999926040e-01
2.341710000000034597e-01
2.894710000000202399e-01
8.960289999999702104e-01
2.187300000000220734e-01
2.963189999999826796e-01
3.547920000000033269e-01
4.760210000000029140e-01
5.676159999999867978e-01
8.544290000000103191e-01
5.358600000000137697e-01
1.064557999999976801e+00
2.953730000000405198e-01
8.858209999999928641e-01
2.070649999999716329e-01
3.283480000000054133e-01
7.418350000000089040e-01
3.097219999999936135e-01
2.991379999999992378e-01
8.528190000000108739e-01
5.221029999999871052e-01
8.808329999999955362e-01
2.141210000000057789e-01
2.940499999999985903e-01
8.449520000000063646e-01
2.125000000000056843e-01
3.208050000000071122e-01
3.485340000000007876e-01
5.059339999999679094e-01
5.276210000000105538e-01
8.536119999999982610e-01
5.157210000000134187e-01
7.168159999999943466e-01
3.609670000000164691e-01
3.178529999999852862e-01
8.719809999999768024e-01
2.216180000000349537e-01
2.961599999999862121e-01
3.903850000000090859e-01
3.227090000000032433e-01
3.632529999999860593e-01
3.027350000000126329e-01
9.334120000000041273e-01
4.782039999999767588e-01
8.302730000000337895e-01
2.463299999999719603e-01
3.021990000000016607e-01
8.792400000000100135e-01
1.986269999999876745e-01
3.675549999999816464e-01
3.477900000000317959e-01
4.834949999999764714e-01
5.220620000000337768e-01
8.502849999999853026e-01
5.346999999999866304e-01
1.069990000000018426e+00
3.032809999999699357e-01
8.833610000000362561e-01
2.044869999999718857e-01
3.115380000000129712e-01
3.886260000000163473e-01
5.224679999999750635e-01
4.620570000000157052e-01
9.279029999999863776e-01
1.959540000000288273e-01
2.965959999999938645e-01
9.189159999999958472e-01
4.638080000000002201e-01
9.209019999999839001e-01
2.289990000000159398e-01
4.824599999999747979e-01
2.134190000000160126e-01
4.544589999999857355e-01
5.329610000000286618e-01
8.775149999999882766e-01
4.923819999999921038e-01
9.144939999999905922e-01
5.004230000000120526e-01
8.947640000000092186e-01
2.079479999999875872e-01
3.011679999999898882e-01
3.830980000000181462e-01
3.193949999999858846e-01
5.491860000000201580e-01
3.232359999999800948e-01
7.289130000000056953e-01
4.894989999999950214e-01
9.078240000000050713e-01
4.888120000000242271e-01
2.422179999999798383e-01
6.621339999999804604e-01
2.150290000000154578e-01
3.135949999999922966e-01
1.990340000000117016e-01
2.048790000000053624e-01
4.497989999999845168e-01
5.363399999999955980e-01
8.780710000000340187e-01
5.253669999999601714e-01
8.843870000000038090e-01
4.861480000000142354e-01
8.957479999999975462e-01
2.031910000000038963e-01
3.142259999999907905e-01
5.063179999999931624e-01
2.005560000000059517e-01
1.805610000000115178e-01
6.543209999999817228e-01
7.319660000000283162e-01
2.206290000000024065e-01
3.058219999999778338e-01
9.147159999999985303e-01
5.328540000000145938e-01
8.251569999999617266e-01
5.014530000000263499e-01
1.906029999999816482e-01
2.161510000000248510e-01
4.750209999999981392e-01
5.470430000000305881e-01
8.785789999999451538e-01
4.614880000000312066e-01
1.438997999999998001e+00
9.075509999999837873e-01
1.754850000000089949e-01
3.639069999999833271e-01
3.795660000000111722e-01
3.233779999999910615e-01
5.402130000000227028e-01
3.713449999999909323e-01
6.765280000000188920e-01
2.207270000000107757e-01
3.137249999999767169e-01
8.840670000000159234e-01
5.114209999999843603e-01
8.783359999999902357e-01
5.073530000000232576e-01
1.753580000000170003e-01
1.991999999999904958e-01
4.872169999999869106e-01
5.269590000000050622e-01
9.149029999999527263e-01
4.793590000000449436e-01
9.100819999999885113e-01
5.121729999999899974e-01
8.930620000000146774e-01
5.018520000000137316e-01
3.387680000000159453e-01
2.513089999999635893e-01
4.735650000000077853e-01
1.799139999999965767e-01
3.519159999999885713e-01
6.895120000000076743e-01
5.169060000000058608e-01
2.047330000000044947e-01
6.764660000000048967e-01
2.377829999999789834e-01
2.774479999999925894e-01
1.845800000000110686e-01
6.778920000000141499e-01
5.412979999999834035e-01
1.749920000000031450e-01
2.019300000000328055e-01
4.728469999999731499e-01
5.170820000000162509e-01
8.931139999999686552e-01
5.037149999999996908e-01
2.199150000000145155e-01
6.985129999999912798e-01
6.801180000000215387e-01
3.428559999999549746e-01
1.821100000000228647e-01
1.819629999999961001e-01
5.160050000000069303e-01
3.483769999999992706e-01
1.797860000000071068e-01
5.119700000000193540e-01
3.521089999999844622e-01
5.526740000000245345e-01
3.165629999999737265e-01
2.295370000000218624e-01
3.045009999999592765e-01
3.607200000000432283e-01
3.122299999999711417e-01
4.300859999999886440e-01
3.056200000000046657e-01
2.458650000000091040e-01
3.112720000000024356e-01
3.189069999999958327e-01
2.359940000000051441e-01
2.948260000000004766e-01
3.793900000000007822e-01
3.621390000000133114e-01
3.655750000000068667e-01
3.174679999999625579e-01
5.087149999999951433e-01
3.536070000000393065e-01
2.365679999999485972e-01
3.015800000000297132e-01
3.245569999999986521e-01
3.791559999999947195e-01
3.722689999999886368e-01
3.306240000000570944e-01
1.960969999999520041e-01
5.309189999999830434e-01
1.771780000000262589e-01
1.900850000000104956e-01
2.980349999999702959e-01
3.616489999999998872e-01
3.308969999999931133e-01
5.287579999999820757e-01
3.367050000000517684e-01
5.182730000000219661e-01
3.971369999999865286e-01
2.893289999999524298e-01
8.176930000000197651e-01
2.233820000000150685e-01
2.508760000000052059e-01
1.852539999999862630e-01
2.583030000000121618e-01
2.648120000000062646e-01
1.850779999999758729e-01
2.133499999999912689e-01
1.917470000000207619e-01
1.798220000000014807e-01
3.270520000000374239e-01
1.830199999999422289e-01
6.666109999999889624e-01
3.527100000000018554e-01
2.151870000000144501e-01
2.893710000000169202e-01
2.070299999999747342e-01
1.211459999999988213e+00
3.761130000000321161e-01
2.498079999999731626e-01
2.142260000000533182e-01
2.008759999999369938e-01
3.338110000000256150e-01
3.688900000000217005e-01
3.110939999999686734e-01
1.813920000000166510e-01
1.979729999999904066e-01
3.295990000000301734e-01
5.451489999999807878e-01
3.222180000000207656e-01
2.006499999999959982e-01
1.917839999999841893e-01
2.741280000000188011e-01
5.235260000000039327e-01
9.002600000000029468e-01
2.042219999999588254e-01
3.475480000000175096e-01
1.807759999999802858e-01
2.004459999999994579e-01
4.922569999999950596e-01
1.800440000000094187e-01
3.176150000000461660e-01
5.150369999999497850e-01
1.981769999999869469e-01
1.844560000000114997e-01
1.846189999999978681e-01
1.847410000000309083e-01
3.670529999999985193e-01
3.205099999999561078e-01
1.869450000000369982e-01
3.543200000000297223e-01
3.478319999999825995e-01
8.996339999999918291e-01
1.838639999999713837e-01
3.084010000000034779e-01
8.114600000000109503e-01
2.439660000000003492e-01
3.509310000000027685e-01
1.857310000000325090e-01
1.875559999999723004e-01
3.278839999999831889e-01
5.047650000000203363e-01
3.637959999999793581e-01
7.247610000000008768e-01
2.123080000000072687e-01
2.951180000000022119e-01
8.920580000000200016e-01
2.436149999999770444e-01
2.841080000000033579e-01
9.019690000000082364e-01
1.913000000000124601e-01
3.349399999999604916e-01
3.696740000000318105e-01
3.268800000000169348e-01
3.598020000000019536e-01
3.178689999999733118e-01
8.887500000000159162e-01
2.606059999999956744e-01
2.900149999999825923e-01
8.578330000000278233e-01
1.831249999999613465e-01
3.068979999999896791e-01
1.844550000000140244e-01
7.511640000000170403e-01
2.090019999999981337e-01
3.077690000000075088e-01
1.779310000000009495e-01
2.162870000000225446e-01
3.311909999999897991e-01
3.682489999999916108e-01
3.325120000000083564e-01
4.978380000000015571e-01
1.813189999999735846e-01
3.800539999999728025e-01
3.471710000000030050e-01
8.769220000000359505e-01
5.195540000000278269e-01
1.959039999999845350e-01
6.647449999999821557e-01
1.890950000000088949e-01
3.580499999999915417e-01
3.730089999999677275e-01
1.806580000000508335e-01
3.174029999999561369e-01
4.958040000000210057e-01
8.757889999999974862e-01
5.724979999999959546e-01
8.895150000000171531e-01
1.837729999999737629e-01
3.608689999999796783e-01
8.524820000000659093e-01
1.965089999999918291e-01
3.185879999999770007e-01
3.509950000000117143e-01
3.517190000000027794e-01
3.872279999999932443e-01
3.252960000000371110e-01
5.220049999999787360e-01
3.670490000000086184e-01
2.676409999999691536e-01
2.881409999999959837e-01
3.319510000000036598e-01
3.637650000000007822e-01
3.912240000000224427e-01
3.146629999999390748e-01
5.938930000000368636e-01
3.081169999999815445e-01
2.539110000000164291e-01
2.702459999999859974e-01
1.804460000000176478e-01
1.873110000000224318e-01
3.449489999999855172e-01
3.508049999999798274e-01
3.321620000000393702e-01
5.122969999999895663e-01
3.322979999999802203e-01
2.234290000000100918e-01
3.392699999999990723e-01
3.773419999999987340e-01
2.464569999999639549e-01
2.465030000000751897e-01
2.455759999999713727e-01
7.160489999999981592e-01
5.701859999999783213e-01
