1.881889999999994956e-01
3.013849999999997920e-01
1.659290000000002152e-01
1.820319999999995275e-01
3.179400000000001114e-01
3.223020000000005325e-01
1.876720000000000610e-01
1.385849999999990700e-01
1.875240000000006901e-01
5.209690000000009036e-01
3.052659999999987051e-01
2.391940000000003508e-01
2.587659999999996074e-01
1.985710000000011632e-01
4.566920000000003199e-01
1.721589999999988407e-01
1.976169999999992655e-01
3.700527000000001010e+00
7.414928000000001518e+00
3.463940000000000907e-01
5.938840999999996484e+00
4.240348000000004447e+00
7.813109999999987565e-01
1.743669999999966080e-01
5.449573000000004441e+00
3.574369999999973402e-01
2.170620999999997025e+00
5.085869999999985680e-01
9.187578000000002021e+00
3.417110000000000980e+00
5.644980000000003884e+00
4.921539999999922088e-01
3.713410000000010314e-01
3.005868000000006646e+00
4.062935999999993442e+00
2.025990000000064128e-01
2.692922999999993294e+00
2.762833000000000538e+00
8.557580000000086784e-01
2.391680999999991286e+00
3.629630000000076961e-01
4.748716999999999189e+00
5.084540000000004056e-01
1.633008000000003790e+00
3.981539999999910151e-01
1.014799999999951297e-01
2.688806000000013796e+00
3.486929999999830443e-01
1.610940000000198324e-01
4.404299999999921056e-01
2.277080000000069049e-01
2.386409999999870024e-01
2.032679999999999154e+00
3.049979999999976599e-01
4.366540000000043165e-01
2.830210000000050741e-01
1.552537999999998419e+00
1.527519999999924494e-01
2.626750000000015461e-01
2.276460000000071204e-01
2.197050000000047021e-01
1.032765999999995188e+00
1.708429999999907523e-01
1.839380000000119253e-01
5.290869999999898710e-01
5.116359999999957608e-01
1.655840000000097234e-01
1.474620000000044229e-01
1.553059999999959473e-01
1.656080000000059727e-01
1.914049999999889451e-01
1.965160000000025775e-01
2.514299999999991542e-01
1.803820000000087020e-01
2.600569999999891024e-01
2.751320000000134769e-01
2.053020000000032041e-01
2.258579999999881238e-01
2.563339999999953989e-01
1.424931000000015047e+00
1.346809999999862839e-01
3.056060000000115906e-01
2.456325999999990017e+00
3.819271000000014737e+00
4.964166999999989116e+00
5.360619999999869378e-01
6.974073000000004185e+00
2.381160000000193122e-01
2.282849999999854163e-01
8.848009999999959518e-01
2.504130000000088785e-01
2.305889999999948259e-01
1.686510000000012610e+00
1.755320000000040181e-01
2.322645999999991773e+00
1.186780000000027258e-01
6.916002000000005978e+00
3.505269999999711672e-01
9.189343000000008033e+00
5.080609999999978754e-01
5.034577000000012958e+00
3.323289999999872180e-01
1.024279799999999341e+01
2.595330000000330983e-01
2.132009999999979755e-01
3.358749999999872671e-01
1.789329999999722531e-01
2.759321000000028334e+00
2.450709999999986621e+00
5.559560000000004720e+00
1.599780000000237123e-01
3.372039999999856263e-01
2.253359999999986485e-01
1.363409999999873889e-01
1.563890000000185410e-01
1.168330000000139535e-01
1.319849999999860302e-01
1.393300000000010641e-01
1.654079999999851225e-01
1.831150000000150158e-01
1.997719999999958418e-01
2.910310000000038144e-01
1.460600000000056298e-01
1.983469999999840638e-01
2.582639999999969405e-01
2.432300000000111595e-01
2.007419999999910942e-01
1.954660000000103537e-01
2.340690000000051896e-01
3.096299999999985175e-01
3.672239999999931115e-01
6.356309999999893989e-01
1.041290000000003602e-01
6.286180000000172186e-01
6.503559999999879437e-01
3.205130000000053769e-01
1.113949999999874763e-01
2.238080000000195469e-01
1.785839999999723204e-01
2.290729999999996380e-01
1.512846000000024560e+00
8.594669999999950960e-01
1.496980000000007749e-01
1.671659999999803858e-01
1.750420000000190157e-01
1.781929999999931624e-01
1.592080000000066775e-01
1.910789999999735755e-01
1.733260000000029777e-01
1.790680000000293148e-01
1.816269999999917673e-01
1.860829999999964457e-01
2.661999999999977717e-01
2.090340000000026066e-01
2.400560000000098171e-01
2.868660000000033961e-01
1.503179999999701977e-01
2.104600000000118598e-01
2.615250000000060027e-01
2.264859999999941920e-01
2.109200000000157615e-01
2.587639999999851170e-01
1.576890000000048531e-01
1.511920000000088748e-01
1.739699999999970714e-01
1.566140000000189048e-01
1.613519999999653010e-01
1.535000000000081855e-01
1.614900000000147884e-01
1.781899999999723150e-01
1.771890000000269083e-01
2.497379999999793654e-01
3.049220000000048003e-01
2.334539999999947213e-01
2.178840000000263899e-01
7.541559999999947195e-01
2.498769999999694846e-01
2.464550000000258478e-01
2.189630000000022392e-01
1.188200999999992291e+00
1.379164000000002943e+00
1.854380000000048767e-01
5.128129999999941901e-01
1.752899999999897318e-01
1.835550000000125692e-01
5.684510299999999461e+01
3.422629999999742267e-01
2.219380000000512609e-01
3.004909999999654246e-01
2.250439999999969132e-01
3.504720000000247637e-01
3.482700000000136242e-01
1.070851999999945292e+00
3.296900000000277942e-01
2.319880000000011933e-01
2.681239999999718293e-01
2.271160000000236323e-01
3.315410000000156288e-01
3.384859999999889624e-01
1.061858999999969910e+00
1.212790000000154578e-01
2.539340000000436248e-01
2.494449999999517331e-01
2.532689999999888641e-01
2.123880000000610835e-01
3.355779999999697338e-01
3.438309999999944466e-01
1.055823000000003731e+00
3.244049999999845113e-01
2.585229999999967276e-01
2.687470000000473647e-01
2.211749999999597094e-01
3.163890000000151304e-01
3.451689999999985048e-01
3.248299999999630927e-01
1.846120000000155414e-01
1.780029999999896972e-01
1.784816000000034819e+00
1.272539999999935389e-01
2.081170000000156506e-01
2.452869999999620632e-01
2.070560000000227774e-01
2.110030000000051587e-01
2.722660000000018954e-01
2.043969999999717402e-01
2.070770000000266009e-01
2.581389999999714746e-01
1.092693999999994503e+00
1.640970000000265827e-01
1.689810000000306900e-01
1.540089999999736392e-01
1.802940000000035070e-01
1.709839999999758220e-01
1.617720000000417713e-01
2.090439999999489373e-01
4.687220000000138498e-01
1.887360000000057880e-01
2.488390000000322289e-01
1.116449999999531428e-01
2.661939999999844986e-01
1.917610000000422588e-01
2.217499999999859028e-01
2.366489999999998872e-01
3.302130000000147447e-01
2.248801000000014483e+00
7.691989999999577776e-01
2.348087000000020907e+00
3.152505300000001398e+01
3.784849999999551073e-01
4.890950000000202635e-01
2.127990000000181681e-01
3.446379999999749089e-01
3.519949999999880674e-01
1.062762000000020635e+00
3.246129999999993743e-01
2.301449999999931606e-01
2.692779999999856955e-01
2.398940000000493455e-01
3.265829999999709798e-01
3.533460000000445689e-01
1.073383999999975913e+00
3.328730000000064138e-01
2.309300000000007458e-01
3.114999999999668034e-01
2.096880000000282962e-01
3.183639999999741121e-01
3.317059999999969477e-01
8.992589999999722750e-01
2.725080000000161817e-01
2.247460000000387481e-01
2.206340000000182044e-01
7.974619999999390529e-01
5.382730000000037762e-01
