5.393520999999999788e+00
5.408007000000001341e+00
5.444101000000003410e+00
5.391502999999993051e+00
6.020737900000000309e+01
5.512054000000006226e+00
5.524937999999991689e+00
1.104377300000000162e+01
3.877509300000001247e+01
1.104540699999998310e+01
1.482974300000000767e+01
2.387153000000012071e+00
2.319455999999973983e+00
1.377574000000009846e+00
1.366127000000005864e+00
1.439303999999992811e+00
1.341600999999997157e+00
1.149340000000051987e-01
1.297163000000011834e+00
1.432916000000005852e+00
1.151189999999928659e-01
1.279481999999973141e+00
1.203450000000145792e-01
1.283760000000000900e+00
1.415574999999989814e+00
1.377840000000020382e+00
1.391616000000027498e+00
1.404762999999974227e+00
1.403728999999998450e+00
1.912717999999983931e+00
2.271197999999998274e+00
1.207479999999918618e-01
1.367917000000034022e+00
1.326583999999996877e+00
1.433141000000006215e+00
1.405438999999972793e+00
1.387313000000034435e+00
1.926541999999983545e+00
2.285336999999969976e+00
1.421780000000040900e+00
1.358662000000009584e+00
1.427388999999948282e+00
1.378586000000041167e+00
1.157899999999756346e-01
1.295038000000005241e+00
1.400302000000010594e+00
1.395597999999978356e+00
1.383510000000029549e+00
1.419441999999975224e+00
1.348552000000012185e+00
3.697529999999972006e+00
1.902399000000031037e+00
1.445293000000020811e+00
1.405420999999989817e+00
1.420048000000008415e+00
1.399474999999995362e+00
1.411779999999964730e+00
1.904643000000049824e+00
5.831150999999977103e+00
2.455720999999982723e+00
3.128372000000013031e+00
2.410225000000025375e+00
3.168009999999981119e+00
2.471279999999978827e+00
5.109764999999981683e+00
1.401376000000027489e+00
1.445169000000021242e+00
1.366214999999954216e+00
1.150230000000078689e-01
1.306559999999990396e+00
1.208340000000021064e-01
1.256923000000028878e+00
1.398662999999942258e+00
1.432097999999996318e+00
1.373576000000070962e+00
1.455292999999983294e+00
1.406369999999981246e+00
1.408055999999987762e+00
1.416860999999983051e+00
3.673644000000024334e+00
1.938999000000023898e+00
1.461361000000010790e+00
1.381060999999988326e+00
1.412513999999987391e+00
1.428891999999962081e+00
1.153570000000740947e-01
2.273483999999996286e+00
6.346429999999827487e-01
