2.866539999999995203e-01
1.707350000000005252e-01
1.786430000000001073e-01
3.400020000000001374e-01
2.944599999999999440e-01
1.660629999999994055e-01
1.590510000000007196e-01
1.720999999999994756e-01
5.049469999999995906e-01
9.992970000000003239e-01
3.272680000000001144e-01
3.159899999999993270e-01
3.463930000000008391e-01
1.712720000000000908e-01
3.462479999999992231e-01
3.366900000000008220e-01
5.086910000000006704e-01
3.393209999999999837e-01
3.292760000000001241e-01
6.740849999999980469e-01
1.631440000000008439e-01
6.694529999999989656e-01
5.263460000000019789e-01
3.547289999999989618e-01
3.292099999999997806e-01
1.682899999999989404e-01
1.619270000000021525e-01
2.744470000000003296e-01
8.585199999999915121e-02
7.723700000000022214e-02
8.257000000000047635e-02
1.550319999999985043e-01
1.690340000000016829e-01
3.022439999999981808e-01
1.807230000000004111e-01
1.919089999999989971e-01
1.569540000000007041e-01
1.864419999999995525e-01
1.509530000000030014e-01
1.774179999999994095e-01
1.650519999999993104e-01
1.645749999999992497e-01
1.653689999999983229e-01
1.845570000000016364e-01
1.607979999999997744e-01
1.643889999999998963e-01
1.784239999999996940e-01
1.709139999999997883e-01
1.651850000000010255e-01
1.636509999999979925e-01
1.459600000000023101e-01
2.091159999999980812e-01
1.588960000000021466e-01
1.602919999999983247e-01
1.809410000000006846e-01
3.191610000000011382e-01
1.754859999999993647e-01
1.712789999999984047e-01
1.463749999999990337e-01
1.631940000000007274e-01
1.713909999999998490e-01
1.640040000000020370e-01
9.316199999999952297e-02
8.678600000000002979e-02
3.487219999999986442e-01
1.710050000000009618e-01
1.906150000000010891e-01
1.788309999999988520e-01
1.521739999999986992e-01
1.586060000000024672e-01
1.717459999999988440e-01
1.661110000000007858e-01
1.479839999999974509e-01
1.829029999999995937e-01
1.806770000000028631e-01
1.572110000000002117e-01
1.786819999999984532e-01
1.714830000000020505e-01
3.307830000000002713e-01
1.569709999999986394e-01
1.719050000000024170e-01
1.944440000000007274e-01
5.112959999999979743e-01
3.376939999999990505e-01
1.656370000000002563e-01
1.740549999999991826e-01
3.199719999999999231e-01
7.903300000000257342e-02
7.652299999999812030e-02
1.827860000000001151e-01
2.597929999999983863e-01
1.296890000000026077e-01
1.087699999999998113e-01
1.833349999999995816e-01
1.602719999999955292e-01
1.784410000000029584e-01
1.460730000000012296e-01
1.681929999999987047e-01
1.803910000000037428e-01
1.610369999999967661e-01
1.603040000000000020e-01
1.683140000000022951e-01
1.836710000000003618e-01
1.659109999999976992e-01
1.429539999999995814e-01
1.944040000000022417e-01
1.667019999999972413e-01
1.641140000000014254e-01
1.698989999999973577e-01
1.649590000000031864e-01
1.885419999999982110e-01
1.537860000000002003e-01
1.641249999999985221e-01
1.513070000000027449e-01
3.483340000000012537e-01
1.787669999999970116e-01
1.847310000000028651e-01
1.951970000000002869e-01
1.164000000000022794e-01
1.357939999999935310e-01
2.027330000000020505e-01
1.822389999999991517e-01
1.425960000000046080e-01
1.760259999999931324e-01
1.755060000000021603e-01
1.986230000000013263e-01
1.660269999999961499e-01
1.596080000000057453e-01
1.626549999999937768e-01
1.860090000000056421e-01
1.596770000000020673e-01
1.643729999999976599e-01
1.635819999999981178e-01
1.850919999999973697e-01
1.651030000000091036e-01
1.553089999999954784e-01
1.838850000000036289e-01
1.717819999999932179e-01
1.611200000000039267e-01
1.862020000000015330e-01
1.711469999999906122e-01
1.911590000000060741e-01
5.091760000000036257e-01
1.889419999999972788e-01
1.556560000000004607e-01
1.575999999999950774e-01
1.639140000000054442e-01
3.456890000000001351e-01
1.490099999999969782e-01
2.597549999999984038e-01
9.550099999999872580e-02
1.618400000000050909e-01
1.577610000000007062e-01
1.720529999999982351e-01
1.824930000000009045e-01
1.541909999999973024e-01
1.698930000000018481e-01
1.790450000000021191e-01
1.884820000000004825e-01
1.370429999999984716e-01
1.796149999999983038e-01
1.582200000000000273e-01
1.836640000000002715e-01
3.085009999999996921e-01
1.945100000000010709e-01
1.600449999999966622e-01
1.580179999999984375e-01
1.626080000000058590e-01
1.708399999999983265e-01
1.765000000000043201e-01
1.732789999999937436e-01
1.756570000000010623e-01
1.628330000000062228e-01
1.809859999999972047e-01
1.977509999999966794e-01
8.843999999999851980e-02
1.742980000000073915e-01
1.798839999999941597e-01
1.466010000000039781e-01
7.545900000000216323e-02
8.245799999999547936e-02
1.761130000000008522e-01
1.991239999999976362e-01
3.176770000000033178e-01
1.755250000000003752e-01
1.948709999999991282e-01
1.635360000000005698e-01
1.788179999999996994e-01
1.569439999999957536e-01
1.956010000000034665e-01
1.505339999999932843e-01
1.671270000000077971e-01
1.656890000000004193e-01
1.891389999999972815e-01
1.468619999999987158e-01
1.478690000000000282e-01
1.899269999999972924e-01
1.827740000000019904e-01
1.481440000000020518e-01
1.803719999999984225e-01
1.694460000000006517e-01
1.936830000000000496e-01
1.593700000000026762e-01
1.790549999999981878e-01
1.772739999999970451e-01
3.507970000000000255e-01
1.600030000000032260e-01
1.857079999999982078e-01
1.974140000000019768e-01
1.266169999999959828e-01
1.108580000000003452e-01
2.187649999999976558e-01
1.871740000000059467e-01
1.426219999999958077e-01
3.442560000000014497e-01
2.075829999999996289e-01
2.841469999999972629e-01
2.359720000000038453e-01
7.981600000000099726e-02
8.114499999999935653e-02
3.285359999999997171e-01
6.898699999999990951e-01
6.808400000000034424e-01
3.612019999999986908e-01
1.680629999999965207e-01
1.564790000000044756e-01
1.730500000000034788e-01
3.321259999999952583e-01
1.746780000000001110e-01
1.828539999999989618e-01
3.323660000000003834e-01
1.652790000000052828e-01
1.849919999999940501e-01
1.774259999999969750e-01
1.660880000000020118e-01
1.627750000000034447e-01
1.711910000000003151e-01
1.728280000000026462e-01
1.636439999999979023e-01
7.975999999999316969e-02
7.852800000000570435e-02
1.777909999999991442e-01
1.794610000000034233e-01
1.664229999999946585e-01
1.680339999999986844e-01
1.732070000000049959e-01
1.814600000000012869e-01
1.703629999999947131e-01
1.688990000000032410e-01
1.752770000000012374e-01
1.810619999999971697e-01
1.720150000000018053e-01
1.652380000000022164e-01
1.715269999999904371e-01
1.741519999999994184e-01
1.679380000000065820e-01
1.419649999999990087e-01
1.933979999999948518e-01
3.255640000000070700e-01
1.735030000000037376e-01
1.898869999999988067e-01
1.761629999999954066e-01
1.640559999999950946e-01
1.494520000000036930e-01
1.811270000000035907e-01
1.868329999999929214e-01
1.409100000000123032e-01
1.662099999999924194e-01
3.715070000000011419e-01
1.735249999999979309e-01
1.335270000000008395e-01
1.855810000000062132e-01
3.342299999999909232e-01
1.755520000000032610e-01
1.821400000000039654e-01
1.879819999999909896e-01
9.163500000001079115e-02
9.341699999999519832e-02
9.740000000000037517e-02
1.130119999999976699e-01
1.007400000000018281e-01
1.197209999999984120e-01
3.398700000000047794e-01
1.762870000000020809e-01
1.964879999999951110e-01
1.587880000000012615e-01
1.468029999999913571e-01
1.802900000000065006e-01
3.337560000000010518e-01
1.589990000000014447e-01
1.796079999999946608e-01
1.783259999999984302e-01
1.650030000000057839e-01
1.499480000000019686e-01
1.830329999999946722e-01
1.785749999999950433e-01
1.584950000000091563e-01
1.589509999999947354e-01
1.832419999999927995e-01
1.688720000000216714e-01
1.667289999999894690e-01
1.483290000000039299e-01
1.850309999999950605e-01
2.098539999999928796e-01
1.341060000000169339e-01
1.823939999999879547e-01
1.826140000000009422e-01
2.617400000000031923e-01
2.123910000000108766e-01
2.023399999999782040e-01
3.135300000000142973e-01
1.713369999999940774e-01
3.494050000000044065e-01
1.725749999999948159e-01
1.463510000000098898e-01
1.790239999999982956e-01
2.031269999999949505e-01
1.270249999999890633e-01
1.884880000000066502e-01
1.777009999999989986e-01
1.794620000000008986e-01
1.494059999999990396e-01
1.609200000000043929e-01
1.767009999999942238e-01
1.819240000000093005e-01
1.668009999999924275e-01
1.719510000000070704e-01
1.838910000000026912e-01
1.771109999999964657e-01
1.739199999999954116e-01
1.465950000000049158e-01
1.781539999999921520e-01
3.371120000000047412e-01
1.667850000000044020e-01
1.935000000000002274e-01
1.808449999999908187e-01
1.557410000000061245e-01
1.610359999999957381e-01
1.855809999999991078e-01
1.903379999999970096e-01
1.373800000000073851e-01
1.733569999999957645e-01
1.842790000000036343e-01
1.706329999999951497e-01
1.803629999999998290e-01
1.644409999999965066e-01
1.656580000000076325e-01
3.546990000000107557e-01
1.669629999999955317e-01
1.893000000000029104e-01
2.185969999999883839e-01
1.323309999999935371e-01
1.190400000000124692e-01
2.037899999999979173e-01
1.877369999999984884e-01
1.493420000000043046e-01
1.612269999999966785e-01
1.815040000000038845e-01
1.813629999999903930e-01
1.776729999999986376e-01
1.525280000000037717e-01
1.929300000000040427e-01
2.011029999999891515e-01
1.302160000000043283e-01
1.712229999999976826e-01
1.608599999999995589e-01
1.852490000000130976e-01
9.879199999998888870e-02
9.738500000000271939e-02
1.215899999999976444e-01
1.050650000000104001e-01
9.724199999999427746e-02
1.322620000000114260e-01
3.241229999999859501e-01
1.684460000000029822e-01
1.950929999999999609e-01
1.751600000000053114e-01
1.591339999999945576e-01
1.885240000000010241e-01
1.925349999999923511e-01
1.410650000000117643e-01
1.540820000000024947e-01
1.945399999999892771e-01
3.248200000000025511e-01
1.560319999999961738e-01
3.510320000000035634e-01
5.390380000000050131e-01
1.915010000000023638e-01
1.493899999999968031e-01
1.590810000000004720e-01
1.903010000000051605e-01
1.921739999999942938e-01
1.437920000000048049e-01
1.706509999999923366e-01
1.825460000000020955e-01
1.894810000000006767e-01
2.981769999999954734e-01
1.980950000000092359e-01
3.086990000000042755e-01
1.865659999999849106e-01
1.801340000000095642e-01
2.376979999999946358e-01
1.184190000000029386e-01
1.385319999999978791e-01
1.950789999999926749e-01
3.048420000000078289e-01
1.771749999999912006e-01
2.006180000000057362e-01
3.575689999999980273e-01
1.560599999999965348e-01
1.642090000000138161e-01
1.791179999999883421e-01
1.694640000000049440e-01
1.610490000000055488e-01
3.614959999999882712e-01
1.693330000000088376e-01
1.634779999999977917e-01
1.854079999999953543e-01
3.562610000000034916e-01
1.722479999999961819e-01
1.663250000000005002e-01
4.127289999999987913e-01
8.731799999999623196e-02
2.485380000000105838e-01
9.597100000000580167e-02
1.514880000000005111e-01
1.693819999999846004e-01
1.630260000000021137e-01
1.943290000000104101e-01
1.763109999999983302e-01
1.557729999999963866e-01
1.843719999999962056e-01
2.063389999999998281e-01
1.442790000000115924e-01
1.748569999999887159e-01
1.886140000000011696e-01
3.195420000000126493e-01
1.345199999999948659e-01
1.897599999999926013e-01
3.679369999999977381e-01
1.772290000000111831e-01
3.391879999999929396e-01
1.595510000000075479e-01
1.553299999999921965e-01
1.858009999999978845e-01
2.211220000000082564e-01
1.238120000000009213e-01
1.652089999999901693e-01
1.850110000000029231e-01
2.242520000000070013e-01
1.123469999999855418e-01
1.291130000000038081e-01
2.239830000000040400e-01
2.255470000000059372e-01
2.222519999999974516e-01
2.172049999999927650e-01
2.146280000000047039e-01
1.286259999999970205e-01
1.761730000000056862e-01
1.795729999999906568e-01
3.457770000000124355e-01
1.718599999999952388e-01
1.872479999999967504e-01
3.367669999999947095e-01
1.598230000000029349e-01
1.978530000000091604e-01
1.687869999999946913e-01
1.694849999999945567e-01
1.617840000000114742e-01
1.781409999999965521e-01
1.907039999999966540e-01
1.704250000000087084e-01
1.571280000000001564e-01
1.847729999999927486e-01
1.783870000000007394e-01
1.627770000000055006e-01
1.642659999999835918e-01
1.725130000000092423e-01
1.816309999999958791e-01
1.648179999999968004e-01
1.550470000000103710e-01
1.953390000000041482e-01
1.874469999999917036e-01
1.358639999999979864e-01
1.757220000000074833e-01
1.665629999999964639e-01
2.594110000000000582e-01
1.409759999999948832e-01
9.368200000000115324e-02
1.718050000000062028e-01
2.746900000000067621e-01
1.446959999999961610e-01
9.934999999998694875e-02
1.779580000000038353e-01
1.782350000000008095e-01
1.567820000000068603e-01
1.799400000000019872e-01
3.441729999999978418e-01
3.609599999999915099e-01
1.818540000000012924e-01
1.834550000000092496e-01
1.594559999999916045e-01
1.499670000000037362e-01
1.897159999999900037e-01
1.772540000000049076e-01
1.671829999999943084e-01
1.541380000000032169e-01
1.799180000000006885e-01
1.873650000000139926e-01
1.716890000000006467e-01
1.406929999999846359e-01
2.104820000000131586e-01
1.766459999999909769e-01
1.485889999999869815e-01
1.793060000000110676e-01
1.741360000000042874e-01
1.822690000000051214e-01
1.706669999999945730e-01
1.607200000000119644e-01
1.983479999999957499e-01
1.804629999999889378e-01
1.540370000000166328e-01
1.671989999999965448e-01
1.682069999999811216e-01
1.908570000000082700e-01
7.621599999998807107e-02
8.999400000001855915e-02
1.561939999999992779e-01
2.587350000000014916e-01
9.390299999998319436e-02
1.780770000000018172e-01
2.466009999999982938e-01
9.746000000001231456e-02
1.623189999999965494e-01
1.742229999999977963e-01
1.735050000000057935e-01
1.649489999999929069e-01
3.393860000000188393e-01
1.629589999999865313e-01
1.798640000000091277e-01
1.746069999999804168e-01
1.811479999999932033e-01
1.218890000000243390e-01
2.017779999999902429e-01
1.750050000000129558e-01
1.665260000000046148e-01
1.742079999999788242e-01
1.695500000000009777e-01
1.923280000000033851e-01
1.504550000000079990e-01
1.736899999999792499e-01
1.881310000000127047e-01
1.838679999999897063e-01
1.606300000000118189e-01
1.804610000000081982e-01
1.820639999999826841e-01
2.394760000000104583e-01
1.501329999999967413e-01
9.834800000000143427e-02
1.936469999999985703e-01
1.483590000000134523e-01
1.740499999999940428e-01
1.888549999999895590e-01
1.724200000000166710e-01
1.949539999999814199e-01
1.741480000000166228e-01
1.551829999999796428e-01
1.898020000000002483e-01
1.613510000000104583e-01
1.533719999999902939e-01
1.730550000000050659e-01
1.758850000000080627e-01
1.806020000000074788e-01
1.768309999999786442e-01
1.463330000000127029e-01
2.030959999999879528e-01
1.745220000000102800e-01
1.538199999999818601e-01
1.785380000000174050e-01
1.765180000000015070e-01
1.990279999999984284e-01
1.589709999999939782e-01
1.763100000000150658e-01
1.810040000000014970e-01
1.950409999999891397e-01
1.810310000000043829e-01
1.583009999999944739e-01
1.675230000000027530e-01
2.042000000000001592e-01
1.359510000000057062e-01
1.022320000000007667e-01
2.265829999999908750e-01
3.475530000000048858e-01
1.719860000000039690e-01
1.722089999999809606e-01
1.947800000000086129e-01
1.512570000000010850e-01
9.918300000001067929e-02
2.289339999999810971e-01
3.400290000000154578e-01
1.876350000000002183e-01
1.863299999999838974e-01
1.714590000000129066e-01
1.621030000000018845e-01
1.517560000000059972e-01
1.816969999999997754e-01
3.069329999999723668e-01
1.740750000000019782e-01
1.815650000000204045e-01
2.056659999999936872e-01
1.637380000000092650e-01
1.631109999999864613e-01
1.634049999999973579e-01
1.998300000000057253e-01
1.566119999999955326e-01
1.754269999999991114e-01
1.695490000000035025e-01
2.040760000000005903e-01
9.697599999999795273e-02
1.055550000000096134e-01
1.151669999999853644e-01
1.113090000000056534e-01
1.123350000000158389e-01
1.169119999999850279e-01
1.618630000000109703e-01
1.825169999999900483e-01
1.983310000000102491e-01
1.723029999999994288e-01
1.646789999999782594e-01
1.849760000000060245e-01
1.588760000000064565e-01
1.788099999999985812e-01
1.566840000000127020e-01
1.814899999999965985e-01
1.557249999999896772e-01
1.931220000000024584e-01
1.733610000000140872e-01
1.480749999999915190e-01
2.097119999999961237e-01
1.765759999999971797e-01
1.558110000000141326e-01
1.791969999999878382e-01
1.706949999999949341e-01
1.910860000000127457e-01
1.463129999999921438e-01
1.829169999999891161e-01
1.793450000000120781e-01
7.988199999999778811e-02
1.198750000000075033e-01
1.642200000000002547e-01
1.648720000000025721e-01
1.513630000000034670e-01
8.232599999999479223e-02
1.074399999999968713e-01
2.146509999999750562e-01
9.526200000001949775e-02
1.794060000000001764e-01
1.796190000000024156e-01
1.618929999999920710e-01
1.804580000000157725e-01
1.733100000000149521e-01
1.805939999999850443e-01
1.748939999999947759e-01
3.325780000000122527e-01
7.796899999999595821e-02
9.517299999998840576e-02
1.748959999999897263e-01
8.501800000001935587e-02
8.971999999999979991e-02
6.888790000000142300e-01
7.002409999999770207e-01
2.151760000000138007e-01
1.681769999999858101e-01
1.670330000000035398e-01
1.407859999999914180e-01
1.953820000000234813e-01
3.422749999999723514e-01
1.710669999999936408e-01
1.741890000000125838e-01
3.389329999999972642e-01
1.631150000000047839e-01
1.894120000000043547e-01
1.828570000000127038e-01
1.628669999999772244e-01
1.738110000000006039e-01
1.860520000000178698e-01
1.739049999999906504e-01
1.664900000000102409e-01
1.622619999999699303e-01
1.849730000000420205e-01
1.846429999999941174e-01
1.648469999999804259e-01
1.689889999999820702e-01
1.836070000000233904e-01
1.773939999999925021e-01
1.608930000000157179e-01
1.592780000000004748e-01
1.860690000000033706e-01
1.761429999999961638e-01
1.647829999999999018e-01
1.742969999999957054e-01
1.798589999999933298e-01
1.774169999999912761e-01
1.676860000000033324e-01
1.519529999999917891e-01
2.032470000000046184e-01
1.809289999999919019e-01
1.587700000000040745e-01
1.707070000000214804e-01
1.802040000000033615e-01
1.725229999999839947e-01
1.617040000000145028e-01
1.566109999999696356e-01
1.775060000000223681e-01
3.355499999999835836e-01
1.725370000000339132e-01
1.840899999999692227e-01
1.901660000000049422e-01
1.646749999999883585e-01
1.618080000000077234e-01
1.849449999999990268e-01
2.008759999999938373e-01
1.361320000000034725e-01
1.757310000000131822e-01
1.912829999999985375e-01
2.217740000000105738e-01
1.219349999999792544e-01
1.207689999999956854e-01
2.151790000000062264e-01
3.320940000000121017e-01
1.913660000000163564e-01
1.786379999999780921e-01
1.867489999999918382e-01
1.572260000000085256e-01
1.613279999999974734e-01
1.939920000000086020e-01
1.978740000000129839e-01
1.599869999999725678e-01
1.667500000000075033e-01
1.737730000000112796e-01
1.811620000000004893e-01
1.554780000000164364e-01
1.495679999999879328e-01
1.791780000000073869e-01
1.732429999999851589e-01
1.608409999999764750e-01
1.665470000000084383e-01
1.845749999999952706e-01
1.834680000000332711e-01
1.621749999999906322e-01
1.544189999999900920e-01
1.869419999999877291e-01
1.810310000000185937e-01
1.747509999999863339e-01
1.800870000000145410e-01
1.641289999999742122e-01
2.999010000000055243e-01
2.181840000000079272e-01
1.445960000000070522e-01
9.847099999998931708e-02
9.523500000000240107e-02
1.894090000000119289e-01
1.451360000000079253e-01
2.011540000000024975e-01
1.761259999999822412e-01
1.557229999999947267e-01
1.682509999999979300e-01
1.950899999999933243e-01
1.903660000000115815e-01
1.531170000000088294e-01
1.722429999999803840e-01
1.704220000000020718e-01
1.850610000000187938e-01
2.378830000000107248e-01
8.582099999998149542e-02
1.880179999999995744e-01
1.701720000000079835e-01
1.630350000000078126e-01
1.499739999999860629e-01
1.832050000000151613e-01
1.981010000000082982e-01
1.663779999999803749e-01
1.661129999999957363e-01
1.949459999999874071e-01
1.696870000000103573e-01
1.583569999999951960e-01
1.712530000000072050e-01
1.760140000000092186e-01
1.996109999999760021e-01
1.455850000000111777e-01
1.761219999999923402e-01
1.741060000000231867e-01
3.543839999999818247e-01
1.590730000000064592e-01
1.759769999999889478e-01
1.910000000000025011e-01
1.680540000000121381e-01
1.544529999999895153e-01
1.792860000000189302e-01
1.921169999999960964e-01
1.561930000000018026e-01
1.753840000000082000e-01
1.793629999999666325e-01
1.864560000000210493e-01
1.546689999999841802e-01
1.049150000000054206e-01
2.132469999999955235e-01
1.921730000000252403e-01
1.437259999999866977e-01
1.790699999999958436e-01
1.834049999999933789e-01
1.979530000000124801e-01
1.805810000000178661e-01
1.531479999999874053e-01
1.847449999999923875e-01
2.071359999999913271e-01
1.296720000000277651e-01
1.930549999999868760e-01
1.722159999999917090e-01
1.901159999999890715e-01
9.766000000001895387e-02
1.001100000000008095e-01
1.124409999999897991e-01
9.945399999998016938e-02
1.108600000000308228e-01
1.250819999999919219e-01
1.563329999999893971e-01
1.651019999999903121e-01
1.915370000000109485e-01
1.804030000000125256e-01
1.662430000000085784e-01
1.584509999999852425e-01
2.057629999999903703e-01
1.829690000000141481e-01
1.505229999999926349e-01
1.643780000000276686e-01
1.769769999999937227e-01
1.498579999999662959e-01
1.761500000000069122e-01
1.757460000000037326e-01
3.699940000000196960e-01
3.604949999999860211e-01
1.808430000000100790e-01
1.715149999999994179e-01
1.678059999999845786e-01
1.539040000000113650e-01
1.895609999999976480e-01
1.675879999999949632e-01
1.663150000000257478e-01
1.802219999999863376e-01
1.645509999999887896e-01
1.835270000000264190e-01
1.757479999999702613e-01
1.491450000000043019e-01
2.009240000000147575e-01
1.827759999999898355e-01
1.516409999999837055e-01
1.621740000000215787e-01
1.834859999999878255e-01
1.811439999999890915e-01
1.751350000000115870e-01
1.719490000000121199e-01
1.791910000000029868e-01
1.871319999999911943e-01
1.645010000000013406e-01
1.649639999999976681e-01
1.643080000000054497e-01
3.568479999999851771e-01
9.204900000000293403e-02
7.869199999998954809e-02
1.782210000000077343e-01
7.801700000001687840e-02
9.696299999998814201e-02
1.601339999999993324e-01
1.651290000000074087e-01
1.720569999999952415e-01
2.263079999999888514e-01
2.394610000000056971e-01
2.348929999999995744e-01
8.448700000002418165e-02
2.084729999999979100e-01
1.736569999999630909e-01
2.087870000000293658e-01
3.266979999999932716e-01
1.657149999999774082e-01
2.044710000000122818e-01
3.297790000000020427e-01
1.623330000000180462e-01
1.842139999999687916e-01
1.921110000000112450e-01
1.766000000000076398e-01
1.541650000000061027e-01
1.893359999999972842e-01
1.948129999999821393e-01
1.377470000000187156e-01
1.685540000000003147e-01
1.770129999999880965e-01
2.933140000000094005e-01
1.077310000000011314e-01
1.022759999999891534e-01
1.189330000000268228e-01
1.079509999999856973e-01
1.445109999999942829e-01
3.292050000000017462e-01
1.979530000000124801e-01
1.737039999999865358e-01
1.722540000000094551e-01
1.641699999999843840e-01
1.749900000000081945e-01
1.668910000000209948e-01
1.494409999999675165e-01
1.840359999999918728e-01
1.618040000000178225e-01
1.984420000000000073e-01
3.356309999999780302e-01
2.023820000000284836e-01
3.215569999999843276e-01
1.968030000000169366e-01
1.694249999999897227e-01
1.803150000000073305e-01
1.583579999999926713e-01
1.812960000000032323e-01
1.902460000000019136e-01
1.927390000000173131e-01
1.488269999999829452e-01
1.665600000000040382e-01
1.891189999999767224e-01
1.560470000000009350e-01
1.692560000000185028e-01
1.612020000000029540e-01
1.834619999999915763e-01
1.864649999999983265e-01
1.550370000000214077e-01
1.553069999999650008e-01
2.043440000000202872e-01
2.104380000000105611e-01
1.351939999999842712e-01
1.604140000000029431e-01
1.933470000000170330e-01
3.476819999999918309e-01
1.642509999999788306e-01
1.848830000000134532e-01
1.837739999999996598e-01
1.588020000000085474e-01
1.568369999999958964e-01
1.750859999999931915e-01
3.434719999999913398e-01
1.788570000000220261e-01
1.970090000000084274e-01
1.702189999999745851e-01
1.579270000000008167e-01
1.839139999999872543e-01
1.792140000000301825e-01
1.832429999999760639e-01
1.543939999999963675e-01
1.683130000000119253e-01
1.848270000000127311e-01
2.832490000000120745e-01
1.970449999999743795e-01
2.213050000000009732e-01
1.923920000000123309e-01
2.887049999999931060e-01
2.013290000000154123e-01
2.465729999999837219e-01
1.043909999999925731e-01
1.514830000000131349e-01
2.078229999999905431e-01
1.797020000000202344e-01
1.350789999999904012e-01
1.780219999999985703e-01
1.790889999999762949e-01
1.897990000000220334e-01
1.785009999999829233e-01
1.507490000000188957e-01
