3.007279999999994402e-01
3.480280000000011142e-01
2.740890000000000271e-01
3.363189999999995905e-01
3.414389999999993819e-01
1.844620000000007920e-01
4.932129999999990133e-01
3.043570000000013209e-01
1.980159999999999698e-01
2.973739999999995831e-01
5.020320000000006999e-01
3.479899999999993554e-01
5.047379999999996869e-01
2.050429999999998643e-01
3.149180000000004753e-01
3.467090000000006000e-01
4.838550000000001461e-01
1.751279999999990622e-01
1.822400000000001796e-01
3.041689999999999117e-01
1.936780000000002389e-01
5.008549999999996061e-01
1.776529999999993947e-01
1.761030000000012308e-01
4.868479999999983932e-01
1.957579999999996545e-01
3.143080000000004759e-01
1.878500000000009607e-01
1.776920000000004052e-01
3.105069999999976460e-01
1.812660000000008154e-01
1.772950000000008686e-01
3.211960000000004811e-01
3.527760000000004226e-01
3.142199999999970572e-01
1.852300000000024482e-01
1.812549999999983896e-01
3.058290000000010167e-01
1.839600000000007896e-01
1.802209999999995205e-01
3.127150000000007424e-01
1.849360000000004334e-01
1.770459999999971501e-01
3.350059999999999150e-01
3.504110000000046909e-01
3.256449999999979639e-01
1.906609999999986371e-01
3.009069999999987033e-01
1.830409999999993431e-01
3.424450000000014427e-01
3.397329999999989525e-01
3.128680000000017003e-01
3.296819999999982542e-01
2.029630000000004486e-01
1.764739999999989095e-01
3.042780000000036011e-01
1.808300000000002683e-01
4.987609999999982335e-01
1.909390000000001919e-01
4.696130000000025007e-01
1.861599999999974386e-01
4.903720000000006962e-01
1.755589999999997985e-01
3.449789999999985923e-01
3.486330000000030793e-01
1.961049999999993076e-01
2.987589999999968882e-01
2.015130000000020516e-01
4.903739999999991994e-01
1.816449999999996123e-01
4.755399999999987415e-01
1.781690000000004659e-01
1.846190000000014209e-01
3.139300000000027069e-01
3.486820000000001585e-01
3.107259999999953948e-01
1.971260000000008006e-01
1.754480000000029349e-01
3.138100000000001444e-01
3.615289999999973247e-01
3.162410000000015486e-01
1.760489999999990118e-01
4.962669999999995696e-01
3.512440000000012219e-01
3.173170000000027358e-01
3.585069999999959123e-01
4.852570000000007155e-01
1.843000000000003524e-01
3.402390000000004022e-01
1.780909999999984450e-01
1.863269999999985771e-01
3.189100000000060220e-01
1.897709999999968034e-01
4.692389999999981853e-01
1.782580000000066889e-01
1.836719999999942843e-01
3.147270000000048640e-01
1.828179999999974825e-01
1.926959999999979800e-01
3.114419999999995525e-01
3.641790000000000305e-01
3.361620000000016262e-01
1.774540000000044415e-01
1.929739999999924294e-01
3.168599999999983652e-01
2.910140000000041027e-01
3.683320000000023242e-01
1.845619999999996708e-01
4.766659999999944830e-01
1.957319999999995730e-01
3.141749999999987608e-01
1.791230000000041400e-01
1.836479999999980350e-01
1.781089999999991846e-01
3.051240000000063901e-01
1.773259999999936554e-01
1.973690000000019040e-01
2.977850000000046293e-01
3.807089999999959673e-01
3.058290000000027931e-01
3.547849999999996840e-01
3.106299999999961869e-01
3.614960000000024820e-01
3.128760000000028185e-01
1.837409999999977117e-01
1.894160000000013611e-01
3.120959999999968204e-01
3.579860000000039122e-01
2.872949999999931947e-01
1.796630000000050131e-01
1.824140000000014084e-01
2.943809999999942306e-01
1.936970000000073355e-01
3.184889999999924726e-01
1.751610000000027867e-01
1.829940000000007672e-01
1.835300000000046339e-01
3.272349999999946135e-01
1.851509999999976230e-01
4.935250000000053205e-01
1.944409999999976435e-01
1.880439999999978795e-01
3.169030000000034875e-01
1.896690000000020859e-01
1.942939999999993006e-01
3.027669999999957895e-01
2.076400000000049317e-01
4.646949999999989700e-01
1.858469999999954325e-01
3.026320000000026766e-01
1.779370000000000118e-01
1.958349999999953184e-01
3.066640000000049326e-01
1.784369999999952938e-01
1.774350000000097793e-01
1.924859999999952720e-01
3.089599999999990132e-01
1.962650000000039086e-01
1.930779999999927554e-01
3.260450000000005844e-01
1.787820000000053255e-01
1.845889999999954512e-01
3.263330000000053133e-01
1.103508999999995410e+00
4.732539999999971769e-01
1.161681999999998993e+00
5.300610000000034461e-01
4.836720000000056530e-01
3.575269999999903803e-01
1.902300000000067826e-01
1.167880000000003804e+00
6.936139999999895167e-01
3.644590000000107466e-01
5.016969999999929541e-01
7.239180000000047244e-01
4.214970000000022310e-01
5.516379999999969641e-01
3.779150000000015552e-01
4.803589999999999804e-01
1.848179999999928214e-01
5.038440000000079522e-01
6.534599999999954889e-01
6.646589999999932274e-01
3.660410000000098307e-01
4.959020000000009532e-01
1.973520000000021923e-01
9.375789999999923907e-01
5.781379999999955999e-01
3.260999999999967258e-01
1.792609999999967840e-01
4.867070000000097707e-01
1.374774000000002161e+00
2.142550000000085220e-01
2.854819999999875790e-01
3.433140000000065584e-01
4.795110000000022410e-01
3.441139999999904830e-01
3.431020000000017944e-01
1.782140000000111968e-01
3.207809999999966522e-01
1.875889999999884594e-01
3.419900000000097862e-01
3.320470000000028676e-01
1.994320000000016080e-01
3.172610000000020136e-01
1.796589999999866905e-01
1.864920000000154232e-01
4.868059999999871934e-01
2.024119999999953734e-01
3.163210000000020727e-01
1.755850000000123146e-01
1.927679999999867277e-01
3.218770000000006348e-01
1.764009999999984757e-01
1.968130000000058999e-01
3.310329999999908068e-01
1.851080000000138170e-01
1.789760000000057971e-01
3.155109999999865522e-01
1.784399999999948250e-01
1.816639999999978272e-01
3.343760000000060018e-01
3.569659999999998945e-01
3.161860000000018545e-01
3.598640000000017380e-01
3.196910000000059426e-01
1.985859999999917136e-01
4.756450000000000955e-01
3.585719999999952279e-01
3.189350000000104046e-01
1.835609999999974207e-01
1.809580000000039490e-01
3.116540000000043165e-01
4.986969999999928405e-01
1.762149999999991223e-01
1.920089999999987640e-01
1.861480000000028667e-01
3.072590000000019472e-01
1.842500000000057980e-01
3.207539999999937663e-01
1.887219999999985021e-01
3.622170000000011214e-01
3.243599999999986494e-01
1.881300000000010186e-01
1.931859999999971933e-01
3.135109999999912134e-01
1.918590000000079954e-01
1.904509999999959291e-01
3.093700000000012551e-01
3.719860000000068112e-01
3.296030000000058635e-01
1.765769999999946549e-01
1.778740000000027521e-01
3.098809999999900811e-01
3.713020000000000209e-01
3.217390000000079908e-01
1.818090000000012196e-01
3.188109999999966249e-01
3.506040000000041346e-01
3.502399999999994407e-01
1.782069999999862375e-01
3.557590000000061536e-01
3.182699999999982765e-01
3.726280000000059545e-01
3.151669999999882066e-01
1.893220000000042091e-01
1.862100000000026512e-01
3.012829999999979691e-01
1.839050000000099772e-01
1.894819999999981519e-01
3.194390000000026930e-01
1.924859999999881666e-01
1.760430000000070550e-01
3.176239999999950214e-01
1.812929999999965958e-01
1.904330000000129530e-01
3.311869999999998981e-01
1.809779999999818756e-01
1.857440000000138980e-01
3.193509999999974980e-01
1.766810000000020864e-01
1.750380000000006930e-01
3.119009999999917682e-01
1.777670000000028949e-01
3.325930000000028031e-01
1.866069999999950824e-01
3.787630000000064001e-01
3.055049999999965848e-01
1.921210000000002083e-01
1.930520000000086611e-01
4.907089999999953989e-01
1.983040000000073633e-01
3.249159999999875481e-01
3.478750000000019327e-01
4.793680000000080099e-01
2.111489999999918155e-01
3.317559999999986076e-01
1.760090000000076316e-01
1.914819999999934907e-01
3.250160000000050786e-01
1.912149999999996908e-01
3.112779999999872871e-01
1.897130000000117889e-01
1.793360000000063792e-01
3.482229999999901793e-01
5.357730000000060500e-01
4.779719999999940683e-01
1.806370000000043774e-01
3.396489999999943166e-01
1.872310000000112495e-01
1.785539999999912197e-01
3.125529999999940856e-01
5.299130000000076279e-01
3.283399999999971897e-01
1.925809999999898992e-01
3.074810000000098853e-01
1.804559999999924003e-01
3.176150000000035334e-01
1.881440000000083046e-01
1.819799999999958118e-01
1.810420000000050322e-01
3.260020000000025675e-01
1.884249999999951797e-01
3.436319999999994934e-01
3.379389999999915517e-01
1.872550000000074988e-01
3.062919999999991205e-01
2.064940000000063947e-01
1.816339999999883048e-01
3.155990000000059581e-01
2.039440000000070086e-01
4.872199999999935471e-01
5.417279999999919937e-01
1.835690000000198552e-01
1.930789999999973361e-01
1.821129999999868687e-01
2.995200000000011187e-01
3.710480000000018208e-01
3.119380000000120390e-01
1.768029999999924939e-01
3.136819999999858055e-01
1.877530000000007249e-01
3.491730000000075052e-01
3.253459999999961383e-01
1.795660000000083301e-01
1.844320000000010396e-01
3.378549999999904685e-01
1.928870000000131313e-01
1.800459999999901584e-01
3.173939999999930706e-01
3.696220000000067785e-01
3.023940000000067130e-01
1.849039999999888551e-01
1.961370000000073333e-01
3.201969999999931815e-01
3.543169999999946640e-01
3.091320000000052914e-01
2.017749999999978172e-01
3.420750000000083446e-01
1.812679999999886604e-01
3.520040000000079772e-01
3.234010000000040463e-01
2.737869999999986703e-01
2.522520000000127993e-01
3.593139999999834799e-01
1.923900000000173804e-01
3.004909999999938464e-01
1.927459999999996398e-01
1.963269999999965876e-01
3.131139999999845713e-01
1.793320000000164782e-01
3.386579999999952406e-01
1.772679999999979827e-01
1.862350000000105865e-01
1.904449999999968668e-01
3.460379999999929623e-01
1.880809999999968340e-01
1.916259999999994079e-01
2.872750000000081627e-01
2.010459999999909542e-01
3.147730000000024120e-01
1.899980000000027758e-01
1.755910000000113769e-01
2.017409999999841830e-01
3.097870000000142454e-01
1.851809999999858292e-01
1.795180000000158316e-01
3.135649999999827742e-01
1.900899999999978718e-01
1.780720000000144410e-01
3.280279999999891061e-01
1.765790000000038162e-01
1.967979999999869278e-01
3.136860000000183391e-01
1.792179999999916618e-01
1.934110000000117680e-01
3.116990000000043892e-01
1.821060000000045420e-01
1.902010000000018408e-01
3.226449999999942975e-01
1.770199999999846341e-01
1.881450000000057798e-01
3.092779999999919482e-01
3.656660000000044874e-01
3.177220000000176015e-01
1.759919999999937090e-01
1.907499999999942020e-01
3.273830000000117479e-01
2.029489999999896099e-01
3.004599999999868487e-01
1.819710000000043237e-01
1.794900000000154705e-01
2.091069999999746187e-01
3.024560000000064974e-01
1.839689999999905012e-01
3.347120000000245454e-01
1.919570000000021537e-01
1.917969999999940001e-01
4.893280000000004293e-01
1.946899999999942565e-01
3.448459999999897718e-01
1.819689999999951624e-01
1.800960000000202399e-01
1.918000000000006366e-01
3.185089999999917154e-01
1.877989999999840620e-01
3.180570000000102482e-01
1.768460000000118271e-01
1.988570000000038362e-01
4.633300000000133423e-01
1.912049999999965166e-01
1.918019999999671654e-01
3.166930000000149903e-01
1.829409999999995762e-01
1.861710000000016407e-01
3.093350000000043565e-01
2.085330000000169548e-01
1.871609999999748197e-01
3.201699999999902957e-01
3.703610000000310265e-01
3.096299999999985175e-01
1.104025000000007140e+00
5.024939999999844531e-01
1.921449999999822467e-01
7.712999999999965439e-01
2.056450000000040745e-01
2.450530000000128439e-01
6.535140000000012606e-01
3.533799999999871488e-01
3.522049999999978809e-01
6.879270000000019536e-01
4.984179999999867050e-01
8.956650000000365708e-01
1.753799999999898773e-01
1.775029999999730990e-01
3.401860000000169748e-01
1.189864999999997508e+00
3.745880000000170185e-01
5.071619999999938955e-01
5.030600000000049477e-01
1.926770000000033178e-01
7.154939999999783140e-01
6.769880000000227938e-01
5.153589999999894644e-01
3.406200000000012551e-01
3.222409999999911179e-01
1.811509999999998399e-01
1.446661000000005970e+00
6.429090000000030614e-01
6.668310000000019500e-01
7.149210000000039145e-01
5.095729999999889515e-01
1.022795999999999594e+00
1.961680000000001201e-01
3.418680000000051677e-01
3.173390000000040345e-01
3.527880000000038763e-01
5.259460000000046875e-01
3.440639999999746124e-01
3.308890000000133114e-01
1.836419999999918673e-01
2.028699999999901138e-01
3.220990000000085729e-01
1.778250000000127784e-01
1.899400000000071032e-01
4.878989999999987504e-01
1.946059999999647516e-01
3.283240000000375858e-01
1.891750000000058662e-01
1.923389999999756128e-01
3.315450000000055297e-01
3.527449999999987540e-01
3.194900000000018281e-01
2.489260000000115269e-01
2.741629999999872780e-01
1.774729999999919983e-01
1.757580000000018572e-01
1.952100000000029922e-01
3.111510000000237142e-01
1.867489999999918382e-01
3.205769999999859010e-01
3.458200000000033469e-01
2.036099999999976262e-01
3.164820000000077016e-01
1.795479999999827214e-01
1.889010000000155287e-01
3.208120000000178607e-01
1.816279999999608208e-01
3.501970000000369510e-01
1.872839999999769134e-01
3.493959999999844968e-01
4.848510000000203490e-01
1.978719999999896118e-01
3.219750000000090040e-01
1.847549999999955617e-01
3.269809999999893080e-01
1.916669999999953689e-01
1.838050000000066575e-01
1.890340000000207965e-01
3.148030000000119344e-01
1.803409999999701085e-01
2.084870000000194068e-01
2.999460000000055970e-01
1.904879999999877782e-01
2.020899999999983265e-01
3.129889999999875272e-01
1.856889999999964402e-01
1.970100000000059026e-01
4.774090000000228429e-01
3.445079999999904885e-01
1.764999999999758984e-01
1.872040000000083637e-01
2.005770000000097752e-01
3.055500000000108685e-01
1.787249999999858119e-01
2.102720000000033451e-01
3.193880000000035579e-01
1.852119999999786160e-01
3.269480000000157816e-01
1.759710000000040964e-01
1.876709999999945921e-01
3.010260000000073433e-01
1.819799999999816009e-01
1.976229999999929987e-01
1.859710000000234231e-01
3.323639999999841166e-01
3.646430000000009386e-01
3.126130000000273412e-01
1.940969999999992979e-01
1.752179999999725624e-01
3.030770000000018172e-01
1.820170000000018717e-01
1.917120000000238633e-01
3.197729999999978645e-01
1.802299999999945612e-01
1.856389999999805696e-01
3.189940000000319742e-01
1.785359999999798220e-01
1.934210000000007312e-01
3.268830000000093605e-01
1.857139999999901647e-01
1.852340000000083364e-01
3.128459999999790853e-01
1.834040000000243253e-01
1.899279999999805568e-01
3.161479999999983193e-01
1.799399999999877764e-01
1.901430000000345899e-01
3.068229999999800839e-01
1.863600000000076307e-01
2.090809999999976299e-01
2.967859999999973297e-01
1.881419999999991433e-01
1.978050000000166619e-01
5.024009999999918819e-01
3.483800000000201180e-01
1.757819999999696847e-01
1.793069999999943320e-01
1.976170000000081473e-01
4.963590000000124292e-01
2.051490000000057989e-01
3.174559999999928550e-01
1.791460000000029140e-01
3.164149999999779084e-01
3.530190000000175132e-01
2.030079999999827578e-01
3.316499999999962256e-01
1.864490000000103009e-01
1.976160000000106720e-01
3.160149999999930515e-01
1.801429999999868414e-01
1.913250000000061846e-01
3.170509999999922002e-01
3.752050000000224372e-01
3.223100000000158616e-01
3.723869999999749325e-01
3.335940000000050532e-01
1.810559999999838965e-01
1.903640000000166310e-01
3.197830000000010386e-01
2.157890000000008968e-01
3.023349999999993543e-01
1.780279999999834217e-01
1.907960000000059608e-01
1.980680000000063501e-01
3.198460000000125092e-01
3.573689999999771771e-01
3.366900000000043747e-01
1.983240000000137115e-01
1.909899999999993270e-01
2.989090000000089731e-01
1.761699999999848387e-01
2.181439999999952306e-01
3.179580000000044038e-01
1.924759999999992033e-01
1.827510000000245327e-01
3.129849999999692045e-01
1.839410000000327727e-01
4.853139999999882548e-01
2.005039999999951306e-01
3.503059999999891261e-01
3.521220000000084838e-01
2.063520000000096388e-01
3.074539999999785778e-01
1.765570000000025175e-01
3.489930000000072141e-01
3.450819999999907850e-01
1.842830000000219570e-01
3.123599999999839838e-01
1.873390000000085820e-01
1.874750000000062755e-01
2.694799999999872853e-01
1.457032999999995582e+00
1.912749999999903139e-01
1.756390000000180862e-01
3.326919999999802258e-01
1.918200000000069849e-01
3.280259999999941556e-01
3.762910000000090349e-01
1.781010000000264881e-01
3.169349999999724332e-01
1.979430000000093059e-01
1.916850000000067666e-01
3.096779999999910160e-01
1.882190000000036889e-01
1.977430000000026666e-01
3.259410000000002583e-01
1.759989999999902466e-01
1.985290000000077271e-01
3.070529999999962456e-01
1.835399999999935972e-01
1.972649999999873671e-01
3.144480000000271502e-01
2.030839999999898282e-01
1.850909999999998945e-01
4.960789999999803968e-01
1.754820000000165692e-01
3.369550000000174350e-01
1.959189999999750853e-01
1.885120000000313212e-01
3.410429999999848860e-01
1.908889999999985321e-01
1.823929999999904794e-01
3.274010000000089349e-01
2.089149999999904139e-01
3.069979999999929987e-01
1.824210000000050513e-01
1.923390000000040345e-01
1.775260000000002947e-01
3.078959999999995034e-01
1.941129999999873235e-01
3.502270000000180517e-01
1.753150000000118780e-01
1.926289999999823976e-01
5.008239999999943848e-01
1.910850000000152704e-01
1.935110000000008768e-01
3.107389999999838892e-01
1.887270000000000891e-01
1.910340000000303462e-01
3.313999999999737156e-01
1.935640000000091732e-01
3.388270000000090931e-01
3.432649999999739521e-01
1.893680000000301789e-01
3.338189999999769952e-01
1.939210000000173295e-01
1.914799999999843294e-01
3.285150000000101045e-01
2.011499999999841748e-01
3.077040000000010878e-01
1.828380000000322525e-01
1.879969999999957508e-01
1.865859999999770480e-01
3.256910000000061700e-01
1.868259999999963838e-01
1.888639999999952579e-01
3.234649999999987813e-01
2.027489999999829706e-01
3.193710000000464788e-01
1.988369999999690663e-01
2.422850000000096315e-01
2.503870000000176788e-01
1.812349999999582906e-01
1.901960000000428863e-01
3.541519999999707125e-01
3.546260000000245327e-01
1.787799999999606371e-01
3.210420000000340224e-01
1.890530000000012478e-01
1.843879999999842312e-01
3.039550000000303953e-01
1.837909999999567390e-01
3.547080000000164546e-01
1.758580000000051768e-01
1.913450000000125328e-01
3.365569999999991069e-01
1.798249999999939064e-01
1.885829999999941720e-01
1.757649999999841839e-01
3.247430000000406380e-01
2.101159999999708816e-01
1.870590000000049713e-01
3.109159999999917545e-01
1.786639999999977135e-01
1.923790000000167311e-01
3.306299999999851025e-01
1.938459999999793126e-01
1.833910000000287255e-01
1.928450000000054843e-01
3.116239999999947941e-01
1.885999999999796728e-01
3.259330000000204564e-01
1.941839999999785960e-01
1.870110000000408945e-01
3.332489999999665997e-01
1.764760000000364926e-01
1.842879999999809115e-01
3.336419999999975516e-01
1.875879999999767733e-01
1.840530000000342170e-01
3.095369999999491029e-01
1.751220000000444088e-01
1.932779999999638676e-01
3.371180000000322252e-01
1.799780000000055225e-01
3.556169999999951870e-01
3.671219999999664196e-01
3.165680000000179461e-01
1.874270000000137770e-01
1.971969999999885204e-01
3.247829999999964912e-01
1.897160000000042146e-01
1.805609999999830961e-01
1.842830000000219570e-01
3.256069999999908759e-01
1.949440000000208784e-01
3.451989999999796055e-01
1.784339999999815518e-01
1.960250000000200998e-01
4.769000000000005457e-01
1.993930000000148084e-01
1.955519999999921765e-01
3.297560000000032687e-01
1.797120000000234086e-01
1.837979999999959091e-01
3.351239999999791053e-01
2.045329999999978554e-01
1.876499999999907686e-01
3.260089999999991051e-01
1.917980000000056862e-01
1.803249999999820830e-01
3.316110000000378477e-01
1.866799999999955162e-01
1.842089999999814154e-01
1.850400000000149703e-01
3.188959999999951833e-01
2.029509999999845604e-01
3.273740000000202599e-01
1.786080000000254131e-01
1.816179999999576467e-01
3.382660000000043965e-01
1.877819999999985612e-01
1.814950000000123964e-01
3.274770000000160053e-01
1.870120000000099481e-01
1.832919999999944594e-01
3.195309999999835782e-01
1.846139999999820702e-01
1.988840000000209329e-01
3.246639999999842985e-01
1.799599999999941247e-01
1.996379999999930988e-01
3.019920000000411164e-01
2.029449999999712873e-01
3.224580000000116797e-01
1.798330000000021300e-01
1.905649999999923239e-01
1.808609999999930551e-01
5.040070000000298478e-01
1.973379999999735901e-01
3.354719999999815627e-01
2.019550000000265300e-01
3.145379999999988740e-01
1.775220000000103937e-01
2.177939999999978227e-01
3.064909999999656520e-01
1.837079999999957636e-01
1.847960000000057335e-01
1.780260000000168930e-01
3.241310000000225955e-01
1.818989999999587326e-01
1.843950000000234013e-01
3.364589999999907377e-01
1.900930000000187192e-01
1.857850000000098589e-01
3.150039999999876272e-01
1.887820000000033360e-01
3.326680000000123982e-01
1.834879999999827760e-01
3.661290000000008149e-01
3.377810000000067703e-01
1.827989999999886095e-01
3.284740000000283544e-01
1.792909999999494630e-01
1.762390000000095824e-01
2.013770000000079108e-01
3.285989999999685551e-01
1.969560000000285527e-01
1.809240000000045256e-01
3.221850000000188174e-01
1.892659999999750653e-01
1.915459999999882257e-01
3.107010000000229866e-01
1.823899999999980537e-01
2.076639999999940756e-01
3.184020000000202799e-01
1.947359999999775937e-01
1.797249999999905867e-01
3.033530000000439486e-01
1.968799999999646388e-01
3.277089999999986958e-01
1.861330000000123164e-01
1.989799999999775082e-01
3.145880000000431664e-01
1.961039999999911743e-01
1.841869999999516949e-01
1.901720000000182154e-01
3.159730000000138261e-01
2.229200000000162163e-01
3.141149999999868214e-01
3.520080000000120890e-01
3.059499999999957254e-01
1.770219999999653737e-01
1.855060000000321452e-01
1.915449999999907504e-01
3.446409999999957563e-01
1.947450000000117143e-01
3.368720000000280379e-01
1.763619999999548327e-01
1.928700000000276304e-01
2.001060000000052241e-01
3.059599999999988995e-01
1.925379999999847769e-01
1.854069999999978791e-01
3.201689999999928204e-01
3.708959999999876800e-01
3.355820000000164782e-01
1.815290000000118198e-01
3.382389999999588781e-01
1.828959999999995034e-01
1.974230000000147811e-01
1.811510000000282616e-01
1.778620000000046275e-01
3.558659999999633783e-01
1.782560000000046330e-01
3.109530000000120253e-01
1.901550000000042928e-01
3.666669999999783158e-01
3.384800000000325326e-01
3.491889999999671090e-01
1.778160000000070795e-01
1.914870000000234995e-01
1.784439999999847259e-01
3.194660000000055788e-01
1.980929999999716529e-01
1.987750000000119144e-01
3.189810000000079526e-01
1.874399999999809552e-01
1.873270000000104574e-01
1.832640000000083091e-01
1.762459999999919091e-01
1.931209999999907723e-01
1.759780000000432665e-01
3.204130000000020573e-01
1.854539999999929023e-01
1.756739999999581414e-01
3.403110000000424407e-01
3.521269999999958600e-01
3.482149999999819556e-01
3.638190000000349755e-01
3.225589999999556312e-01
1.768309999999928550e-01
1.852939999999989595e-01
3.018200000000206273e-01
2.151910000000043510e-01
3.416359999999940555e-01
3.231610000000273430e-01
2.002789999999663451e-01
3.202910000000542823e-01
1.916509999999789216e-01
3.301529999999956999e-01
3.318179999999983920e-01
1.832979999999793108e-01
2.967459999999846332e-01
2.023550000000113869e-01
3.145109999999817774e-01
3.427700000000299951e-01
3.113599999999792090e-01
1.976559999999949468e-01
1.791690000000016880e-01
1.841929999999933898e-01
3.440020000000458822e-01
1.789549999999735519e-01
4.988200000000233558e-01
1.857549999999719148e-01
2.187450000000126238e-01
3.153259999999704633e-01
1.871120000000132677e-01
1.995930000000498694e-01
3.164219999999318134e-01
2.000340000000733198e-01
3.261399999999525789e-01
3.596440000000029613e-01
1.815490000000181681e-01
3.318119999999566971e-01
1.943249999999920874e-01
1.784900000000675391e-01
1.801899999999818647e-01
3.000059999999962201e-01
1.865009999999642787e-01
3.233470000000693290e-01
3.549939999999764950e-01
3.355069999999500396e-01
1.814340000000242981e-01
1.853849999999965803e-01
3.371870000000285472e-01
1.902180000000157634e-01
1.953159999999343199e-01
4.718570000000568143e-01
1.933520000000044092e-01
3.303459999999631691e-01
1.749199999999859756e-01
1.837890000000470536e-01
1.761629999999740903e-01
1.783669999999801803e-01
1.792050000000244836e-01
2.065100000000370528e-01
3.476579999999671600e-01
1.838920000000143773e-01
3.501860000000078799e-01
3.246679999999741995e-01
3.151090000000067448e-01
1.831809999999904903e-01
2.023500000000240107e-01
1.814819999999599531e-01
5.391690000000153304e-01
2.004800000000273030e-01
3.235119999999369611e-01
1.899630000000342989e-01
3.513509999999655520e-01
3.441370000000461005e-01
1.867829999999912616e-01
3.295139999999605607e-01
3.659070000000497203e-01
3.426329999999779830e-01
1.865450000000237196e-01
1.792609999999967840e-01
3.354019999999877655e-01
2.088059999999813954e-01
3.260360000000446234e-01
1.835169999999948232e-01
1.819600000000036744e-01
3.107699999999908869e-01
1.874459999999658066e-01
1.806940000000167856e-01
1.842479999999682150e-01
3.351100000000428736e-01
1.850230000000010477e-01
3.364209999999729916e-01
1.851400000000467116e-01
1.847980000000006839e-01
1.816219999999475476e-01
3.170240000000603686e-01
1.913229999999543907e-01
1.927290000000425607e-01
3.360579999999799838e-01
1.892469999999661923e-01
1.823970000000372238e-01
3.491619999999784341e-01
1.804389999999784777e-01
1.845819999999775973e-01
3.413380000000643122e-01
1.995689999999967768e-01
3.249509999999986576e-01
3.401849999999626561e-01
1.765800000000581349e-01
3.366359999999986030e-01
1.995999999999753527e-01
1.898239999999873362e-01
1.748699999999985266e-01
3.442120000000272739e-01
1.920099999999820284e-01
3.234019999999873107e-01
1.887039999999728934e-01
1.864670000000501204e-01
3.151769999999487482e-01
1.849730000000704422e-01
1.982439999999883185e-01
3.255579999999440588e-01
1.786760000000526816e-01
3.508649999999988722e-01
1.900390000000129476e-01
1.833689999999705833e-01
1.750549999999861939e-01
3.274440000000140572e-01
1.898710000000392029e-01
1.820489999999495012e-01
3.119839999999953761e-01
1.992680000000177643e-01
3.274169999999685388e-01
1.793160000000284526e-01
1.776619999999979882e-01
1.954230000000052314e-01
1.805570000000216169e-01
3.369040000000040891e-01
2.009709999999813590e-01
3.229959999999891807e-01
1.821229999999900429e-01
1.953480000000240580e-01
3.092359999999985121e-01
1.862189999999941392e-01
3.447780000000193468e-01
1.890049999999519059e-01
1.966780000000198925e-01
1.864140000000134023e-01
3.387250000000108230e-01
1.812979999999697611e-01
1.862550000000169348e-01
3.383760000000393120e-01
2.126599999999143620e-01
3.132540000000290092e-01
3.596070000000395339e-01
3.187909999999760657e-01
1.911160000000222681e-01
1.845409999999674255e-01
1.776940000000308828e-01
3.493879999999762731e-01
1.790950000000179898e-01
5.177299999999718239e-01
1.838470000000143045e-01
1.995559999999727552e-01
3.086470000000076652e-01
1.833550000000059299e-01
1.909949999999867032e-01
3.416710000000193759e-01
1.806879999999750908e-01
1.803790000000162763e-01
1.922099999999886677e-01
3.569280000000389919e-01
2.027279999999791471e-01
3.207209999999918182e-01
1.865720000000123946e-01
1.881609999999795946e-01
3.071400000000039654e-01
1.855530000000271684e-01
3.082890000000020336e-01
1.977929999999901156e-01
1.866699999999923421e-01
1.863549999999918327e-01
1.858390000000440523e-01
1.780479999999897700e-01
1.773789999999735301e-01
3.482010000000173022e-01
1.861069999999926949e-01
1.954229999999483880e-01
3.421890000000189502e-01
3.415750000000343789e-01
2.023919999999748143e-01
3.259570000000167056e-01
1.753410000000030777e-01
3.500129999999899155e-01
1.764590000000225700e-01
1.927569999999718675e-01
1.972670000000107393e-01
3.227780000000279870e-01
1.930249999999773536e-01
1.846029999999814208e-01
3.365679999999997563e-01
1.965120000000410982e-01
1.785380000000031941e-01
3.156489999999507745e-01
1.986150000000179716e-01
1.836580000000367363e-01
3.157469999999875654e-01
1.864909999999895263e-01
3.511509999999589127e-01
1.943709999999896354e-01
1.866820000000757318e-01
1.866189999999505744e-01
3.176650000000336149e-01
1.821479999999837673e-01
1.761960000000044602e-01
3.374169999999594438e-01
1.943340000000262080e-01
1.923189999999976862e-01
2.597959999999943648e-01
2.285430000000019390e-01
2.448679999999967549e-01
4.709149999999908687e-01
2.664280000000189830e-01
1.839190000000030523e-01
2.039139999999974862e-01
2.139129999999909160e-01
1.126294000000029882e+00
2.017419999999674474e-01
2.667270000000030450e-01
