1.776320000000000121e-01
2.836730000000002860e-01
1.677010000000001000e-01
1.485759999999993752e-01
3.439069999999997407e-01
3.271360000000003154e-01
1.637320000000004327e-01
1.633490000000001885e-01
1.559989999999995547e-01
2.940529999999998978e-01
2.504309999999998482e-01
2.879730000000000345e-01
2.120920000000010575e-01
2.596729999999993765e-01
2.100059999999990268e-01
3.084270000000017831e-01
2.805859999999995580e-01
1.442399999999999238e-01
2.471770000000006462e-01
1.679989999999982331e-01
1.790670000000016415e-01
1.586579999999990775e-01
3.104150000000007736e-01
2.040380000000006078e-01
1.766219999999982804e-01
1.826310000000006539e-01
3.028720000000006962e-01
3.367069999999987573e-01
3.257940000000001390e-01
1.817270000000004160e-01
1.999250000000003524e-01
2.775149999999992900e-01
3.706449999999996692e-01
3.251089999999994262e-01
2.130170000000006780e-01
2.786119999999989716e-01
2.088240000000016749e-01
3.410539999999979699e-01
3.229360000000021103e-01
4.875829999999989894e-01
1.697100000000002495e-01
1.692140000000019739e-01
3.061139999999973327e-01
2.143910000000008864e-01
1.799619999999997333e-01
1.853710000000017288e-01
3.021839999999986759e-01
3.295789999999989561e-01
3.340320000000005507e-01
1.847619999999992046e-01
2.013890000000024827e-01
2.830999999999974648e-01
3.742750000000008015e-01
3.217870000000004893e-01
2.045209999999997308e-01
3.081420000000001380e-01
1.910160000000011848e-01
3.212310000000009325e-01
3.300509999999974298e-01
3.347890000000006694e-01
1.878239999999991028e-01
1.444879999999990616e-01
1.994089999999992813e-01
2.635830000000041196e-01
1.568189999999987094e-01
2.378490000000006432e-01
2.588939999999979591e-01
2.362029999999997187e-01
2.996950000000033754e-01
3.443239999999967438e-01
3.596120000000020411e-01
3.497890000000012378e-01
3.365989999999996485e-01
2.812120000000000175e-01
2.511599999999987176e-01
2.705959999999976162e-01
2.254430000000020584e-01
3.292070000000002494e-01
3.386190000000013356e-01
3.318619999999974368e-01
3.251390000000000668e-01
3.227110000000017465e-01
1.902979999999985239e-01
1.787759999999991578e-01
2.071199999999997488e-01
2.680030000000037660e-01
1.929229999999968470e-01
3.316659999999984620e-01
3.447020000000016182e-01
3.207140000000023861e-01
1.389609999999983359e-01
1.835680000000010637e-01
3.980489999999967665e-01
3.129500000000007276e-01
2.013340000000027885e-01
2.756169999999968923e-01
1.678999999999994941e-01
3.619540000000007751e-01
3.162120000000037123e-01
3.317639999999961731e-01
1.696420000000031791e-01
1.564289999999992631e-01
1.998809999999977549e-01
2.921719999999972117e-01
1.907410000000062666e-01
2.228969999999961260e-01
2.189350000000018781e-01
2.326100000000010937e-01
3.856859999999997513e-01
3.476999999999961233e-01
3.191570000000041318e-01
3.414390000000011582e-01
3.611749999999958050e-01
2.674340000000015038e-01
2.538250000000061846e-01
2.778639999999938937e-01
2.316980000000015139e-01
3.360130000000012274e-01
3.503139999999973497e-01
3.340439999999986753e-01
3.295960000000022205e-01
3.181210000000049831e-01
1.810329999999922279e-01
1.784910000000010655e-01
2.100599999999985812e-01
2.412570000000044956e-01
2.055479999999931806e-01
3.450180000000102609e-01
3.290620000000004097e-01
3.340279999999964389e-01
1.654629999999954748e-01
1.747890000000040800e-01
3.586450000000027671e-01
3.265849999999943520e-01
1.301449999999988449e-01
1.281580000000062114e-01
2.202909999999960178e-01
1.784469999999984680e-01
1.258249999999989654e-01
1.413680000000070436e-01
1.934659999999936986e-01
2.115280000000012706e-01
1.747860000000045488e-01
1.508259999999950196e-01
2.025009999999980437e-01
1.347640000000041027e-01
1.780429999999952884e-01
2.777270000000058303e-01
1.970919999999978245e-01
2.171189999999967313e-01
2.739160000000069317e-01
2.138579999999947745e-01
3.141490000000075611e-01
3.526829999999918641e-01
3.755890000000050577e-01
3.080359999999942033e-01
3.494290000000077612e-01
2.968059999999965726e-01
2.518430000000009272e-01
2.737669999999994275e-01
2.267439999999965039e-01
3.267979999999965912e-01
3.542980000000071072e-01
3.305159999999958131e-01
3.377309999999980050e-01
3.254070000000055529e-01
1.658830000000008909e-01
1.594899999999981333e-01
2.299249999999943839e-01
4.952400000000025670e-01
1.847270000000023060e-01
3.385099999999994225e-01
3.508470000000016853e-01
3.461110000000005016e-01
1.896969999999953416e-01
1.743009999999998172e-01
2.736280000000093082e-01
6.865489999999923043e-01
2.378590000000002647e-01
1.119050000000001432e+00
2.073660000000003834e-01
1.901119999999991705e-01
2.752780000000072391e-01
2.010029999999858319e-01
1.787220000000147024e-01
2.078849999999974330e-01
3.420279999999991105e-01
3.178929999999908773e-01
3.285240000000015925e-01
1.999360000000010018e-01
1.866850000000042087e-01
2.781000000000020123e-01
3.777109999999979095e-01
3.458529999999910842e-01
1.944540000000074542e-01
3.099450000000061323e-01
1.952399999999911984e-01
3.278340000000099508e-01
3.302869999999984429e-01
3.235979999999969436e-01
1.770629999999968618e-01
1.577230000000042764e-01
2.025920000000027699e-01
4.880739999999974543e-01
1.849240000000023088e-01
2.015659999999854790e-01
3.368700000000117711e-01
3.406760000000019772e-01
3.025619999999946685e-01
1.969630000000037739e-01
3.009759999999985780e-01
2.107839999999967517e-01
2.952390000000022496e-01
3.355689999999924567e-01
1.799520000000072173e-01
2.111050000000034288e-01
3.211809999999886145e-01
3.078130000000030009e-01
3.521720000000101436e-01
3.205659999999923571e-01
3.299619999999947595e-01
3.397150000000053183e-01
1.748780000000067503e-01
1.810789999999968813e-01
1.977990000000033888e-01
2.464240000000046393e-01
2.230869999999924858e-01
3.389929999999878873e-01
3.572690000000164900e-01
2.516409999999922320e-01
1.801679999999947768e-01
3.845130000000125392e-01
5.056079999999951724e-01
1.855739999999883594e-01
1.972600000000142018e-01
3.139890000000065129e-01
3.273609999999962383e-01
3.638419999999911170e-01
3.441869999999909169e-01
3.242450000000189902e-01
3.324709999999981846e-01
1.965050000000019281e-01
1.593729999999879965e-01
2.155270000000086839e-01
2.794090000000011287e-01
1.959920000000039408e-01
3.443489999999940210e-01
3.453389999999956217e-01
4.599469999999996617e-01
2.025450000000006412e-01
2.084430000000025984e-01
2.978559999999959018e-01
1.950360000000017635e-01
2.333980000000082100e-01
2.590309999999931279e-01
2.048849999999902138e-01
3.396440000000069404e-01
3.419510000000087757e-01
3.265699999999895908e-01
1.710719999999952279e-01
1.856369999999998299e-01
2.010890000000102873e-01
4.930349999999918964e-01
1.879310000000060654e-01
1.773780000000044765e-01
3.556079999999894881e-01
3.171550000000138425e-01
3.031409999999823413e-01
3.624780000000100699e-01
3.315379999999947813e-01
3.591420000000056234e-01
2.834039999999902193e-01
1.963920000000030086e-01
1.998940000000146711e-01
2.834949999999878401e-01
1.873300000000028831e-01
1.531789999999944030e-01
1.388600000000081991e-01
2.117980000000017071e-01
2.466079999999948313e-01
2.155000000000057980e-01
2.404779999999959728e-01
2.054059999999964248e-01
3.313700000000068258e-01
1.926279999999849224e-01
1.613710000000168066e-01
1.772949999999866577e-01
3.178580000000010841e-01
3.473840000000052441e-01
3.571409999999985985e-01
3.587110000000137688e-01
1.759639999999791371e-01
1.662930000000102382e-01
3.248040000000003147e-01
3.511450000000024829e-01
1.423589999999990141e-01
1.753359999999872798e-01
1.728460000000069385e-01
1.627069999999974925e-01
3.765460000000047103e-01
1.831080000000042673e-01
1.416770000000013852e-01
3.282389999999963948e-01
1.535909999999915954e-01
1.642950000000098498e-01
2.142099999999942384e-01
3.352390000000013970e-01
1.502049999999996999e-01
2.124029999999947904e-01
1.940780000000046357e-01
3.042569999999926722e-01
3.707940000000178316e-01
2.993099999999913052e-01
2.043579999999991514e-01
2.019749999999902457e-01
2.977640000000150167e-01
1.278220000000089840e-01
2.382849999999905322e-01
3.039770000000032724e-01
2.119949999999874990e-01
2.742630000000048085e-01
2.373589999999978772e-01
3.433090000000049713e-01
3.574189999999930478e-01
3.242220000000060054e-01
1.563519999999982701e-01
1.714780000000075688e-01
1.910609999999905995e-01
4.784369999999995571e-01
1.729160000000007358e-01
1.920829999999966731e-01
3.239130000000045584e-01
3.770240000000057989e-01
3.156389999999902329e-01
2.223699999999979582e-01
2.432360000000102218e-01
1.874540000000024520e-01
3.841479999999961592e-01
3.385669999999976199e-01
2.229400000000083537e-01
3.028799999999876036e-01
1.768710000000055516e-01
3.292399999999986449e-01
3.517200000000002547e-01
3.588069999999987658e-01
1.781399999999990769e-01
1.767229999999955226e-01
1.993080000000162499e-01
4.661319999999875563e-01
1.901810000000097034e-01
1.825359999999989213e-01
3.488140000000043983e-01
3.195619999999905758e-01
3.227789999999970405e-01
2.068940000000054624e-01
5.015449999999930242e-01
3.671729999999939764e-01
3.160330000000186601e-01
1.935219999999873153e-01
2.772719999999964102e-01
2.490900000000095815e-01
3.032160000000061473e-01
3.232709999999912043e-01
3.503440000000068721e-01
1.833969999999993661e-01
1.628549999999933107e-01
2.293629999999922120e-01
2.726350000000081764e-01
1.936520000000001573e-01
2.110200000000048703e-01
2.814449999999908414e-01
1.982310000000069294e-01
3.715179999999946858e-01
3.298000000000058662e-01
3.567139999999966449e-01
3.305979999999948404e-01
3.574419999999918218e-01
3.076850000000064256e-01
2.564090000000192049e-01
2.749969999999990478e-01
2.199679999999943902e-01
3.343169999999844322e-01
3.228570000000132723e-01
3.578100000000006276e-01
3.304419999999907986e-01
3.534800000000046794e-01
1.776590000000197733e-01
1.670069999999697075e-01
2.107000000000027740e-01
2.552790000000015880e-01
1.798929999999927531e-01
3.825340000000210239e-01
3.390129999999800248e-01
3.390080000000068594e-01
1.530370000000118580e-01
1.974500000000034561e-01
3.703069999999826223e-01
1.544080000000036534e-01
1.839030000000008158e-01
3.148000000000052978e-01
1.710649999999844795e-01
1.889300000000133650e-01
3.475959999999957972e-01
1.828030000000069322e-01
1.544910000000072614e-01
1.850629999999853226e-01
1.657330000000172276e-01
1.517139999999841393e-01
1.733860000000078116e-01
2.225770000000011350e-01
2.498609999999956699e-01
1.818870000000032405e-01
2.606879999999875963e-01
2.748110000000139053e-01
1.733210000000013906e-01
4.020699999999948204e-01
3.241689999999977090e-01
3.254910000000137416e-01
3.401619999999780930e-01
3.907810000000040418e-01
2.953440000000000509e-01
2.521219999999999573e-01
2.749989999999939982e-01
2.219970000000301980e-01
3.397759999999721003e-01
3.348240000000259897e-01
3.667259999999714637e-01
3.410180000000195832e-01
3.081209999999998672e-01
1.880199999999945248e-01
1.850999999999913825e-01
2.149720000000030495e-01
2.628320000000030632e-01
2.144750000000072987e-01
3.281080000000002883e-01
3.315539999999828069e-01
5.100510000000042510e-01
1.851880000000107884e-01
3.496389999999820475e-01
3.409000000000048658e-01
3.494790000000023156e-01
1.595650000000148339e-01
1.951980000000048676e-01
1.570149999999870261e-01
1.882390000000100372e-01
1.416089999999883275e-01
1.315769999999929496e-01
2.211429999999978691e-01
1.260810000000134323e-01
2.408840000000083137e-01
1.645569999999736410e-01
1.929910000000205628e-01
2.465889999999859583e-01
2.343880000000098107e-01
2.087349999999901229e-01
5.159050000000036107e-01
3.147979999999961365e-01
3.502540000000067266e-01
3.584189999999978227e-01
3.346290000000067266e-01
3.590300000000041791e-01
2.962989999999905422e-01
2.579020000000014079e-01
2.857450000000056889e-01
2.286320000000046093e-01
3.323540000000093642e-01
3.499939999999810425e-01
3.366619999999898027e-01
3.460499999999910870e-01
3.455410000000256332e-01
1.671729999999911342e-01
1.510719999999992069e-01
2.320980000000076870e-01
2.852039999999931297e-01
1.939909999999827050e-01
1.653350000000273212e-01
3.650989999999865177e-01
3.525080000000286873e-01
3.558989999999937481e-01
2.013889999999776137e-01
1.533580000000256405e-01
1.645949999999913871e-01
4.826479999999833126e-01
2.667340000000137934e-01
1.341400000000021464e-01
9.050509999999860611e-01
4.201410000000009859e-01
1.743840000000034252e-01
2.090610000000197033e-01
4.843719999999791526e-01
1.787429999999972097e-01
1.919469999999989795e-01
3.345150000000103319e-01
3.347539999999753491e-01
3.751890000000344116e-01
6.937479999999993652e-01
3.782209999999963657e-01
3.159489999999891552e-01
5.115049999999996544e-01
1.967180000000041673e-01
3.273859999999899628e-01
3.651720000000011623e-01
3.214320000000157052e-01
1.779459999999914999e-01
1.811359999999808679e-01
3.716160000000172658e-01
3.341240000000027521e-01
2.908219999999914762e-01
1.681980000000180553e-01
1.627159999999889806e-01
3.832290000000000418e-01
3.623979999999846768e-01
3.278590000000178861e-01
1.484099999999841657e-01
2.080100000000015825e-01
3.713340000000187047e-01
3.453470000000038453e-01
3.264719999999954325e-01
1.598239999999861993e-01
1.915390000000058990e-01
3.278950000000122600e-01
3.536349999999970350e-01
3.183769999999981337e-01
1.651259999999865613e-01
1.851499999999930424e-01
3.749139999999897555e-01
3.457380000000114251e-01
4.760410000000092623e-01
1.865970000000061191e-01
3.510839999999859629e-01
3.692530000000147083e-01
3.223879999999894608e-01
1.665539999999907650e-01
1.948060000000282344e-01
3.540219999999862921e-01
3.424919999999929132e-01
4.827140000000156306e-01
1.945219999999778793e-01
3.628620000000353230e-01
3.485109999999735919e-01
3.376210000000128275e-01
1.600019999999915399e-01
1.664490000000000691e-01
2.184310000000095897e-01
2.870010000000036143e-01
2.067309999999906722e-01
1.938329999999837128e-01
1.680540000000121381e-01
1.518519999999909942e-01
1.719320000000266191e-01
3.450109999999710908e-01
3.426800000000014279e-01
3.452560000000062246e-01
1.647310000000175023e-01
1.872709999999813135e-01
3.548179999999945267e-01
3.456150000000093314e-01
2.981340000000045620e-01
2.024680000000103064e-01
1.646749999999883585e-01
3.728889999999864813e-01
3.400480000000243308e-01
3.237880000000075142e-01
1.823479999999904066e-01
1.593709999999930460e-01
1.950989999999990232e-01
2.602859999999793672e-01
2.294300000000077944e-01
1.829669999999907759e-01
1.667250000000137788e-01
3.654060000000072250e-01
3.391870000000096752e-01
3.153119999999773881e-01
2.328950000000133969e-01
3.107609999999851880e-01
1.735360000000127911e-01
3.170629999999903248e-01
3.303190000000029158e-01
2.164319999999975153e-01
3.731400000000064665e-01
1.797359999999912361e-01
1.515290000000106829e-01
1.703839999999843258e-01
1.598330000000203199e-01
1.564050000000065666e-01
2.048350000000027649e-01
1.918719999999893844e-01
1.338499999999953616e-01
1.672409999999899810e-01
1.967450000000212640e-01
2.659419999999954598e-01
2.475239999999985230e-01
2.297329999999817574e-01
2.729950000000087584e-01
2.083450000000084401e-01
3.196220000000096206e-01
3.926849999999717511e-01
3.380610000000103810e-01
3.181550000000186174e-01
3.781749999999988177e-01
2.903319999999780521e-01
2.559140000000184045e-01
2.678319999999985157e-01
2.361750000000029104e-01
2.891750000000001819e-01
3.968240000000093914e-01
3.320269999999823085e-01
1.602819999999951506e-01
1.846969999999998890e-01
2.006149999999990996e-01
2.650250000000085038e-01
1.833060000000159562e-01
2.057299999999600004e-01
1.643570000000238451e-01
3.422610000000076980e-01
3.575339999999869178e-01
3.205130000000053769e-01
1.798729999999864049e-01
2.084770000000162327e-01
2.981440000000077362e-01
3.475899999999683132e-01
3.382730000000435666e-01
2.211619999999641095e-01
2.825160000000153104e-01
2.195940000000007331e-01
3.363740000000063901e-01
3.625379999999722713e-01
3.267140000000381406e-01
3.358099999999808460e-01
2.081110000000023774e-01
2.667399999999986449e-01
2.095339999999907832e-01
2.186140000000023065e-01
2.554350000000056298e-01
1.959659999999985303e-01
3.572920000000010532e-01
3.412669999999877746e-01
3.856120000000089476e-01
3.288700000000233103e-01
3.651889999999866632e-01
2.859610000000145646e-01
2.466539999999781685e-01
2.861779999999782831e-01
2.431470000000217624e-01
3.124099999999998545e-01
3.549529999999947449e-01
3.593510000000037508e-01
1.764530000000092969e-01
1.602319999999792799e-01
1.767970000000218533e-01
5.395519999999862648e-01
1.865940000000136934e-01
1.818379999999990559e-01
3.301360000000101991e-01
3.418639999999868451e-01
3.041870000000130858e-01
2.086149999999804550e-01
1.790029999999944721e-01
3.436949999999967531e-01
3.620410000000049422e-01
3.221839999999929205e-01
1.857060000000103628e-01
3.099550000000022010e-01
2.088050000000123418e-01
3.433899999999994179e-01
3.166829999999833944e-01
3.484329999999999927e-01
2.135100000000136333e-01
1.734439999999892734e-01
2.001479999999844495e-01
3.201449999999965712e-01
1.842990000000099826e-01
2.050059999999973570e-01
2.862739999999917018e-01
1.837180000000273594e-01
3.577139999999872089e-01
3.518929999999897973e-01
3.416440000000307009e-01
3.377019999999788524e-01
3.686769999999910397e-01
2.937469999999962056e-01
2.241960000000347009e-01
3.285280000000057044e-01
2.034439999999904103e-01
3.506189999999946849e-01
3.288199999999790180e-01
1.455350000000237287e-01
1.976109999999948741e-01
1.775159999999971205e-01
2.006579999999758002e-01
1.839270000000112759e-01
2.941500000000019099e-01
1.752120000000161326e-01
1.902479999999968641e-01
1.471300000000042019e-01
1.618809999999939464e-01
1.891850000000090404e-01
3.635009999999851971e-01
3.173459999999863612e-01
3.676660000000424589e-01
1.811019999999530228e-01
1.918420000000367054e-01
3.798709999999800857e-01
1.259280000000160271e-01
1.973619999999698393e-01
1.387130000000240670e-01
2.302929999999889787e-01
1.786050000000045657e-01
1.778439999999932297e-01
3.609950000000026193e-01
1.411600000000134969e-01
1.421159999999872525e-01
2.176530000000127529e-01
3.062510000000031596e-01
1.549619999999833908e-01
2.427670000000148320e-01
2.866769999999974061e-01
1.801780000000121618e-01
2.292159999999796582e-01
2.839759999999955653e-01
2.146030000000109794e-01
3.500019999999892661e-01
3.535369999999886659e-01
3.543660000000272703e-01
3.151399999999853208e-01
3.605510000000151649e-01
2.721169999999801803e-01
2.577650000000062391e-01
3.163189999999929114e-01
2.582490000000063901e-01
3.048040000000185046e-01
3.416999999999745796e-01
3.564949999999953434e-01
3.497230000000115524e-01
3.654270000000110485e-01
1.710779999999942902e-01
1.820309999999949468e-01
2.092389999999966221e-01
2.744380000000035125e-01
1.979450000000042564e-01
3.434809999999970387e-01
3.815610000000049240e-01
3.214049999999986085e-01
1.853459999999813590e-01
1.758270000000266009e-01
3.735810000000014952e-01
3.438889999999901192e-01
1.320999999999799002e-01
2.161770000000160508e-01
1.752110000000186574e-01
1.666359999999826869e-01
3.573609999999973752e-01
3.558110000000169748e-01
3.417609999999910997e-01
1.537360000000091986e-01
1.857510000000104355e-01
2.155619999999771608e-01
2.927900000000249747e-01
3.795419999999865013e-01
3.043209999999874071e-01
1.997269999999957690e-01
3.637359999999887350e-01
3.537930000000244490e-01
3.565539999999884913e-01
3.212709999999958654e-01
3.597589999999968313e-01
2.863250000000050477e-01
2.621990000000096188e-01
2.918529999999748270e-01
2.107830000000205928e-01
3.600500000000010914e-01
3.371279999999785559e-01
3.456090000000244800e-01
3.493659999999749743e-01
3.294600000000116324e-01
1.928620000000194068e-01
1.846649999999954161e-01
2.143059999999934462e-01
2.873780000000181190e-01
1.867639999999823885e-01
3.451110000000312539e-01
3.271509999999580032e-01
3.703990000000487726e-01
3.584179999999435040e-01
1.683530000000246218e-01
2.292980000000000018e-01
1.507989999999779229e-01
1.870360000000061973e-01
1.828789999999855809e-01
1.629860000000462605e-01
3.466209999999989577e-01
1.538229999999884967e-01
1.736889999999675638e-01
1.737830000000144537e-01
1.532870000000059463e-01
2.085720000000321761e-01
1.739149999999654028e-01
1.632000000000175532e-01
1.946640000000172677e-01
1.926779999999723714e-01
2.594700000000216278e-01
2.162349999999548800e-01
2.070300000000315777e-01
1.898480000000120071e-01
3.400159999999914362e-01
3.332969999999875199e-01
3.592749999999966803e-01
3.842609999999808679e-01
3.049820000000238451e-01
3.065199999999776992e-01
3.287620000000117670e-01
2.357510000000218042e-01
3.303049999999814190e-01
2.322140000000274540e-01
3.319899999999904594e-01
3.495120000000042637e-01
3.654379999999832762e-01
3.284370000000080836e-01
3.184500000000127784e-01
1.908929999999600113e-01
1.836440000000152395e-01
2.235519999999837637e-01
2.748010000000249420e-01
2.047269999999912216e-01
3.495890000000372311e-01
3.645369999999559241e-01
1.483620000000200889e-01
2.248169999999731772e-01
1.588370000000338678e-01
2.155129999999871870e-01
3.645649999999704960e-01
3.219860000000380751e-01
3.802459999999996398e-01
1.735860000000002401e-01
1.600720000000137588e-01
3.715929999999616484e-01
1.640890000000183591e-01
1.257709999999860884e-01
2.150410000000135824e-01
3.235999999999989996e-01
1.510449999999821102e-01
2.338610000000187483e-01
2.812969999999950232e-01
1.793289999999956308e-01
2.060189999999977317e-01
3.028780000000210748e-01
2.436629999999979646e-01
2.932649999999910051e-01
3.673519999999825814e-01
3.641069999999899665e-01
3.381459999999947286e-01
3.483490000000415421e-01
2.821999999999889042e-01
2.671140000000207237e-01
2.890109999999879165e-01
2.428109999999890078e-01
3.228510000000142099e-01
3.738539999999943575e-01
3.512349999999742067e-01
3.365349999999978081e-01
3.391660000000342734e-01
1.773640000000114014e-01
1.585709999999949105e-01
1.966189999999983229e-01
3.362239999999587781e-01
1.636930000000234031e-01
3.573749999999904503e-01
3.374190000000112377e-01
3.715530000000057953e-01
1.650770000000250093e-01
1.764879999999777738e-01
3.568390000000078999e-01
3.098730000000102791e-01
1.388809999999409683e-01
2.340370000000291384e-01
1.842640000000130840e-01
1.866930000000195378e-01
3.569999999999993179e-01
1.276809999999386491e-01
1.638960000000508899e-01
2.248159999999757019e-01
1.286209999999812226e-01
1.888500000000021828e-01
1.691220000000157597e-01
1.986220000000002983e-01
3.231200000000171713e-01
1.848109999999678621e-01
2.305130000000303880e-01
3.068849999999656575e-01
2.126120000000071286e-01
3.113859999999988304e-01
3.369370000000060372e-01
3.989789999999970860e-01
3.219170000000133314e-01
3.552909999999940283e-01
2.737310000000263699e-01
2.243969999999535503e-01
3.176310000000057698e-01
2.310669999999959145e-01
3.095210000000179207e-01
3.739269999999805805e-01
3.570300000000372620e-01
3.259779999999921074e-01
3.488169999999684023e-01
1.821580000000153632e-01
1.944349999999985812e-01
2.256290000000262808e-01
2.622059999999919455e-01
1.997319999999831452e-01
3.599200000000166710e-01
3.783069999999781885e-01
3.562300000000391265e-01
1.549730000000124619e-01
1.809169999999653555e-01
3.436100000000124055e-01
3.657029999999963366e-01
1.716539999999895372e-01
1.678290000000117743e-01
1.814789999999959491e-01
1.812630000000012842e-01
3.583140000000071268e-01
3.251080000000001746e-01
1.830980000000010932e-01
1.428439999999966403e-01
1.917319999999733682e-01
1.778240000000437249e-01
2.031759999999565025e-01
2.365360000000009677e-01
2.650250000000085038e-01
2.214070000000276650e-01
2.703539999999975407e-01
2.306849999999656120e-01
3.342780000000118434e-01
3.688530000000014297e-01
1.279519999999934043e-01
2.259240000000204418e-01
1.476499999999987267e-01
1.858349999999973079e-01
2.103899999999896409e-01
2.973020000000019536e-01
1.826130000000034670e-01
2.484910000000013497e-01
2.920940000000200598e-01
2.151899999999500324e-01
1.953359999999975116e-01
1.497850000000084947e-01
1.666950000000610999e-01
1.817909999999187676e-01
2.000320000000783693e-01
1.500689999999735846e-01
1.532369999999900756e-01
1.858239999999682368e-01
1.763080000000059044e-01
1.273810000000139553e-01
2.116690000000289729e-01
1.827759999999329921e-01
1.978710000000774016e-01
1.383599999999773900e-01
1.864019999999868560e-01
1.702660000000264517e-01
1.885439999999789507e-01
1.257519999999772153e-01
1.861580000000344626e-01
1.861009999999510001e-01
1.991280000000301698e-01
3.222020000000043183e-01
1.319799999999986539e-01
1.741629999999645406e-01
1.849559999999996762e-01
3.323149999999941429e-01
1.844940000000860891e-01
1.805029999999874235e-01
1.293799999999691863e-01
2.042220000000156688e-01
3.272879999999531719e-01
1.834150000000249747e-01
1.781179999999835672e-01
2.968560000000479704e-01
1.638529999999605025e-01
1.670090000000072905e-01
2.340940000000273358e-01
4.761929999999665597e-01
1.670460000000275613e-01
2.071960000000103719e-01
3.178259999999681895e-01
3.350960000000213768e-01
3.863189999999576685e-01
1.996640000000411419e-01
1.483189999999581232e-01
1.516720000000191249e-01
5.251200000000153523e-01
3.496949999999969805e-01
2.104590000000143846e-01
3.119669999999814536e-01
2.056160000000204491e-01
3.407980000000065957e-01
3.187999999999533429e-01
3.446350000000393266e-01
1.893399999999587635e-01
1.543450000000348155e-01
2.151069999999890570e-01
5.051940000000172404e-01
1.799289999999587053e-01
1.857490000000439068e-01
3.467179999999530082e-01
3.344090000000505825e-01
2.821409999999673346e-01
2.173260000000141190e-01
3.612709999999879074e-01
5.705219999999826541e-01
2.625820000000658183e-01
2.682679999999209031e-01
2.855820000000335313e-01
1.851960000000190121e-01
3.446989999999914289e-01
1.660840000000121108e-01
2.339929999999981192e-01
3.158479999999599386e-01
3.274860000000217042e-01
3.774540000000001783e-01
1.656030000000328073e-01
1.720609999999851425e-01
2.126139999999736574e-01
3.243249999999875399e-01
1.925370000000157233e-01
3.636400000000321597e-01
1.659220000000232176e-01
1.772719999999594620e-01
1.684740000000033433e-01
1.893440000000055079e-01
1.577049999999644569e-01
1.762450000000512773e-01
3.926299999999400825e-01
2.977030000000695509e-01
2.341259999999465435e-01
3.117560000000025866e-01
1.995989999999778775e-01
3.138539999999920838e-01
1.970540000000369218e-01
1.575310000000058608e-01
3.326550000000452201e-01
3.661579999999275969e-01
3.600210000000174659e-01
1.738889999999742031e-01
1.676750000000311047e-01
1.921360000000049695e-01
2.988090000000056534e-01
1.956929999999488246e-01
3.698790000000258260e-01
1.738300000000094769e-01
1.728299999999762804e-01
1.851130000000011933e-01
1.807300000000395812e-01
1.713669999999751781e-01
1.910830000000487416e-01
3.785809999999969477e-01
3.745899999999551255e-01
1.658930000000395921e-01
3.118420000000128312e-01
2.053039999999555221e-01
3.146879999999896427e-01
3.655550000000289401e-01
3.443550000000072941e-01
3.530469999999468200e-01
3.473740000000589134e-01
1.900210000000015498e-01
1.973549999999590909e-01
1.952370000000200889e-01
2.886710000000221044e-01
1.846889999999916654e-01
3.616449999999531428e-01
3.211170000000720393e-01
2.150259999999661886e-01
3.256419999999593529e-01
1.635450000000560067e-01
2.067169999999691754e-01
5.096390000000496912e-01
2.165369999999597894e-01
1.304459999999494357e-01
2.227360000000544460e-01
1.573699999999575994e-01
2.102950000000305408e-01
3.312390000000391410e-01
1.842429999999239953e-01
1.861940000000004147e-01
2.853310000000419677e-01
1.664660000000139917e-01
1.958930000000123073e-01
2.550969999999779247e-01
2.695269999999823085e-01
1.703729999999836764e-01
2.001840000000356667e-01
3.435779999999795109e-01
3.330859999999802312e-01
3.622330000000033579e-01
3.197400000000243381e-01
1.711950000000115324e-01
1.944969999999557331e-01
1.962020000000279651e-01
1.972920000000044638e-01
5.209079999999630672e-01
3.278040000000146392e-01
2.244400000000723594e-01
2.757419999999797255e-01
1.587149999999724059e-01
2.116879999999810025e-01
3.512930000000551445e-01
3.701299999999605461e-01
3.509419999999749962e-01
1.812640000000556029e-01
1.823999999999728061e-01
1.979269999999928586e-01
2.954240000000254440e-01
1.805219999999962965e-01
3.521549999999820102e-01
1.791170000000192886e-01
3.654949999999530519e-01
3.398740000000657346e-01
1.993449999999370448e-01
3.492770000000291475e-01
3.085070000000200707e-01
2.260739999999827887e-01
1.645540000000096370e-01
1.403510000000096625e-01
2.267739999999776046e-01
3.327979999999683969e-01
1.598000000000183718e-01
2.277010000000245782e-01
1.328800000000001091e-01
1.813139999999862084e-01
1.506040000000439250e-01
1.861509999999384490e-01
2.208760000000324908e-01
3.144770000000107757e-01
2.057089999999561769e-01
1.662939999999935026e-01
2.012140000000499640e-01
3.357869999999820720e-01
3.218390000000113105e-01
3.745519999999942229e-01
1.910760000000095715e-01
1.984799999999609099e-01
3.505030000000601831e-01
3.376679999999510073e-01
3.551830000000109067e-01
2.196160000000304535e-01
2.665989999999851534e-01
2.256580000000099062e-01
3.277769999999691208e-01
3.343649999999911415e-01
3.673519999999825814e-01
1.881710000000111904e-01
1.807560000000307809e-01
1.979489999999941574e-01
5.093449999999961619e-01
1.956809999999791216e-01
1.672680000000354994e-01
3.341669999999794527e-01
3.482280000000059772e-01
4.104189999999903193e-01
2.856530000000248037e-01
3.962270000000103209e-01
2.152309999999602041e-01
1.696180000000140353e-01
1.368640000000027612e-01
1.706249999999727152e-01
2.211460000000329273e-01
2.379930000000172186e-01
4.893459999999549837e-01
2.836930000000279506e-01
4.040499999999838110e-01
1.249230000000238761e-01
1.369710000000168293e-01
1.278469999999742868e-01
5.771959999999580759e-01
3.476869000000021970e+00
