9.973719000000000889e+00
1.763571500000000114e+01
7.000783999999999452e+00
4.073273999999999617e+00
6.536419999999979469e-01
6.586899999999999977e-01
4.189366000000000589e+00
6.120000000000089813e-01
5.754069999999978924e-01
6.031679999999970399e-01
6.031679999999970399e-01
6.233569999999990507e-01
5.779310000000070779e-01
5.615260000000009688e-01
6.271429999999900140e-01
3.545820000000079464e-01
5.590030000000040245e-01
6.006439999999879653e-01
5.068880000000009822e+00
5.930730000000040691e-01
5.148369999999999891e-01
4.220909999999949980e-01
4.126279999999979964e-01
3.514270000000010441e-01
6.896049000000000540e+00
1.091127899999999862e+01
2.691541300000000092e+01
2.130267200000000116e+01
1.645524800000000099e+01
6.523799999999940757e-01
9.599579000000009188e+00
3.729671100000000195e+01
3.230359999999730114e-01
2.647502399999999767e+01
5.892873000000009576e+00
5.077712999999990373e+00
3.960969999999999658e+00
1.276998999999990003e+00
3.673265999999979936e+00
1.783004999999999951e+00
8.643720000000030268e-01
2.323079000000009664e+00
2.193106999999999918e+00
8.378739999999990085e-01
7.886599999999928112e-01
8.656340000000000146e-01
2.712999999999969880e-01
4.469498000000039717e+00
8.845609999999619610e-01
1.596249999999999947e+00
7.211510000000199705e-01
6.403930000000170875e-01
6.056909999999789962e-01
6.120010000000210004e-01
6.296659999999859592e-01
6.189410000000070688e-01
6.214650000000009333e-01
6.448090000000090694e-01
1.772908999999969870e+00
7.243060000000129950e-01
3.160322000000009623e+00
7.716249999999720277e-01
5.754070000000410801e-01
5.741449999999870268e-01
1.425899999999840073e-01
4.643629999999920321e-01
3.061265999999990495e+00
7.495430000000171677e-01
7.810890000000091371e-01
7.867679999999949159e-01
2.353048099999999820e+01
1.327599899999999877e+01
9.477808999999981054e+00
8.202071999999990481e+00
9.097990000000210076e-01
9.552257999999991256e+00
5.311156999999980144e+00
9.855110000000308901e-01
5.263205999999969187e+00
6.435470000000120816e-01
9.590110000000320323e-01
1.290185899999999997e+01
1.546090400000000109e+01
3.899139999999760020e-01
nan
5.489080000000400306e-01
1.722687300000000121e+01
7.423506000000029914e+00
5.289704999999969459e+00
4.807680000000120191e-01
3.405752000000009438e+00
4.840484000000000009e+00
3.843616999999990291e+00
7.192580000000250440e-01
4.528805999999969245e+00
5.173609999999939646e-01
6.164170000000129823e-01
5.873950000000150995e-01
6.006439999999879653e-01
6.561659999999849280e-01
3.678310000000239999e-01
1.577258299999999913e+01
3.022150000000470293e-01
1.475552699999989947e+01
4.483378000000019625e+00
1.377317099999999961e+01
3.029214199999999835e+01
nan
4.448900000000000077e+00
3.571680000000000188e+00
2.853495000000000115e+00
5.318019999999989977e-01
3.232340000000000213e+00
7.911190000000021261e-01
2.218372000000000011e+00
2.134297000000000111e+00
1.117289999999999894e+00
3.597004000000009416e+00
3.292099999999960613e-01
2.868689999999999962e+00
6.412010000000021304e-01
5.460841999999999530e+00
5.860959999999999503e+00
nan
1.946191099999999707e+01
3.971797999999979734e+00
3.762115999999990468e+00
3.111799000000020410e+00
3.268806999999979812e+00
3.482540000000029945e+00
3.228288999999960218e+00
7.850400000000380407e-01
1.211495000000009981e+00
2.781575999999970072e+00
6.118250000000099442e-01
7.668069999999720388e-01
8.103639999999928678e-01
6.969130000000519631e-01
1.065629000000000159e+00
2.544543999999970385e+00
8.751940000000218989e-01
3.248546999999970097e+00
3.089520000000330335e-01
1.504238999999980120e+00
4.497519999999890494e-01
2.695473999999990600e+00
6.037210000000070576e-01
5.409179999999760291e-01
4.730509999999980009e-01
6.351230000000209763e-01
4.872310000000079633e-01
2.593170000000100117e-01
4.102469999999699968e-01
8.367010000000050240e-01
6.594340000000329383e-01
5.986560000000049619e-01
7.293279999999530139e-01
7.029909999999970349e-01
5.287630000000259622e-01
5.338269999999739612e-01
1.299621999999999833e+00
7.860530000000379713e-01
1.621741999999980033e+00
5.824489999999971079e-01
6.786799999999859612e-01
5.368670000000289599e-01
4.598819999999930186e-01
4.639329999999970422e-01
2.269019999999949966e-01
4.700109999999999566e-01
1.813190000000020063e+00
6.493049999999699340e-01
6.280320000000190195e-01
9.390099999999960145e-01
1.740256999999989951e+00
1.135523000000030036e+00
1.833448999999969908e+00
7.161600000000021282e-01
7.151460000000040562e-01
6.148640000000109573e-01
4.791280000000029959e-01
1.245930000000040061e-01
2.552650000000089570e-01
3.697289999999500143e-01
1.478910000000160097e-01
4.659599999999949893e-01
4.973610000000119880e-01
4.852060000000049667e-01
5.236969999999699921e-01
5.034390000000139587e-01
4.700119999999970433e-01
2.339920000000010047e-01
2.198119999999899876e-01
5.682670000000479282e-01
9.015399999998409408e-02
5.044510000000170802e-01
4.072079999999689837e-01
1.438400000000119860e-01
3.373139999999920091e-01
1.539690000000180081e-01
5.935920000000010077e-01
6.543689999999739992e-01
2.192036000000030072e+00
8.154289999999949634e-01
6.523429999999730278e-01
6.584210000000328966e-01
6.310709999999630782e-01
1.223650000000019888e+00
3.697290000000070243e-01
2.816019999999639922e-01
6.006820000000059334e-01
3.038870000000319926e-01
3.677030000000060528e-01
6.199279999999589563e-01
2.390575000000009886e+00
8.367010000000050240e-01
2.667110999999980248e+00
2.236606000000049832e+00
1.448519999999580143e-01
1.393827000000039895e+00
1.428269999999540185e-01
5.216720000000240054e-01
2.255851000000010043e+00
2.357147000000000325e+00
1.973236999999979924e+00
1.906382000000010235e+00
1.002829999999899913e-01
2.735992000000009750e+00
4.423577000000019410e+00
4.001169999999660276e-01
3.423788999999999749e+00
3.595992000000020283e+00
7.698459999999730519e-01
nan
1.136232100000000145e+01
5.525670999999999999e+00
4.671750000000000291e+00
3.811751000000000111e+00
4.554247000000000156e+00
8.759024999999999395e+00
1.155478200000000122e+01
2.495922000000000196e+00
2.930479999999999752e+00
2.881858000000000253e+00
2.939595999999999876e+00
3.386309999999999931e+00
3.586875000000000036e+00
4.870795800000000497e+01
5.048569999999999780e+00
3.478488999999999720e+00
5.071867000000000125e+00
4.309111999999999831e+00
nan
4.604209999999970271e-01
8.653636000000009432e+00
2.922339999999929994e-01
2.294952400000000026e+01
3.051719999999989441e-01
4.691729999999980194e+00
5.213794000000009810e+00
7.521989000000019132e+00
1.051206300000000127e+01
4.453529000000000515e+00
2.648369999999999891e-01
2.248833999999990230e+00
3.037258000000009339e+00
2.627825999999999773e+00
1.446711999999989784e+00
2.624020000000000241e+00
9.429120000000071888e-01
1.801351000000010139e+00
7.792910000000010662e-01
1.028146999999989930e+00
2.276231000000000115e+00
7.107990000000090625e-01
6.423069999999879709e-01
6.643760000000040744e-01
5.966449999999949849e-01
4.687930000000050113e-01
6.719870000000010002e-01
6.955780000000120200e-01
8.607209999999840822e-01
7.808140000000209913e-01
4.165859999999979912e+00
7.047110000000029739e-01
6.225200000000090661e-01
6.704650000000070831e-01
5.091269999999779028e-01
4.368290000000170648e-01
2.511389999999950051e-01
nan
1.368630600000000008e+01
4.034279099999999829e+01
4.473924199999999729e+01
1.679053400000000096e+01
1.978700000000799958e-02
2.515726199999999935e+01
2.841750200000000248e+01
1.621824099999999902e+01
3.911678000000049948e+00
1.818859999999630217e-01
4.296756999999960414e+00
5.051695999999990860e+00
8.059269999999970624e-01
6.523522000000069987e+00
1.554776999999939902e+00
3.528882000000069574e+00
2.353854999999950071e+00
9.018170000000509390e-01
1.653710999999929987e+00
9.847690000000279831e-01
5.789130999999999361e+00
nan
1.421076000000000006e+00
8.786149999999999238e-01
8.043150000000000022e-01
4.320939999999999781e-01
3.224469999999999836e-01
1.843791999999999875e+00
1.983015000000000194e+00
2.702930999999999973e+00
8.180209999999999981e-01
7.350639999999989405e-01
4.357010000000000050e-01
2.113580000000010173e-01
2.201586000000000265e+00
2.195815999999999768e+00
7.119809999999978656e-01
5.871860000000028723e-01
6.477799999999971359e-01
4.311560000000000059e+00
5.915139999999999842e-01
3.145130000000019854e-01
1.150567000000000117e+00
1.006295000000000162e+00
7.177520000000010558e-01
6.802409999999989854e-01
1.500426000000000037e+00
3.347099999999980091e-01
8.122500000000021370e-01
1.008458999999999994e+00
9.110760000000009962e-01
1.276083999999999996e+00
6.456160000000040755e-01
4.854739999999960753e-01
9.954799999999859594e-02
2.012589999999999935e-01
2.016197000000010231e+00
8.237919999999969711e-01
2.650271000000000043e+00
2.128009999999989910e-01
2.175618000000000052e+00
5.193779999999960095e-01
1.014229999999999965e+00
6.427299999999929181e-01
5.017050000000000232e+00
4.025180000000010416e-01
1.976519999999980237e-01
7.971009999999979501e-01
6.415041999999999689e+00
1.087087999999999832e+00
1.439832000000000001e+00
2.812577000000000105e+00
2.288870999999999878e+00
7.769030000000040070e-01
7.819530000000010084e-01
4.501279999999920345e-01
3.432944999999999691e+00
3.876581999999999972e+00
9.024189999999949752e-01
4.437797999999999909e+00
3.308151000000009390e+00
7.545409999999890260e-01
3.274970000000080317e-01
4.782610000000029893e-01
1.378515999999989861e+00
1.056790000000009888e+00
2.966947999999999919e+00
1.743523999999989860e+00
5.951210000000060063e-01
1.991670999999999969e+00
1.613679000000000086e+00
1.386451999999989804e+00
1.553806000000010235e+00
1.755786999999999987e+00
3.375959999999910699e-01
7.653609999999989588e-01
1.261657000000010020e+00
1.485276999999999958e+00
9.832119999999949789e-01
2.505277999999999672e+00
1.296282000000009926e+00
5.806929999999971281e-01
2.827729999999920030e-01
9.175680000000029368e-01
2.072462999999999944e+00
1.427569000000010080e+00
6.138759999999909844e-01
6.658140000000121184e-01
6.564369999999970506e-01
8.800499999999540635e-02
5.929569999999979579e-01
3.152340000000039555e-01
4.869170000000049847e-01
6.420090000000020503e-01
2.424485999999990149e+00
8.750080000000078906e-01
9.060269999999949198e-01
2.070299000000010103e+00
6.787989999999979318e-01
6.261389999999950051e-01
6.665350000000099806e-01
1.132529999999999926e-01
5.431839999999820146e-01
5.936780000000109192e-01
5.943990000000100027e-01
1.497540999999980027e+00
1.822873000000019950e+00
7.401139999999770680e-01
8.872700000000580123e-02
6.586000000000070687e-01
8.086429999999890095e-01
8.829430000000120238e-01
1.868320000000100178e-01
1.425404999999980049e+00
1.861100000000139587e-01
2.098432999999999993e+00
4.724889999999960510e-01
2.957580000000060161e-01
1.204659999999930092e-01
7.314580000000029392e-01
1.043084999999990048e+00
4.205520000000150249e-01
1.087087000000000137e+00
1.197454999999989944e+00
1.651919999999899857e-01
7.408350000000040181e-01
4.465210000000179313e-01
8.728439999999859644e-01
1.305660000000160026e-01
1.304937000000000014e+00
1.359760999999989783e+00
6.643719999999859738e-01
6.737490000000150303e-01
7.191939999999870103e-01
1.851728000000010033e+00
5.128860000000089459e-01
1.162107999999989927e+00
2.629353000000009821e+00
7.429989999999979666e-01
5.092789999999920436e-01
5.749230000000129515e-01
3.549079999999950052e-01
2.798880000000000257e-01
4.421920000000060247e-01
1.962099999999789846e-01
2.752704000000020468e+00
2.762809999999830679e-01
6.751910000000120871e-01
1.680769999999820186e-01
2.322775000000009804e+00
1.514850000000080021e-01
6.824049999999889371e-01
9.204540000000070998e-01
1.751459000000010091e+00
3.671709999999849261e-01
4.032400000000109785e-01
8.165779999999928096e-01
9.810400000000639442e-02
7.292940000000099898e-01
4.147809999999770292e-01
2.438190000000019786e-01
6.802420000000209965e-01
6.780769999999730624e-01
6.715850000000218589e-01
6.333520000000021355e-01
7.826739999999859920e-01
6.708700000001500963e-02
1.281853999999980065e+00
1.504754000000019909e+00
6.946689999999760001e-01
2.770010000000129868e-01
4.284869999999900148e-01
6.499440000000049622e-01
7.033250000000071944e-01
7.877239999999969822e-01
8.872709999999979225e-01
6.001699999999909885e-01
5.713159999999959382e-01
5.684310000000040164e-01
3.895330000000000181e-01
2.106370000000200027e-01
4.393079999999829344e-01
1.334510000000080077e-01
4.176659999999970396e-01
2.142440000000080114e-01
3.397599999999839637e-01
1.109449000000009899e+00
9.846550000000040548e-01
3.736639999999910589e-01
6.600430000000020447e-01
4.587840000000089624e-01
5.698699999999230076e-02
1.097186999999989920e+00
7.574260000000090365e-01
1.592759999999999954e+00
4.905239999999939648e-01
1.897170000000019674e-01
6.160409999999959529e-01
1.500420000000129983e-01
8.295630000000071558e-01
7.985439999999928151e-01
4.320930000000089422e-01
7.083749999999899849e-01
4.429140000000020283e-01
1.141909999999999981e+00
7.567060000000078723e-01
6.925039999999849094e-01
6.874550000000000383e-01
6.485010000000099861e-01
6.549939999999879747e-01
4.046820000000079798e-01
2.705090000000039963e-01
6.629289999999909977e-01
1.263820000000009935e+00
1.448487999999999998e+00
6.816839999999899646e-01
6.290250000000129349e-01
5.980059999999979281e-01
6.095479999999899867e-01
5.922360000000139735e-01
1.204669999999909979e-01
4.905229999999960455e-01
5.785300000000009879e-01
6.023340000000129146e-01
9.680639999999979262e-01
8.555309999999849424e-01
1.610072999999999865e+00
4.013639000000009283e+00
8.259549999999928893e-01
1.825039999999940044e-01
5.482299999999900447e-02
7.061380000000009538e+00
6.124330000000099972e-01
8.569739999999800295e-01
2.452620000000000022e+00
4.977374000000030385e+00
2.480031000000000319e+00
3.698405999999979876e+00
1.891402000000000028e+00
3.483441000000029764e+00
1.990227999999969910e+00
8.460815999999990566e+00
4.280542000000029823e+00
4.198306999999999789e+00
6.171943999999999875e+00
9.146830000000250038e-01
6.068067999999980699e+00
7.444429999999899739e-01
1.244343000000009969e+00
3.854941000000000173e+00
3.130695999999999923e+00
6.510262000000009763e+00
1.132529999999859899e-01
1.173650000000010074e+00
1.682930000000000037e+00
8.136930000000009988e-01
3.134302999999990291e+00
2.654600000000190141e-01
8.172989999999908939e-01
1.841629000000010175e+00
2.304739999999980249e+00
7.588700000000020429e-01
4.919659999999910771e-01
2.979209999999740122e-01
3.916980000000189754e-01
2.067413999999989649e+00
2.024132000000010034e+00
6.102700000000139680e-01
2.084719999999719853e-01
1.000525000000040077e+00
2.475702000000009839e+00
5.806939999999940483e-01
6.196469999999859590e-01
7.732970000000140010e-01
4.068459999999729515e-01
5.417402999999980651e+00
8.035940000000320049e-01
-2.084730000000259986e-01
5.720370000000229993e-01
4.602269999999749617e-01
1.162830000000039998e+00
4.689552999999990313e+00
2.834939000000020304e+00
6.766339999999789745e-01
4.332479999999979903e+00
8.317270000000009933e-01
5.753555999999999671e+00
8.064790000000240378e-01
1.017115999999989917e+00
3.989109999999979617e-01
7.173189999999981303e+00
7.206370000000110743e-01
4.544559999999929767e-01
1.814938000000039908e+00
2.632959999999680001e-01
2.561545000000020167e+00
5.273129999999920381e-01
1.601420000000080002e-01
1.154173000000009885e+00
7.098169999999870416e-01
7.401140000000050456e-01
2.741159999999919772e-01
8.879929999999940371e-01
1.404485000000019967e+00
3.794350000000010215e-01
3.179026999999960079e+00
2.640170000000239825e-01
7.552630000000140065e-01
3.577938999999960235e+00
1.682929000000000119e+00
1.059676000000020046e+00
8.259559999999620539e-01
1.534330000000010186e+00
1.929634000000020055e+00
1.618728999999969886e+00
3.847726000000020186e+00
1.976522999999989816e+00
1.807725000000000026e+00
9.074689999999920875e-01
1.094301000000030166e+00
2.585349000000009667e+00
3.547641999999999740e+00
3.938619999999559695e-01
3.964587000000050043e+00
2.402119999999849931e-01
4.152861999999970521e+00
6.485010000000099861e-01
1.550920000000249876e-01
5.879069999999729790e-01
4.925436999999990739e+00
7.112600000000379730e-01
6.607639999999720404e-01
4.825890000000189750e-01
1.139024999999999954e+00
1.264542000000010047e+00
8.093639999999598933e-01
3.729430000000210077e-01
1.084202000000000110e+00
1.190241000000009874e+00
7.559840000000120908e-01
1.144074999999989961e+00
7.343429999999671054e-01
7.033250000000071944e-01
3.296609999999869922e-01
2.120790000000169762e-01
5.590530000000059063e-01
4.833100000000170593e-01
7.790679999999949867e-01
9.096329999999849258e-01
6.932249999999841039e-01
5.576110000000089606e-01
2.329990000000070061e-01
2.683450000000110469e-01
2.546399999999949815e-01
4.140590000000089477e-01
1.205390999999959911e+00
4.054030000000349299e-01
4.587839999999799856e-01
5.619389999999949703e-01
7.069309999999969785e-01
3.419240000000060564e-01
3.606790000000049679e-01
8.360549999999878912e-01
1.341730000000330159e-01
5.626589999999960234e-01
5.121700000000829756e-02
6.016129999999859645e-01
8.439900000001900049e-02
4.039609999999809742e-01
7.906090000000178808e-01
8.194629999999849534e-01
8.209059999999790413e-01
3.981899999999999884e-01
7.523770000000239433e-01
7.718540000000190249e-01
2.654599999999620041e-01
1.353269000000010047e+00
6.982750000000239599e-01
2.262901999999999969e+00
7.300149999999799855e-01
4.212729999999849650e-01
3.837629999999880304e-01
3.592370000000070229e-01
6.066620000000279012e-01
9.745560000000071943e-01
6.225319999999779919e-01
1.662010000000010201e+00
9.810479999999870415e-01
8.764510000000308443e-01
4.320939999999500181e-01
1.175810000000300087e-01
6.679780000000049567e-01
6.073839999999680606e-01
7.401140000000050456e-01
6.809630000000199690e-01
5.540030000000228938e-01
6.737489999999870527e-01
6.730279999999879692e-01
6.333529999999999438e-01
2.308340000000160264e-01
4.104529999999610435e-01
1.073382000000040026e+00
8.425469999999679604e-01
4.768180000000370455e-01
7.668039999999789469e-01
8.533669999999921041e-01
1.286903999999990056e+00
8.995340000000171532e-01
1.341005999999989928e+00
2.178499999999989889e-01
4.602270000000320271e-01
5.128859999999799690e-01
2.950359999999819793e-01
3.686140000000359684e-01
6.347959999999940317e-01
2.575249999999870143e-01
5.424610000000029686e-01
7.040460000000050567e-01
5.915140000000179699e-01
4.147820000000020380e-01
6.759129999999800020e-01
7.783459999999989831e-01
8.793359999999670329e-01
3.181190000000239659e-01
8.815000000000171587e-01
5.936780000000109192e-01
1.734145999999950005e+00
1.651909999999930101e-01
9.622930000000450290e-01
5.554459999999610265e-01
6.824050000000171368e-01
2.055869999999800080e-01
4.739330000000450127e-01
7.401140000000050456e-01
8.980909999999650006e-01
9.507510000000249928e-01
4.717689999999949979e-01
2.070299999999750118e-01
2.228990000000410088e-01
4.162239999999999829e-01
4.313729999999509901e-01
1.724040000000289785e-01
6.124340000000070283e-01
2.474259999999620097e-01
3.390390000000140236e-01
1.666329999999900113e-01
3.101850000000470065e-01
7.855589999999781359e-01
2.531970000000000054e-01
1.450651999999989838e+00
7.992649999999908994e-01
9.839340000000329489e-01
6.384019999999849260e-01
5.770870000000060118e-01
6.398449999999800131e-01
2.286710000000199972e-01
4.378639999999900390e-01
2.842160000000150122e-01
5.128859999999799690e-01
1.803390000000039961e-01
5.294779999999829068e-01
1.067610000000060039e-01
6.578790000000369620e-01
6.218109999999799076e-01
5.936780000000109192e-01
1.478779999999920158e-01
6.679790000000028760e-01
7.624759999999920490e-01
3.779920000000060454e-01
1.507629999999839931e-01
4.609490000000279197e-01
5.835789999999859701e-01
6.802409999999671220e-01
6.340740000000550936e-01
5.915139999999610154e-01
3.094629999999939374e-01
3.577940000000129905e-01
4.537349999999950034e-01
1.176535000000000108e+00
7.934950000000071668e-01
7.653609999999840818e-01
6.874550000000000383e-01
nan
9.973719000000000889e+00
1.763571500000000114e+01
7.000783999999999452e+00
4.073273999999999617e+00
6.536419999999979469e-01
6.586899999999999977e-01
4.189366000000000589e+00
6.120000000000089813e-01
5.754069999999978924e-01
6.031679999999970399e-01
6.031679999999970399e-01
6.233569999999990507e-01
5.779310000000070779e-01
5.615260000000009688e-01
6.271429999999900140e-01
3.545820000000079464e-01
5.590030000000040245e-01
6.006439999999879653e-01
5.068880000000009822e+00
5.930730000000040691e-01
5.148369999999999891e-01
4.220909999999949980e-01
4.126279999999979964e-01
3.514270000000010441e-01
6.896049000000000540e+00
1.091127899999999862e+01
2.691541300000000092e+01
2.130267200000000116e+01
1.645524800000000099e+01
6.523799999999940757e-01
9.599579000000009188e+00
3.729671100000000195e+01
3.230359999999730114e-01
2.647502399999999767e+01
5.892873000000009576e+00
5.077712999999990373e+00
3.960969999999999658e+00
1.276998999999990003e+00
3.673265999999979936e+00
1.783004999999999951e+00
8.643720000000030268e-01
2.323079000000009664e+00
2.193106999999999918e+00
8.378739999999990085e-01
7.886599999999928112e-01
8.656340000000000146e-01
2.712999999999969880e-01
4.469498000000039717e+00
8.845609999999619610e-01
1.596249999999999947e+00
7.211510000000199705e-01
6.403930000000170875e-01
6.056909999999789962e-01
6.120010000000210004e-01
6.296659999999859592e-01
6.189410000000070688e-01
6.214650000000009333e-01
6.448090000000090694e-01
1.772908999999969870e+00
7.243060000000129950e-01
3.160322000000009623e+00
7.716249999999720277e-01
5.754070000000410801e-01
5.741449999999870268e-01
1.425899999999840073e-01
4.643629999999920321e-01
3.061265999999990495e+00
7.495430000000171677e-01
7.810890000000091371e-01
7.867679999999949159e-01
2.353048099999999820e+01
1.327599899999999877e+01
9.477808999999981054e+00
8.202071999999990481e+00
9.097990000000210076e-01
9.552257999999991256e+00
5.311156999999980144e+00
9.855110000000308901e-01
5.263205999999969187e+00
6.435470000000120816e-01
9.590110000000320323e-01
1.290185899999999997e+01
1.546090400000000109e+01
3.899139999999760020e-01
5.569585099999999755e+01
5.489080000000400306e-01
1.722687300000000121e+01
7.423506000000029914e+00
5.289704999999969459e+00
4.807680000000120191e-01
3.405752000000009438e+00
4.840484000000000009e+00
3.843616999999990291e+00
7.192580000000250440e-01
4.528805999999969245e+00
5.173609999999939646e-01
6.164170000000129823e-01
5.873950000000150995e-01
6.006439999999879653e-01
6.561659999999849280e-01
3.678310000000239999e-01
1.577258299999999913e+01
3.022150000000470293e-01
1.475552699999989947e+01
4.483378000000019625e+00
1.377317099999999961e+01
3.029214199999999835e+01
nan
3.631270999999999916e+00
3.773899999999999810e+00
3.968569999999999709e+00
7.690429999999959243e-01
5.267655000000000420e+00
7.343490000000091333e-01
2.312911999999999857e+00
6.086810999999999972e+00
7.285669999999979662e-01
9.889623000000000275e+00
5.959601000000009918e+00
7.112199999999969657e-01
7.555509999999969750e-01
nan
3.260869000000009343e+00
5.373998999999970216e+00
5.840604000000040763e+00
5.797696999999970124e+00
6.060497999999999941e+00
8.581230000000350522e-01
8.044909999999849681e-01
8.527599999999889713e-01
8.044909999999849681e-01
7.615850000000250475e-01
3.602241800000000183e+01
5.280141999999959701e+00
2.434926000000019908e+00
1.413222000000019962e+00
3.756971999999960232e+00
5.363270000000279758e-01
3.775743999999970235e+00
3.352050000000300067e-01
4.086813000000009133e+00
8.393519999999630166e-01
7.749929999999949359e-01
7.723110000000020792e-01
1.086063000000019985e+00
1.850329999999760222e-01
9.037110000000441179e-01
4.676773999999969789e+00
8.768949999999899880e-01
7.025880000000479519e-01
5.309639999999828941e-01
4.371069999999689926e-01
3.995639999999979763e-01
2.855942000000029957e+00
9.063929999999800202e-01
3.003433000000029995e+00
5.926415999999959716e+00
9.171190000000140063e-01
7.964460000000029849e-01
nan
6.141799999999999926e+00
4.484624000000000166e+00
1.745159500000000108e+01
1.473519000000000023e+00
3.305808999999999553e+00
2.596811000000000202e+00
1.554669000000000079e+00
2.071470000000000145e+00
1.665716999999999892e+00
4.100229999999950303e-01
1.136104999999999920e+00
9.951590000000010150e-01
3.250284999999999869e+00
1.046412000000000120e+00
1.725513000000000075e+00
9.652620000000029510e-01
1.195899000000000045e+00
8.712989999999999347e-01
4.612750000000010453e-01
1.046412999999999816e+00
nan
4.048975000000000435e+00
7.602510000000000101e-01
7.935649000000000619e+00
1.975797299999999979e+01
3.886673999999999740e+00
1.554669999999999996e+00
1.247152000000000038e+00
2.400341999999999754e+00
1.153189000000000020e+00
1.144646999999999970e+00
2.870159000000000127e+00
1.238611000000000129e+00
1.136104999999999920e+00
1.640090999999999966e+00
8.115030000000020838e-01
7.687930000000020581e-01
7.004559999999959707e-01
7.602500000000059766e-01
8.115029999999949784e-01
7.346250000000010827e-01
2.818900000000039707e-01
7.004559999999959707e-01
nan
3.096525999999999890e+00
6.919130000000000003e-01
3.886679999999999580e-01
8.499429999999990049e-01
6.278470000000009321e-01
6.791000000000000369e-01
1.332573999999999925e+00
2.050113999999999770e+00
9.182809999999999029e-01
1.388096999999999914e+00
6.876430000000000042e-01
1.426537000000000166e+00
1.605922999999999989e+00
1.016515000000000057e+00
5.765939999999999399e-01
1.738325999999999816e+00
1.025056999999999885e+00
2.071469000000000005e+00
1.712699999999999889e+00
6.449310000000000320e-01
7.260820000000021146e-01
7.346239999999999437e-01
5.723239999999979455e-01
1.212984000000000062e+00
3.715830000000010513e-01
3.673120000000020258e-01
4.356490000000020069e-01
5.595109999999928752e-01
9.780750000000040245e-01
1.845102000000000020e+00
1.879270999999999914e+00
8.243170000000010766e-01
3.339976999999999752e+00
9.268220000000010339e-01
4.232630999999999588e+00
3.630410000000030002e-01
1.063496999999999915e+00
1.324031999999999876e+00
6.748289999999949051e-01
1.460706000000000060e+00
9.225520000000029253e-01
1.332573999999999925e+00
6.107629999999990567e-01
7.346239999999970571e-01
9.054670000000021313e-01
8.029610000000030334e-01
8.115029999999949784e-01
1.127562999999999871e+00
7.175399999999999556e-01
4.869020000000010562e-01
nan
2.900056999999999885e+00
1.379556000000000004e+00
2.613894999999999857e+00
1.823747000000000007e+00
7.858769999999989375e-01
4.399200000000010324e-01
8.841120000000001200e-01
1.588837999999999973e+00
9.225510000000000099e-01
7.645219999999989247e-01
5.637810000000009758e-01
8.115039999999990039e-01
1.674258999999999942e+00
4.612760000000020177e-01
6.406610000000009242e-01
5.808649999999990765e-01
1.349658999999999942e+00
7.346239999999999437e-01
7.004549999999979404e-01
6.662870000000009618e-01
7.858770000000029343e-01
6.150339999999978602e-01
5.936790000000020662e-01
9.524489999999978806e-01
1.366743000000000041e+00
1.371012999999999815e+00
7.047269999999978829e-01
1.362470999999999988e+00
1.225797999999999943e+00
4.570040000000050173e-01
1.315490000000000048e+00
1.529042999999999930e+00
8.627569999999948891e-01
1.345387000000000111e+00
2.455865000000000187e+00
7.645219999999989247e-01
7.089980000000010163e-01
6.492019999999950608e-01
5.595110000000009798e-01
5.296119999999999717e-01
1.712699999999999889e+00
7.986900000000010102e-01
6.363900000000060064e-01
5.082569999999929644e-01
5.680520000000021108e-01
7.901480000000020709e-01
7.901480000000020709e-01
2.378986999999999963e+00
1.682802000000000131e+00
1.503416000000000086e+00
9.738049999999989215e-01
1.328303000000000011e+00
8.712980000000030145e-01
3.886669999999979863e-01
nan
4.989937999999999541e+00
2.712479999999999780e+00
2.593061999999999756e+00
2.686888999999999861e+00
5.058176999999999701e+00
5.245833000000000190e+00
1.211233000000000004e+00
3.454572000000000198e+00
4.196666000000000452e+00
9.041600000000050708e-01
1.288000999999989959e+00
4.384322000000000052e+00
1.142994999999999983e+00
2.243338999999999750e+00
2.371286999999999701e+00
4.495210000000000150e+00
9.553379999999979111e-01
nan
4.980609999999999760e-01
5.028660000000000352e-01
2.522333999999999854e+00
3.182145000000000223e+00
6.838330000000000242e-01
4.708359999999999768e-01
5.666044000000000302e+00
1.064985000000000070e+00
6.197739999999999361e-01
1.699172000000000127e+00
1.165879000000000110e+00
1.482972999999999875e+00
3.672198000000000295e+00
1.449341999999999908e+00
7.623049999999979010e-01
6.421950000000009595e-01
2.504718000000000000e+00
1.404498999999999942e+00
2.679279999999999884e+00
4.865302999999999933e+00
2.802590000000010351e-01
5.797370000000020562e-01
5.909470000000000001e-01
9.464759999999969864e-01
4.243919999999969939e-01
3.252610999999999919e+00
3.218979999999970198e-01
3.731452999999999687e+00
9.384680000000000799e-01
1.603083999999999953e+00
9.865129999999949773e-01
8.487900000000080103e-02
8.551910000000050305e-01
1.619099000000000066e+00
1.667141999999999902e+00
9.753030000000040278e-01
4.099789999999999823e-01
1.332434000000000118e+00
4.733980999999990225e+00
2.498309999999999975e-01
8.567930000000100188e-01
1.133848999999999885e+00
7.671100000000020680e-01
2.555966000000000182e+00
1.785649999999919801e-01
7.054530000000059919e-01
1.053774999999999906e+00
1.881741999999999804e+00
1.686359999999989867e+00
2.834629999999979666e-01
5.044670000000049948e-01
4.291970000000019936e-01
8.728079999999921457e-01
2.850630000000080044e-01
4.227920000000010559e-01
4.131819999999920556e-01
2.483899000000009849e+00
2.162000000000010025e-01
4.964589999999870495e-01
6.598110000000050324e-01
1.394890999999999881e+00
1.055377000000010002e+00
1.064984999999990078e+00
2.274110000000039988e-01
1.298801999999990020e+00
6.742239999999949385e-01
1.687962000000010176e+00
4.767612000000000627e+00
4.083779999999989641e-01
3.326278999999999986e+00
8.407780000000000253e-01
1.372469999999989865e+00
5.241651000000000060e+00
1.489380000000010140e-01
4.802844999999990705e+00
4.743590000000009965e+00
1.619097999999989934e+00
4.652305999999999386e+00
3.459201999999990562e+00
3.113281000000000187e+00
7.602236000000000438e+00
1.032956000000009977e+00
nan
3.089259000000000199e+00
3.526463999999999821e+00
2.174811999999999745e+00
9.160479999999889822e-01
7.158630000000130167e-01
6.827118000000009346e+00
8.263649999999809204e-01
9.753019999999990031e-01
1.178691000000009925e+00
1.378875999999989777e+00
2.387809999999999988e+00
3.747470000000129864e-01
7.142609999999928183e-01
3.122889999999929889e-01
8.631990000000090424e-01
3.731449999999939537e-01
2.836224999999979790e+00
7.575010000000190757e-01
7.526969999999840732e-01
4.900530000000170583e-01
7.190659999999978735e-01
5.044670000000049948e-01
1.862523999999980084e+00
9.544830000000099623e-01
3.507240000000140245e-01
2.994779999999929720e-01
8.119509999999928729e-01
2.354180000000100081e-01
4.532189999999899910e-01
6.357889999999879471e-01
5.605189999999989903e-01
9.817079999999979156e-01
5.565150000000190778e-01
1.817680000000049811e-01
2.334960999999990072e+00
9.624909999999999854e-01
8.359739999999928894e-01
1.201110000000090022e-01
5.685259999999909830e-01
1.489380000000150028e-01
3.021997000000000266e+00
4.644299999998219991e-02
8.808150000000130042e-01
2.882669999999910027e-01
5.060679999999989631e-01
2.770560000000159562e-01
6.085640000000009930e-01
7.478919999999790180e-01
1.032956000000009977e+00
1.649529999999689855e-01
8.055450000000520250e-01
1.777649999999649788e-01
4.900529999999890252e-01
5.140760000000450525e-01
6.405899999998609928e-02
4.900539999999860008e-01
3.891600000000039472e-01
4.676329999999779274e-01
7.078549999999949049e-01
9.496790000000029375e-01
5.829390000000099770e-01
1.081001000000010093e+00
1.532618000000010028e+00
7.703129999999870359e-01
4.083779999999710419e-01
2.282112000000040108e+00
1.710382999999980003e+00
1.780847999999989772e+00
1.050571999999990069e+00
3.106880000000269981e-01
1.271576999999979973e+00
2.370190000000320096e-01
6.117659999999890408e-01
2.400622000000000256e+00
1.907365000000030175e+00
8.503869999999550400e-01
5.461060000000089731e-01
1.185090000000170035e-01
4.243930000000089575e-01
3.587319999999979636e+00
7.991400000000229431e-01
1.394890999999969905e+00
1.036157999999999912e+00
1.004130000000030165e+00
1.430122999999980049e+00
2.498320000000260055e-01
1.595075999999949978e+00
7.302760000000030338e-01
1.515002000000039928e+00
1.127442999999969997e+00
8.808199999998579666e-02
9.448740000000269701e-01
9.656939999999849533e-01
7.927339999999959419e-01
4.772409999999920327e-01
8.936270000000380298e-01
2.490304999999980229e+00
1.591873000000020077e+00
6.325860000000028682e-01
3.923629999999890261e-01
7.751170000000229265e-01
1.125841999999980025e+00
5.413009999999760513e-01
1.021746000000010035e+00
1.559843000000000091e+00
1.402898999999989904e+00
8.471840000000270265e-01
2.306133999999990358e+00
4.740390000000049842e-01
4.131820000000060444e-01
1.639918000000019971e+00
3.683409999999870399e-01
5.557139999999660684e-01
6.453970000000028850e-01
9.608900000000059061e-01
1.012136000000000147e+00
5.605189999999989903e-01
1.489379999999869975e-01
9.432730000000328907e-01
9.897159999999870506e-01
1.012137000000000064e+00
6.662160000000200144e-01
4.500170000000029980e-01
3.439982999999979807e+00
9.608900000000629438e-02
1.048970999999990106e+00
8.183569999999921185e-01
1.505400000000350069e-01
4.436099999999779664e-01
1.563046999999980091e+00
1.761630000000309892e-01
1.345239999999990055e-01
7.446899999999908593e-01
4.163849999999910678e-01
1.257162999999990038e+00
8.976309999999899647e-01
4.163850000000000606e-01
3.467210000000019998e-01
6.469989999999939956e-01
1.241149999999609926e-01
1.000930000000149894e-01
3.443179999999870233e-01
1.543829000000019880e+00
4.340020000000210376e-01
9.528799999998230352e-02
1.729599999999890114e-01
3.050820000000269983e-01
1.864125999999999950e+00
7.526899999999160651e-02
6.421950000000150593e-01
1.056977999999960005e+00
1.332433000000040169e+00
1.985839999999830241e-01
3.507240000000140245e-01
4.051749999999860186e-01
1.024948999999990118e+00
8.407780000000000253e-01
6.694200000000021245e-01
6.662160000000200144e-01
4.291969999999880048e-01
6.502019999999789635e-01
4.227910000000179580e-01
1.644722000000000017e+00
1.691965999999980097e+00
1.177089999999910014e-01
7.607040000000320212e-01
2.634439999999930171e-01
1.197108000000010053e+00
2.338159999999899763e-01
2.530350000000110011e-01
2.898680000000130041e-01
1.534219999999949957e+00
1.993840000000089707e-01
1.081000000000359867e-01
1.609489999999599852e-01
8.255640000000429302e-01
6.774269999999660286e-01
2.250090000000000146e-01
9.648930000000178753e-01
1.305207000000000006e+00
1.132247999999999921e+00
4.948579999999650481e-01
1.417310000000499837e-01
4.540209999999549884e-01
1.303606000000000043e+00
8.215600000000341518e-01
9.704989999999609207e-01
4.908540000000129466e-01
1.102620000000000156e+00
8.247640000000159288e-01
5.076700000000190505e-01
8.231609999999699445e-01
7.406859999999820809e-01
9.280590000000190631e-01
5.941500000000129456e-01
7.030500000000190486e-01
1.721593999999980085e+00
3.635360000000109615e-01
5.252859999999939244e-01
2.049900000000089706e-01
6.149689999999740087e-01
2.242079999999760098e-01
1.375673000000010138e+00
2.442260000000260056e-01
3.339090000000060621e-01
2.674470000000039871e-01
2.033889999999589915e-01
2.274100000000200128e-01
2.202040000000239917e-01
4.940569999999979700e-01
1.177088999999969854e+00
1.497390000000110022e-01
1.244351999999989911e+00
4.139830000000300214e-01
4.964589999999589609e-01
8.888200000001229839e-02
2.586400000000139698e-01
7.254710000000269554e-01
6.309839999999549143e-01
1.089008000000040166e+00
1.000929999999580211e-01
5.661240000000020700e-01
2.386200000000260057e-01
3.098870000000029656e-01
2.954740000000130040e-01
4.195879999999760357e-01
4.211900000000239896e-01
5.132749999999650647e-01
7.510950000000210514e-01
6.317849999999789468e-01
3.795509999999920336e-01
3.907619999999950022e-01
6.598100000000500787e-01
5.613199999999670675e-01
2.842630000000100354e-01
6.926409999999809664e-01
4.732380000000380171e-01
1.074593999999990057e+00
4.227920000000150447e-01
1.537419999999660170e-01
4.596250000000170477e-01
6.974460000000139992e-01
3.899609999999710253e-01
1.076195999999979946e+00
1.953799999999999981e-01
7.647080000000407995e-01
1.056979999999609898e-01
3.275030000000360153e-01
1.165878999999959920e+00
8.375750000000150575e-01
3.331090000000360152e-01
5.741309999999660851e-01
3.283040000000029823e-01
1.046568000000040133e+00
1.002527999999980102e+00
1.988239999999960039e+00
7.214680000000159854e-01
2.418240000000080048e-01
8.119510000000218497e-01
3.899609999999710253e-01
4.700349999999960393e-01
5.380979999999910834e-01
9.416720000000400326e-01
1.873729999999800000e-01
2.530340000000139700e-01
6.870359999999781087e-01
2.610420000000320262e-01
1.598278999999989791e+00
2.266099999999940107e-01
4.780420000000160097e-01
5.156769999999820664e-01
1.705579000000000178e+00
5.493079999999960217e-01
4.484200000001690306e-02
4.083769999999729561e-01
1.583865999999999996e+00
2.129970000000299957e-01
6.309839999999549143e-01
8.295680000000520415e-01
6.405929999999671054e-01
2.097939999999880178e-01
2.411831999999999976e+00
2.049900000000089706e-01
5.925480000000219460e-01
3.363199999995460099e-02
2.255687000000019982e+00
2.810600000000250120e-01
6.453979999999999162e-01
4.948579999999650481e-01
2.506319000000019948e+00
2.434250000000019731e-01
3.507250000000109447e-01
7.671100000000020680e-01
1.269974999999990084e+00
7.735159999999720037e-01
1.921780000000130051e-01
5.941500000000129456e-01
4.259940000000029814e-01
4.996629999999979699e-01
9.080399999999709815e-01
2.090735000000000010e+00
7.294750000000359558e-01
1.809670000000100087e-01
6.774269999999660286e-01
2.262895000000009649e+00
4.596250000000170477e-01
7.999399999999921018e-01
5.685299999998959936e-02
5.477070000000029415e-01
4.820460000000250100e-01
1.097015000000000073e+00
1.808073999999979975e+00
1.056978000000019957e+00
2.072318000000000104e+00
7.831239999999870527e-01
1.553440000000139987e-01
1.169079999999669967e-01
5.092720000000099390e-01
1.382079000000030033e+00
4.340019999999640277e-01
1.350850000000039852e+00
7.022499999999920473e-01
6.534039999999661230e-01
4.115810000000120206e-01
1.180293000000010029e+00
1.337237000000019993e+00
1.121039999999880049e-01
6.795888999999990077e+00
6.554066000000029923e+00
2.797788999999970105e+00
3.225385000000020153e+00
1.817682999999989946e+00
1.002526999999989954e+00
6.005560000000400578e-01
7.238699999999770318e-01
1.806471900000000019e+01
4.359233999999959863e+00
9.048380000000407763e-01
3.888398000000000465e+00
8.055459999999359244e-01
4.980609000000070452e+00
2.481496600000000186e+01
nan
1.056431699999999907e+01
1.069270999999999860e+00
6.273190000000000488e+00
9.749820000000010145e-01
8.566210000000010760e-01
1.065258000000000038e+00
5.952208999999999861e+00
4.453620000000029777e-01
2.126499999999960089e-01
6.840930000000040589e-01
1.424359999999959825e-01
4.694359999999999644e-01
2.066319999999989832e-01
1.063249999999980044e-01
2.413383000000000056e+00
1.303988999999999843e+00
4.313189999999950119e-01
8.062664999999999083e+00
1.502595999999999821e+00
6.860990000000060096e-01
2.772480999999999973e+00
2.096413000000000082e+00
1.524664000000000019e+00
6.760680000000010015e-01
1.025136000000000047e+00
2.928959999999989350e-01
1.544726000000000043e+00
2.106440000000019686e-01
2.800567000000000029e+00
1.281922000000009998e+00
3.833726999999999663e+00
6.881049999999928612e-01
4.814799999999760244e-02
1.247817000000009946e+00
1.169577999999990015e+00
2.246870000000030232e-01
4.674300000000070066e-01
7.262209999999948984e-01
3.671230000000070270e-01
6.670405999999999835e+00
1.454448999999999881e+00
nan
6.580128999999999451e+00
2.764456000000000024e+00
4.848833000000009719e+00
5.554992999999999626e+00
1.137479999999980063e+00
3.261978000000000044e+00
1.976045000000000051e+00
1.281922000000009998e+00
5.697430000000170969e-01
2.467549999999789911e-01
7.904170000000190210e-01
7.864059999999989392e-01
1.053221999999980119e+00
4.431555999999999607e+00
7.302340000000240305e-01
3.631109999999749816e-01
1.088730499999999957e+01
2.341162000000029941e+00
1.895798999999980028e+00
8.534107000000009435e+00
3.885485900000000470e+01
8.068683000000019589e+00
1.277908999999969986e+00
2.090193999999999974e+01
3.132582800000000134e+01
7.346472999999999587e+00
3.839746999999990251e+00
1.370190999999979953e+00
5.701440999999990211e+00
1.049210000000019960e+00
3.711349999999810079e-01
7.623300000000200749e-02
2.228818000000049704e+00
3.919991999999979715e+00
9.107859999999730061e-01
1.935922000000010135e+00
1.448431000000030000e+00
2.820628499999999761e+01
3.470619999999939864e-01
5.085556999999990779e+00
8.624382000000029080e+00
3.871849999999880110e-01
2.989140000000250486e-01
7.322399999999900100e-01
2.162616000000010086e+00
3.305511699999999564e+01
1.430375999999969894e+00
3.027862400000000065e+01
1.951971199999999840e+01
5.647276000000029939e+00
7.541067999999999216e+00
1.350130000000040020e+00
9.408789999999949138e-01
4.642199999999999882e+00
8.449848999999970189e+00
7.151878000000009727e+00
1.096153199999990058e+01
1.544726000000080202e+00
7.041540000000171551e-01
4.068444999999999645e+00
1.123436999999969821e+00
1.223744000000009935e+00
2.808589999999639986e-01
5.998349999999849080e-01
3.312132000000020060e+00
7.543070000000400288e-01
6.459760000000190905e-01
1.063252999999920068e+00
9.910310000000209785e-01
4.293139999999770473e-01
5.155770000000079456e-01
6.981359999999769972e-01
1.968020000000019865e+00
1.281921000000010080e+00
1.468492999999969850e+00
2.714303000000089838e+00
1.935922000000010135e+00
2.178664999999909924e+00
4.814720000000529687e-01
5.817799999999809790e-01
7.282280000000579401e-01
5.657299999999170215e-01
1.123437000000079955e+00
9.027599999990340573e-02
1.209700999999999915e+00
5.155770000000079456e-01
5.436630000000379770e-01
9.328540000000199450e-01
1.059240000000050141e+00
2.266929999999549861e-01
9.689650000000259444e-01
1.699197999999910058e+00
1.526670000000080130e+00
1.021122999999990011e+00
6.580129999999829726e-01
2.056290999999989655e+00
1.093344000000000094e+00
1.183620000000469991e-01
9.509089999999108533e-01
1.628983000000060244e+00
7.643389999999499196e-01
1.346117000000049968e+00
nan
8.751780000000051185e-01
1.331199999999999939e+00
7.517525999999999264e+00
1.236991999999990099e+00
1.261568000000010015e+00
5.165055999999990100e+00
1.078612999999990052e+00
7.987200000000029831e-01
4.205230000000029777e-01
9.925969999999889604e-01
1.897810000000110242e-01
2.826239999999979879e-01
4.437340000000060125e-01
2.867200000000029725e-01
4.642130000000010415e-01
8.656210000000039706e-01
7.482029999999900705e-01
1.234261000000000053e+00
3.741019999999929957e-01
1.395370000000010213e+00
9.885019999999828944e-01
7.004160000000179132e-01
3.099299999999799993e-01
8.205660000000140064e-01
1.242450000000019927e-01
9.898670000000040492e-01
9.693799999999440364e-02
9.161389999999870470e-01
3.237205000000020316e+00
2.199551999999980190e+00
3.304109999999980118e-01
3.095211000000009705e+00
9.407140000000140390e-01
7.727789999999860049e-01
1.433600000000010199e+00
4.732244999999980273e+00
4.792320000000250269e-01
1.157803000000000138e+00
2.347007999999989991e+00
1.321642999999989909e+00
5.051730000000129728e-01
7.236269999999928038e-01
9.530019999999979063e-01
2.022059000000010265e+00
9.428991999999990270e+00
3.426989999999819902e-01
4.729514000000019536e+00
1.594026700000000041e+01
1.856716799999999878e+01
1.114111999999980007e+00
1.371067699999999867e+01
3.336874999999960067e+00
1.081617100000010012e+01
2.991445000000000132e+00
9.775789999999920932e-01
3.949908999999990566e+00
1.044206900000000005e+01
7.550299999999769973e-01
5.952853000000000172e+00
1.929216000000000042e+00
1.202858999999989909e+00
1.955020799999999781e+01
6.825301000000019158e+00
1.989290999999979936e+00
1.186474000000030005e+00
2.143580000000039898e-01
9.912319999999679165e-01
1.829539999999950095e-01
1.316182000000030161e+00
6.785699999999790233e-01
5.993819999999909776e-01
2.236416000000020166e+00
1.751722000000030199e+00
6.212269999999761039e-01
1.802239999999980080e+00
8.096429999999940064e-01
6.963200000000140388e-01
4.519250000000170631e-01
1.201489999999690028e-01
1.167360000000030151e+00
1.915562999999960159e+00
2.516309000000040097e+00
1.220607999999969939e+00
6.062080000000380497e-01
1.249279999999999946e+00
4.724059999999779547e-01
3.563520000000150456e-01
1.015807999999990052e+00
4.437330000000089258e-01
3.904850000000120169e-01
1.044479999999959885e+00
1.073151999999990114e+00
1.156438000000040045e+00
1.589247999999999994e+00
4.232500000000530282e-02
1.213780999999980015e+00
1.966079999999980066e+00
2.280110000000379888e-01
8.587949999999859862e-01
3.153919999999739709e-01
1.130495999999989953e+00
1.331200000000019923e+00
3.044689999999830587e-01
4.614830000000440524e-01
8.683519999999591565e-01
1.101824000000019899e+00
1.455445000000000100e+00
1.191936000000000107e+00
5.174609999999689736e-01
5.597870000000279012e-01
2.853549999999809850e-01
2.252799999999980374e-01
3.850240000000440532e-01
6.935889999999740319e-01
2.894509999999849703e-01
7.236199999999830268e-02
5.270189999999960184e-01
3.659090000000450038e-01
1.187840000000050106e-01
5.652479999999970861e-01
3.481599999999500095e-01
7.222620000000010698e-01
3.099300000000080324e-01
1.802240000000100151e-01
3.040597999999990364e+00
1.710762000000050076e+00
9.611949999999749306e-01
2.267818999999970053e+00
6.736554000000009701e+00
1.992022000000019943e+00
1.084073999999989990e+00
2.198190000000299904e-01
1.358506999999969933e+00
5.024419999999739650e-01
nan
6.523562000000080019e+00
1.074517999999899942e+00
2.128554000000010049e+00
3.981312000000000406e+00
1.477291000000039878e+00
2.300586999999950422e+00
3.730090000000020112e+00
3.467950000000430411e-01
1.858218999999960097e+00
1.178282000000079988e+00
6.430719999999610081e-01
5.734400000000049458e-01
3.891199999999339632e-01
1.103190000000040083e+00
1.290240000000040022e+00
3.522560000000109492e-01
5.530964999999920195e+00
4.724053000000030700e+00
4.341759999999789676e-01
3.986780000000179625e-01
3.932160000000520239e-01
2.554537999999979991e+00
1.189206000000009977e+00
2.170879999999899834e-01
nan
5.726147000000009868e+00
1.215795000000000181e+00
7.128356999999990506e+00
1.062115000000009912e+00
8.265949999999978592e-01
5.825266000000000055e+00
4.555819999999929926e-01
7.156540000000010115e-01
1.296726999999999963e+00
4.002937000000000189e+00
2.425224000000000046e+00
1.602265999999999968e+00
3.633743999999990315e+00
8.729700000000660542e-02
7.174739999999959483e-01
1.204882000000000009e+00
3.673750000000099991e-01
1.307638999999990004e+00
1.198517000000000055e+00
5.401510000000089295e-01
1.061205999999999872e+00
2.633464000000000027e+00
1.218519999999899961e-01
1.010283000000000042e+00
1.105762999999999829e+00
1.795048000000010191e+00
9.848209999999970599e-01
6.365410000000079060e-01
3.661933999999990252e+00
2.055119999999990010e-01
8.511469999999969893e-01
8.902490000000110593e-01
4.592189999999899963e-01
4.228460000000210384e-01
2.164240999999980097e+00
8.802469999999970041e-01
4.146610000000239826e-01
1.261261999999990113e+00
5.092329999999950507e-01
1.169418000000010061e+00
1.346740000000010040e+00
1.049385000000000012e+00
5.892559999999780196e-01
7.483909999999979190e-01
1.073936000000000002e+00
1.449497000000010027e+00
8.729700000000660542e-02
4.310299999999929743e-01
3.843802000000009489e+00
9.002519999999949452e-01
3.655559999999979937e-01
4.064779999999930116e-01
3.195438999999990592e+00
2.007833999999999897e+00
8.666060000000190833e-01
1.803231999999979962e+00
1.021195000000010067e+00
1.839605000000010149e+00
1.052111999999989944e+00
2.343383000000019756e+00
nan
3.759232999999990277e+00
2.610731000000100277e+00
1.024831999999950005e+00
1.040291000000020061e+00
7.447529999999459305e-01
2.922636000000009560e+00
2.405217999999990308e+00
8.538750000000159268e-01
6.056240000000339130e-01
4.087506999999960478e+00
6.865559999999959473e-01
5.810710000000649522e-01
5.401510999999910467e+00
4.601290000000520242e-01
3.637380000000119962e-01
3.691939999999929722e-01
3.647383999999990412e+00
5.774340000000389717e-01
1.349468000000000112e+00
1.593172999999979966e+00
1.066661999999950039e+00
1.517696999999999852e+00
7.447540000000570926e-01
1.897803999999949864e+00
nan
3.354926000000000297e+00
2.056521000000000043e+00
1.877134999999999776e+00
7.047269999999999923e-01
4.217681999999999931e+00
7.495729999999999338e-01
1.390233999999999970e+00
2.344816999999999929e+00
3.662443000000000115e+00
4.335140000000000104e-01
6.086279999999999468e-01
2.220949999999999869e-01
6.961844999999999395e+00
1.001567000000000096e+00
9.180666000000000437e+00
1.966827999999999799e+00
4.715262000000000064e+00
1.104071999999999942e+00
3.602648000000000295e+00
8.755690000000000417e-01
1.802391999999999772e+00
1.097664999999999891e+00
nan
1.763951999999999964e+00
6.769649999999999279e-01
1.001565999999999956e+00
9.695329999999999782e-01
7.837410000000000210e-01
7.581149999999999833e-01
3.824744000000000366e+00
2.430238999999999816e+00
3.920843000000000078e+00
1.022920999999999969e+00
1.665718000000000032e+00
2.089621299999999948e+01
5.635677999999999521e+00
nan
2.364038000000000306e+00
8.542139999999999178e-01
2.319191000000000003e+00
1.119020999999999821e+00
4.973660999999999888e+00
8.093679999999999763e-01
2.530609999999999804e+00
3.348519000000000023e+00
7.730640000000000844e-01
2.652334999999999887e+00
9.503129999999999633e-01
1.305239199999999933e+01
4.740887999999999991e+00
1.416714100000000087e+01
nan
4.546555000000000568e+00
8.285870000000000735e-01
2.947038999999999742e+00
3.547123999999999722e+00
8.307229999999999892e-01
2.178246000000000127e+00
6.430096999999999952e+00
6.163155000000000605e+00
7.495729999999999338e-01
nan
8.794559999999979061e-01
2.165884999999999838e+00
1.633273999999999893e+00
1.232034999999999991e+00
2.092729999999999979e+00
1.990454000000000168e+00
1.801636000000000015e+00
1.892897999999999969e+00
nan
5.783729999999990268e-01
6.031149999999949607e-01
2.036674000000000095e+00
7.314709999999989831e-01
4.964099999999970203e-01
6.247660000000009317e-01
7.206460000000021182e-01
1.694908999999999999e+00
1.384071999999999969e+00
1.776870999999999867e+00
9.294159999999960231e-01
6.634270000000059841e-01
9.464270000000000183e-01
6.062079999999949731e-01
3.989839999999989506e-01
2.811446000000000112e+00
8.721979999999970312e-01
1.011378000000009880e+00
2.721749999999899527e-01
7.933289999999999509e-01
8.149790000000078916e-01
7.330169999999900377e-01
9.154980000000140228e-01
6.680659999999959409e-01
7.175529999999948894e-01
7.979679999999970130e-01
5.196070000000079236e-01
7.237389999999949142e-01
1.079420999999999964e+00
1.029936000000009955e+00
8.814760000000059215e-01
2.427119999999990174e+00
7.514930000000110688e-01
1.402785999999989874e+00
6.103039999999990695e-01
7.469379999999999908e-01
7.378290000000050641e-01
3.775681999999999761e+00
7.833739999999949077e-01
4.463420000000010157e-01
6.558479999999921040e-01
9.154550000000091226e-01
8.061469999999959501e-01
4.037564999999999849e+00
5.055499999999989447e-01
1.489322000000000035e+00
5.670360000000020939e-01
nan
1.045258000000000020e+00
8.653550000000078679e-01
4.964409999999900291e-01
5.146590000000089704e-01
2.236259999999999692e+00
9.336729999999989760e-01
9.871879999999889632e-01
1.085110000000000019e+00
1.781445000000010159e+00
6.568000000000040473e-01
1.448064000000000018e+00
9.257269999999949706e-01
7.033449999999989988e-01
nan
2.056860000000000077e-01
6.000020000000000353e-01
7.665579999999999616e-01
1.219068999999999958e+00
1.066559000000000035e+00
2.879610000000000225e-01
4.224090000000000344e-01
7.163910000000000000e-01
2.668900000000000161e-01
5.618750000000000133e-01
1.137796999999999947e+00
5.428119999999999612e-01
5.147169999999989809e-01
4.876280000000010606e-01
1.509035000000000126e+00
1.272245999999999988e+00
8.357889999999998931e-01
1.491979000000000166e+00
8.839489999999989855e-01
1.016391999999999962e+00
3.963229999999989817e-01
3.852849999999999886e-01
5.167250000000009891e-01
8.016749999999989162e-01
5.719089999999978913e-01
5.237470000000000736e-01
3.231784999999999908e+00
7.585309999999979569e-01
3.240820000000010359e-01
4.755870000000010367e-01
2.468229999999989877e-01
9.481640000000021162e-01
3.300012999999999863e+00
1.479937999999999976e+00
2.264556999999999931e+00
1.222077999999999998e+00
1.048499000000000070e+00
5.809390000000009824e-01
1.246158000000000099e+00
4.505039999999950195e-01
8.377950000000000674e-01
1.515055999999999958e+00
6.341159999999990138e-01
nan
8.016750000000030241e-01
5.769250000000029077e-01
5.638819999999999943e-01
1.228097999999999912e+00
5.056879999999989161e-01
4.053530000000050149e-01
nan
6.311060000000000558e-01
1.030437999999999965e+00
7.374609999999959253e-01
9.501710000000120893e-01
3.120409999999939621e-01
4.863229000000000468e+00
nan
1.398667000000000105e+00
8.478300000000020820e-01
2.022749999999999826e+00
5.869579999999959830e-01
1.063549999999939960e-01
1.213047999999999904e+00
3.050180000000039526e-01
1.176927999999999974e+00
3.882949999999989465e-01
1.933451999999999948e+00
nan
1.050505999999999940e+00
8.929800000000000237e-02
1.057529000000000163e+00
1.142813999999999997e+00
9.311070000000000180e-01
3.160550000000000304e-01
2.012716000000000172e+00
6.421430000000000193e-01
3.441480000000000095e-01
1.176927999999999974e+00
9.511739999999999640e-01
7.695680000000000298e-01
5.097010000000000707e-01
3.892989999999999506e-01
5.297680000000000167e-01
1.144820000000000171e+00
1.160873999999999961e+00
1.436795000000000044e+00
1.635449999999999959e-01
3.405364000000000058e+00
nan
2.859541999999999806e+00
1.177930999999999839e+00
1.842147000000000201e+00
2.030777000000000054e+00
1.022412000000000099e+00
2.119070999999999927e+00
1.617397999999999891e+00
2.168234999999999690e+00
5.084969000000000072e+00
1.699672000000000072e+00
4.153859999999999775e-01
1.184954000000000063e+00
2.031779999999999919e+00
2.000677000000000039e+00
1.506024999999999947e+00
1.499001999999999946e+00
3.541819999999999968e-01
1.677599000000000062e+00
7.675609999999999378e-01
1.715720000000000023e-01
3.843827999999999800e+00
5.602695999999999898e+00
2.917736999999999803e+00
1.404687000000000019e+00
1.175322099999999992e+01
1.114720000000000155e+00
1.568232999999999988e+00
2.904692999999999969e+00
3.551849999999999730e-01
2.374925999999999870e+00
9.170599999999999863e-01
6.632130000000000525e-01
1.275255999999999945e+00
1.497999000000000080e+00
5.508380000000000498e-01
7.785979999999999013e-01
4.826100000000000390e-01
6.571939999999999449e-01
1.946489999999999887e-01
8.157220000000000582e-01
1.975592999999999932e+00
8.729099999999999360e-02
1.279268999999999989e+00
8.327799999999999092e-02
2.979939999999999811e-01
4.354540000000000077e-01
8.789329999999999643e-01
9.652209999999998846e-01
4.364560000000000661e-01
3.581949999999999856e-01
3.351190000000000002e-01
2.759206999999999965e+00
3.662219999999999920e-01
9.561910000000000132e-01
2.197329999999999839e-01
5.257549999999999724e-01
4.615399999999999503e-01
1.106692999999999927e+00
5.949860000000000149e-01
1.943484999999999907e+00
1.759873000000000021e+00
2.086959999999999926e-01
1.290305999999999953e+00
9.782649999999999402e-01
1.535119999999999818e-01
7.214070000000000205e-01
3.210719999999999685e-01
2.194322000000000106e+00
1.332446999999999937e+00
8.036820000000000075e-01
7.585310000000000663e-01
6.210720000000000685e-01
3.943159999999999998e-01
2.117070000000000063e-01
3.245830000000000104e-01
1.542648000000000019e+00
1.009368000000000043e+00
7.143840000000000190e-01
2.789309999999999845e-01
4.123760000000000203e-01
3.561889999999999779e-01
3.180610000000000381e-01
1.117729999999999890e+00
9.973280000000001033e-01
7.173939999999999761e-01
1.570239999999999858e+00
3.391319999999999890e-01
2.578599999999999781e-01
1.996660000000000101e-01
1.282279000000000169e+00
3.476609999999999978e-01
7.449859999999999260e-01
7.324400000000000355e-02
4.484970000000000345e-01
3.110380000000000367e-01
9.180629999999999624e-01
8.438160000000000105e-01
6.983300000000000063e-01
1.510039999999999993e-01
1.871250000000000135e-01
3.090310000000000001e-01
1.436795000000000044e+00
1.013379999999999975e-01
5.744169999999999554e-01
4.269239999999999702e-01
8.077000000000000846e-02
4.459879999999999955e-01
1.492982000000000031e+00
6.240829999999999433e-01
6.070260000000000655e-01
3.411379999999999968e-01
4.193999999999999950e-01
7.229119999999999990e-01
6.205709999999999837e-01
1.526092000000000004e+00
3.993329999999999935e-01
3.431449999999999778e-01
7.565250000000000030e-01
6.130449999999999511e-01
2.455694999999999961e+00
1.610380000000000145e-01
2.582618000000000080e+00
8.297690000000000898e-01
1.748836000000000057e+00
5.090988999999999542e+00
2.384958000000000133e+00
3.680282000000000053e+00
2.240475999999999690e+00
2.217800899999999942e+01
1.950509000000000048e+00
1.688634999999999886e+00
1.647497999999999907e+00
1.249168000000000056e+00
1.643484999999999863e+00
3.421416999999999931e+00
1.576259999999999994e+00
8.729129999999999390e-01
3.613056999999999963e+00
1.383617000000000097e+00
1.388633999999999924e+00
3.534796000000000049e+00
9.262911000000000783e+00
2.948840000000000128e+00
2.727100000000000080e+00
3.288976000000000344e+00
2.566565000000000207e+00
4.642491999999999841e+00
3.053188000000000013e+00
2.876599999999999824e+00
1.723751999999999951e+00
1.004352000000000134e+00
1.206023999999999985e+00
4.422257000000000104e+00
2.420577999999999896e+00
1.535123000000000015e+00
4.088640000000000052e-01
9.918100000000000804e-01
1.288299000000000083e+00
2.478270000000000195e+00
1.370573999999999959e+00
1.422746999999999984e+00
1.530607999999999969e+00
4.941490000000000049e-01
1.751343999999999790e+00
1.972081000000000195e+00
3.923099999999999921e-01
9.933139999999999192e-01
6.321100000000000607e-01
9.632139999999999036e-01
9.140500000000000291e-01
3.963229999999999809e-01
6.240820000000000256e-01
1.231109000000000009e+00
9.852870000000001349e-01
6.471600000000000685e-01
9.080299999999998928e-01
1.012379000000000140e+00
1.207027000000000072e+00
1.970575999999999883e+00
5.638819999999999943e-01
4.061554000000000109e+00
8.237489999999999535e-01
6.531789999999999541e-01
8.969930000000000403e-01
3.789646999999999988e+00
7.996680000000000454e-01
6.821764999999999191e+00
3.187637000000000054e+00
1.745825999999999878e+00
1.574253000000000124e+00
2.789309999999999845e-01
3.064225999999999672e+00
2.458199999999999830e-01
2.440142999999999951e+00
1.236124999999999918e+00
7.063570000000000126e-01
2.226430000000000131e+00
1.074585000000000123e+00
5.851526999999999923e+00
1.090640000000000054e+00
9.100370000000000958e-01
8.959899999999999531e-01
6.521759999999999780e-01
7.013399999999999634e-01
7.063570000000000126e-01
1.340473999999999943e+00
3.070244999999999891e+00
2.859539999999999860e-01
2.616732999999999976e+00
2.227432999999999996e+00
3.009040999999999855e+00
2.121077999999999797e+00
3.136466999999999672e+00
1.987632000000000065e+00
1.096659999999999968e+00
2.325760999999999967e+00
7.545180000000000220e-01
1.752849000000000101e+00
7.204040000000000443e-01
1.253182000000000018e+00
1.364554000000000045e+00
1.140806999999999904e+00
6.832799999999999985e-01
8.147189999999999710e-01
9.060229999999999118e-01
9.672280000000000877e-01
1.087629000000000179e+00
4.200016000000000638e+00
3.230780000000000318e-01
1.250171999999999839e+00
2.330778000000000016e+00
2.839470000000000049e-01
4.477942999999999785e+00
3.057202000000000197e+00
3.480615000000000236e+00
1.346092000000000155e+01
2.725093999999999905e+00
3.518742000000000036e+00
3.522755000000000081e+00
3.990316000000000418e+00
7.454880000000000395e-01
2.690979999999999706e+00
2.439138999999999946e+00
1.986629999999999896e+00
7.394680000000000142e-01
3.121415999999999968e+00
9.180629999999999624e-01
8.511402999999999608e+00
3.971252999999999922e+00
1.646493999999999902e+00
9.792680000000000273e-01
1.362546999999999953e+00
1.699672000000000072e+00
2.302684000000000175e+00
2.371914999999999996e+00
4.675600000000000311e-01
4.103699999999999570e-01
1.773918999999999802e+00
3.178606999999999960e+00
3.085296000000000038e+00
1.516059000000000045e+00
1.511043000000000136e+00
3.457537999999999556e+00
1.665550000000000086e-01
7.775950000000000362e-01
1.916400000000000048e-01
1.409704000000000068e+00
3.541819999999999968e-01
1.687632000000000021e+00
2.130108000000000334e+00
5.147180000000000089e-01
4.806029999999999469e-01
4.033459999999999823e-01
1.193990000000000051e-01
5.989989999999999482e-01
4.765899999999999581e-01
3.180610000000000381e-01
1.433785000000000087e+00
7.856220000000000425e-01
nan
1.254942499999999939e+01
3.117808000000000135e+00
2.784972999999999921e+00
5.946892000000000067e+00
2.353894999999990301e+00
1.317297999999999858e+00
1.153488500000000094e+01
5.694258999999999737e+00
8.220589999999959874e-01
3.520816999999999641e+00
2.925324999999999953e+00
4.038111999999999924e+00
3.398509999999999920e+00
8.220589999999959874e-01
1.203011999999999970e+00
3.699263999999999886e+00
8.160430000000078454e-01
1.750383000000000244e+00
1.824568999999999885e+00
1.203012999999999888e+00
2.001011000000010309e+00
7.458669999999900657e-01
1.858654999999999946e+00
6.596520000000078987e-01
6.897270000000050860e-01
5.792504999999990467e+00
7.819580000000029285e-01
1.068675999999999959e+00
1.030580999999999969e+00
1.067672999999999872e+00
3.879720000000049795e-01
7.639130000000020626e-01
2.947379999999950040e-01
1.106771000000009941e+00
1.633089999999999931e+00
9.273220000000039764e-01
3.017559999999970266e-01
8.651660000000021000e-01
1.231577599999999961e+01
9.283889999999960230e-01
2.641615000000000268e+00
3.859669999999939538e-01
nan
6.626589999999910052e-01
6.385989999999990285e-01
1.101157500000000056e+01
3.145876999999979606e+00
2.713795999999999875e+00
2.382967000000010049e+00
2.696752999999999734e+00
3.446630999999999556e+00
8.571459999999999635e-01
4.367938000000009424e+00
7.578979999999828632e-01
7.348399999999909449e-01
6.946261000000019337e+00
nan
5.032600000000120311e-01
5.155910999999999689e+00
2.548381000000009777e+00
7.789510000000059442e-01
2.035099999999940013e-01
5.413555999999970503e+00
8.541389000000039644e+00
3.321316999999960107e+00
3.408535000000029846e+00
4.759859000000009388e+00
3.897820999999960012e+00
1.854644000000010173e+00
4.058161999999979841e+00
1.517801000000019940e+00
2.448130999999990287e+00
1.146872000000030090e+00
8.812059999999630744e-01
3.949890000000099710e-01
nan
2.676700000000100110e-01
1.787475999999969867e+00
1.007522999999989954e+00
6.706800000000040507e-01
5.644130000000020519e-01
nan
7.929860000000420461e-01
1.317182999999999993e+00
2.680827999999960021e+00
5.644139999999990831e-01
4.090239999999880083e-01
nan
1.051633999999979974e+00
5.904780000000190432e-01
6.085239999999890737e-01
4.241220000000109347e-01
3.297660000000060543e-01
5.113049999999930151e-01
5.839290000000120218e-01
nan
3.428569999999809825e-01
1.063393000000020017e+00
6.348219999999860086e-01
4.325890000000069957e-01
nan
9.214289999999889513e-01
5.464280000000489856e-01
1.110267999999959843e+00
8.879469999999970442e-01
7.178570000000380480e-01
nan
9.763389999999959601e-01
2.290179999999960025e-01
3.616069999999920181e-01
3.455359999999810250e-01
6.776780000000139914e-01
2.550000000000010036e+00
1.186606999999979983e+00
3.053570000000150331e-01
3.428579999999780137e-01
9.401780000000029558e-01
1.808036000000019961e+00
1.901780000000030113e-01
7.861609999999928933e-01
1.147767999999989907e+00
3.629460000000220288e-01
3.267859999999699894e-01
1.082143000000030053e+00
nan
1.522766999999989768e+00
1.058040000000349951e-01
4.205359999999699894e-01
5.316960000000109376e-01
1.016518000000020017e+00
nan
9.883929999999740978e-01
5.598209999999990139e-01
1.862947000000019893e+00
2.678569999999920181e-01
7.633900000001860031e-02
nan
5.678569999999999451e-01
5.035709999999999908e-01
4.901789999999999758e-01
4.486609999999999765e-01
4.486600000000000588e-01
7.540180000000000771e-01
7.285719999999999974e-01
nan
7.674099999999840493e-01
6.415180000000191285e-01
6.575889999999730007e-01
1.131697000000030151e+00
6.361610000000159637e-01
5.571419999999990269e-01
4.513399999999589407e-01
4.312500000000339950e-01
4.205349999999729582e-01
9.816969999999970442e-01
6.522320000000260132e-01
4.915179999999849669e-01
5.049109999999930043e-01
4.379460000000109376e-01
3.629460000000220288e-01
2.571429999999849669e-01
9.294649999999928802e-01
7.245530000000139914e-01
5.477679999999619520e-01
4.299110000000039289e-01
4.834820000000379925e-01
4.620529999999690163e-01
1.375447000000010078e+00
6.388390000000190305e-01
5.102679999999960581e-01
4.366069999999809825e-01
nan
1.068750000000020073e+00
4.415624999999979927e+00
1.609821000000010160e+00
1.809374999999989964e+00
1.372768000000010202e+00
9.562500000000110356e-01
2.875446000000009494e+00
1.142410999999919907e+00
nan
4.841517999999950028e+00
1.537500000000020073e+00
3.755357000000000056e+00
3.920089999999960106e+00
1.737053000000060132e+00
5.276789999999210723e-01
1.228125000000090061e+00
2.292856999999910439e+00
1.663393000000039867e+00
2.863392999999970101e+00
7.084820000000040530e-01
7.660710000000110487e-01
2.898215000000050168e+00
nan
5.491071999999999953e+00
6.591963999999999935e+00
3.002679000000000098e+00
3.087053000000000047e+00
1.072097999999999995e+00
1.993527000000000049e+00
2.209152000000000005e+00
8.705360000000000875e-01
8.343749999999999778e-01
8.758930000000000327e-01
3.281250000000000000e-01
9.307999999999999607e-02
9.763389999999999569e-01
8.002229999999999066e-01
8.029020000000000046e-01
1.193973999999999869e+00
5.959820000000000118e-01
5.638389999999999791e-01
6.127229999999999066e-01
5.337060000000000137e-01
5.752229999999999288e-01
4.118300000000000294e-01
6.683040000000000092e-01
1.292409999999999948e-01
4.734369999999999967e-01
1.165180000000000105e-01
3.837050000000000183e-01
5.785719999999999752e-01
5.946430000000000327e-01
4.058030000000000248e-01
5.337060000000000137e-01
6.013390000000000679e-01
5.069200000000000372e-01
2.837946000000000080e+00
1.426339000000000024e+00
1.094196999999999864e+00
7.908479999999999954e-01
5.350449999999999928e-01
4.299100000000000144e-01
3.743309999999999693e-01
4.486600000000000588e-01
1.232150000000000051e-01
3.247760000000000091e-01
4.406249999999999889e-01
5.209829999999999739e-01
6.314729999999999510e-01
6.194189999999999419e-01
5.544649999999999856e-01
6.301339999999999719e-01
3.073659999999999726e-01
3.950889999999999680e-01
5.250000000000000222e-01
1.876338999999999979e+00
6.816969999999999974e-01
6.388390000000000457e-01
4.660710000000000131e-01
1.901789999999999869e-01
2.464290000000000092e-01
5.424100000000000588e-01
5.250000000000000222e-01
4.915180000000000105e-01
2.966518000000000210e+00
5.859375000000000000e+00
2.748213999999999935e+00
1.303125000000000089e+00
nan
7.366070000000000118e-01
6.595979999999999066e-01
6.696429999999999882e-01
6.173436999999999841e+00
6.103125000000000355e+00
nan
6.964289999999999647e-01
5.357140000000000235e-01
3.612054000000000098e+00
4.714279999999999582e-01
5.758929999999999882e-01
2.896875000000000089e+00
5.651789999999999869e-01
6.535710000000000131e-01
nan
8.397319999999999229e-01
5.825892999999999766e+00
7.941970000000000418e-01
7.687500000000000444e-01
5.634375000000000355e+00
6.336159999999999570e+00
3.266518000000000033e+00
2.744197000000000219e+00
7.500000000000000000e-01
7.901779999999999360e-01
4.686161000000000243e+00
8.517860000000000431e-01
7.700890000000000235e-01
6.924109999999999987e-01
4.959374999999999645e+00
9.683030000000000248e-01
2.416072000000000219e+00
7.071430000000000771e-01
6.897320000000000118e-01
1.548213999999999979e+00
9.093750000000000444e-01
9.073660000000000059e-01
8.879459999999999020e-01
6.797544999999999504e+00
8.919639999999999791e-01
7.218750000000000444e-01
1.457143000000000077e+00
6.709819999999999673e-01
6.160720000000000640e-01
1.774552999999999825e+00
9.709830000000000405e-01
6.816959999999999686e-01
6.616069999999999451e-01
1.031250000000000000e+00
8.598219999999999752e-01
8.142850000000000366e-01
4.808036000000000421e+00
1.149106999999999879e+00
1.941970000000000085e-01
8.129460000000000575e-01
2.943750000000000089e+00
1.296429000000000054e+00
2.034374999999999822e+00
4.228125000000000355e+00
2.540624999999999911e+00
2.501784999999999926e+00
5.357149999999999412e-01
7.566960000000000353e-01
2.935713999999999935e+00
1.103571999999999997e+00
5.140177999999999692e+00
1.012499999999999956e+00
8.705360000000000875e-01
2.485713999999999757e+00
6.495539999999999647e-01
4.124999999999999778e-01
2.576786000000000243e+00
2.117410000000000014e+00
5.558039999999999647e-01
9.535709999999999464e-01
7.339289999999999425e-01
8.290180000000000327e-01
5.758929999999999882e-01
5.718750000000000222e-01
1.178570999999999813e+00
6.401789999999999425e-01
6.441959999999999908e-01
5.504459999999999908e-01
6.589289999999999869e-01
3.092411000000000243e+00
8.959819999999999451e-01
7.620529999999999804e-01
5.117410999999999710e+00
9.415180000000000771e-01
7.513389999999999791e-01
6.700447000000000486e+00
7.071430000000000771e-01
6.803569999999999895e-01
2.421830299999999880e+01
4.785937999999999803e+00
4.678793999999999897e+00
4.230804000000000009e+00
3.160714000000000024e+00
1.245535999999999976e+00
4.012500000000000178e+00
9.602680000000000105e-01
6.155357000000000411e+00
9.080360000000000653e-01
8.785709999999998798e-01
nan
2.056860000000000077e-01
6.000020000000000353e-01
7.665579999999999616e-01
1.219068999999999958e+00
1.066559000000000035e+00
2.879610000000000225e-01
4.224090000000000344e-01
7.163910000000000000e-01
2.668900000000000161e-01
5.618750000000000133e-01
1.137796999999999947e+00
5.428119999999999612e-01
5.147169999999999801e-01
4.876279999999999504e-01
1.509035000000000126e+00
1.272245999999999988e+00
8.357889999999998931e-01
1.491979000000000166e+00
8.839489999999999847e-01
1.016391999999999962e+00
3.963229999999999809e-01
3.852849999999999886e-01
5.167249999999999899e-01
8.016750000000000265e-01
5.719090000000000007e-01
5.237470000000000736e-01
3.231784999999999908e+00
7.585310000000000663e-01
3.240820000000000367e-01
4.755869999999999820e-01
2.468230000000000146e-01
9.481639999999998958e-01
3.300012999999999863e+00
1.479937999999999976e+00
2.264556999999999931e+00
1.222077999999999998e+00
1.048499000000000070e+00
5.809389999999999832e-01
1.246158000000000099e+00
4.505040000000000155e-01
8.377950000000000674e-01
1.515055999999999958e+00
6.341160000000000130e-01
nan
8.016750000000000265e-01
5.769250000000000211e-01
5.638819999999999943e-01
1.228097999999999912e+00
5.056880000000000264e-01
4.053530000000000189e-01
nan
6.311060000000000558e-01
1.030437999999999965e+00
7.374609999999999221e-01
9.501709999999998768e-01
3.120410000000000128e-01
4.863229000000000468e+00
nan
1.398667000000000105e+00
8.478299999999999725e-01
2.022749999999999826e+00
5.869579999999999798e-01
1.063549999999999912e-01
1.213047999999999904e+00
3.050180000000000113e-01
1.176927999999999974e+00
3.882950000000000013e-01
1.933451999999999948e+00
nan
1.344486000000000070e+00
3.385297000000000001e+00
5.157209999999999850e-01
2.225425999999999682e+00
nan
1.050505999999999940e+00
8.929800000000000237e-02
1.002345000000000041e+00
1.197997999999999896e+00
9.311070000000000180e-01
3.160550000000000304e-01
2.012716000000000172e+00
6.421430000000000193e-01
3.441480000000000095e-01
nan
9.782649999999999402e-01
7.695680000000000298e-01
5.097010000000000707e-01
3.892989999999999506e-01
5.297680000000000167e-01
1.144820000000000171e+00
1.160873999999999961e+00
1.436795000000000044e+00
nan
7.264239999999999586e-01
2.366899000000000086e+00
2.859541999999999806e+00
1.177930999999999839e+00
1.842147000000000201e+00
2.030777000000000054e+00
1.022412000000000099e+00
2.119070999999999927e+00
1.617397999999999891e+00
2.168234999999999690e+00
5.084969000000000072e+00
1.699672000000000072e+00
4.153859999999999775e-01
1.184954000000000063e+00
2.031779999999999919e+00
2.000677000000000039e+00
1.506024999999999947e+00
1.499001999999999946e+00
3.541819999999999968e-01
1.677599000000000062e+00
7.675609999999999378e-01
1.715720000000000023e-01
3.843827999999999800e+00
5.602695999999999898e+00
2.917736999999999803e+00
1.404687000000000019e+00
1.175322099999999992e+01
1.114720000000000155e+00
1.568232999999999988e+00
2.904692999999999969e+00
3.551849999999999730e-01
2.374925999999999870e+00
9.170599999999999863e-01
6.632130000000000525e-01
1.275255999999999945e+00
1.497999000000000080e+00
5.508380000000000498e-01
7.785979999999999013e-01
4.826100000000000390e-01
6.571939999999999449e-01
1.946489999999999887e-01
8.157220000000000582e-01
1.975592999999999932e+00
8.729099999999999360e-02
1.279268999999999989e+00
8.327799999999999092e-02
2.979939999999999811e-01
4.354540000000000077e-01
8.789329999999999643e-01
9.652209999999998846e-01
4.364560000000000661e-01
3.581949999999999856e-01
3.351190000000000002e-01
2.759206999999999965e+00
3.662219999999999920e-01
9.561910000000000132e-01
2.197329999999999839e-01
5.257549999999999724e-01
4.615399999999999503e-01
1.106692999999999927e+00
5.949860000000000149e-01
1.943484999999999907e+00
1.759873000000000021e+00
2.086959999999999926e-01
1.290305999999999953e+00
9.782649999999999402e-01
1.535119999999999818e-01
7.214070000000000205e-01
3.210719999999999685e-01
2.194322000000000106e+00
1.332446999999999937e+00
8.036820000000000075e-01
7.585310000000000663e-01
6.210720000000000685e-01
3.943159999999999998e-01
2.117070000000000063e-01
3.245830000000000104e-01
1.542648000000000019e+00
1.009368000000000043e+00
7.143840000000000190e-01
2.789309999999999845e-01
4.123760000000000203e-01
3.561889999999999779e-01
3.180610000000000381e-01
1.117729999999999890e+00
9.973280000000001033e-01
7.173939999999999761e-01
1.570239999999999858e+00
3.391319999999999890e-01
2.578599999999999781e-01
1.996660000000000101e-01
1.282279000000000169e+00
3.476609999999999978e-01
7.449859999999999260e-01
7.324400000000000355e-02
4.484970000000000345e-01
3.110380000000000367e-01
9.180629999999999624e-01
8.438160000000000105e-01
6.983300000000000063e-01
1.510039999999999993e-01
1.871250000000000135e-01
3.090310000000000001e-01
1.436795000000000044e+00
1.013379999999999975e-01
5.744169999999999554e-01
4.269239999999999702e-01
8.077000000000000846e-02
4.459879999999999955e-01
1.492982000000000031e+00
6.240829999999999433e-01
6.070260000000000655e-01
3.411379999999999968e-01
4.193999999999999950e-01
6.792660000000000364e-01
6.642170000000000574e-01
1.526092000000000004e+00
3.993329999999999935e-01
3.431449999999999778e-01
7.565250000000000030e-01
6.130449999999999511e-01
2.455694999999999961e+00
1.610380000000000145e-01
2.582618000000000080e+00
8.297690000000000898e-01
1.748836000000000057e+00
5.090988999999999542e+00
2.384958000000000133e+00
3.680282000000000053e+00
2.240475999999999690e+00
2.217800899999999942e+01
1.950509000000000048e+00
1.688634999999999886e+00
1.647497999999999907e+00
1.249168000000000056e+00
1.643484999999999863e+00
3.421416999999999931e+00
1.576259999999999994e+00
8.729129999999999390e-01
3.613056999999999963e+00
1.383617000000000097e+00
1.388633999999999924e+00
3.534796000000000049e+00
9.262911000000000783e+00
2.948840000000000128e+00
2.727100000000000080e+00
3.288976000000000344e+00
2.566565000000000207e+00
4.642491999999999841e+00
3.053188000000000013e+00
2.876599999999999824e+00
1.723751999999999951e+00
1.004352000000000134e+00
1.206023999999999985e+00
4.422257000000000104e+00
2.420577999999999896e+00
1.535123000000000015e+00
4.088640000000000052e-01
9.918100000000000804e-01
1.288299000000000083e+00
2.478270000000000195e+00
1.370573999999999959e+00
1.422746999999999984e+00
1.530607999999999969e+00
4.941490000000000049e-01
1.751343999999999790e+00
1.972081000000000195e+00
3.923099999999999921e-01
9.933139999999999192e-01
6.321100000000000607e-01
9.632139999999999036e-01
9.140500000000000291e-01
3.963229999999999809e-01
6.240820000000000256e-01
1.231109000000000009e+00
9.852870000000001349e-01
6.471600000000000685e-01
9.080299999999998928e-01
1.012379000000000140e+00
1.207027000000000072e+00
1.970575999999999883e+00
5.638819999999999943e-01
4.061554000000000109e+00
8.237489999999999535e-01
6.531789999999999541e-01
8.969930000000000403e-01
3.789646999999999988e+00
7.996680000000000454e-01
6.821764999999999191e+00
3.187637000000000054e+00
1.745825999999999878e+00
1.574253000000000124e+00
2.789309999999999845e-01
3.064225999999999672e+00
2.458199999999999830e-01
2.440142999999999951e+00
1.236124999999999918e+00
7.063570000000000126e-01
2.226430000000000131e+00
1.074585000000000123e+00
5.851526999999999923e+00
1.090640000000000054e+00
9.100370000000000958e-01
8.959899999999999531e-01
6.521759999999999780e-01
7.013399999999999634e-01
7.063570000000000126e-01
1.340473999999999943e+00
3.070244999999999891e+00
2.859539999999999860e-01
2.616732999999999976e+00
2.227432999999999996e+00
3.009040999999999855e+00
2.121077999999999797e+00
3.136466999999999672e+00
1.987632000000000065e+00
1.096659999999999968e+00
2.325760999999999967e+00
7.545180000000000220e-01
1.752849000000000101e+00
7.204040000000000443e-01
1.253182000000000018e+00
1.364554000000000045e+00
1.140806999999999904e+00
6.832799999999999985e-01
8.147189999999999710e-01
9.060229999999999118e-01
9.672280000000000877e-01
1.087629000000000179e+00
4.200016000000000638e+00
3.230780000000000318e-01
1.250171999999999839e+00
2.330778000000000016e+00
2.839470000000000049e-01
4.477942999999999785e+00
3.057202000000000197e+00
3.480615000000000236e+00
1.346092000000000155e+01
2.725093999999999905e+00
3.518742000000000036e+00
3.522755000000000081e+00
3.990316000000000418e+00
7.454880000000000395e-01
2.690979999999999706e+00
2.439138999999999946e+00
1.986629999999999896e+00
7.394680000000000142e-01
3.121415999999999968e+00
9.180629999999999624e-01
8.511402999999999608e+00
3.971252999999999922e+00
1.646493999999999902e+00
9.792680000000000273e-01
1.362546999999999953e+00
1.699672000000000072e+00
2.302684000000000175e+00
2.371914999999999996e+00
4.675600000000000311e-01
4.103699999999999570e-01
1.773918999999999802e+00
3.178606999999999960e+00
3.085296000000000038e+00
1.516059000000000045e+00
1.511043000000000136e+00
3.457537999999999556e+00
1.665550000000000086e-01
7.775950000000000362e-01
1.916400000000000048e-01
1.409704000000000068e+00
3.541819999999999968e-01
1.687632000000000021e+00
2.130108000000000334e+00
5.147180000000000089e-01
4.806029999999999469e-01
4.033459999999999823e-01
1.193990000000000051e-01
5.989989999999999482e-01
4.765899999999999581e-01
3.180610000000000381e-01
1.433785000000000087e+00
7.856220000000000425e-01
nan
1.081649000000000083e+00
5.429598000000000368e+00
8.819759999999999822e-01
6.392725000000000435e+00
6.470670000000000588e-01
nan
3.597309999999999786e+00
3.180879999999999708e+00
3.197963999999999807e+00
8.777049999999999574e-01
1.652904000000000151e+00
2.419561999999999991e+00
7.880119999999999347e-01
9.695329999999999782e-01
3.335705999999999616e+00
4.463270000000000293e-01
7.965550000000000130e-01
nan
8.621155999999999153e+00
4.083142999999999745e+00
1.964700000000000057e-01
4.386389000000000316e+00
4.775057000000000329e+00
5.240604000000000262e+00
8.435360000000000635e-01
nan
3.331429999999999669e-01
1.439351000000000047e+00
8.008260000000000378e-01
6.257110000000000172e-01
5.765949999999999687e-01
nan
6.128979999999999428e-01
2.156889999999999918e-01
6.976793999999999940e+00
5.616459999999999786e-01
4.014809999999999768e-01
1.802391000000000076e+00
1.413724999999999898e+00
6.492029999999999745e-01
2.701452000000000186e+00
4.698169999999999846e-01
1.828018999999999838e+00
3.288719999999999977e-01
1.968963999999999936e+00
3.764948000000000405e+00
5.125290000000000123e-01
4.505979999999999430e-01
1.044277000000000122e+00
4.531606000000000023e+00
4.414151000000000380e+00
nan
2.947038999999999742e+00
9.652620000000000644e-01
8.712979999999999059e-01
8.841120000000001200e-01
9.609910000000000396e-01
7.474370000000000180e-01
nan
8.794559999999999045e-01
2.165884999999999838e+00
1.633273999999999893e+00
1.232034999999999991e+00
2.092729999999999979e+00
1.990454000000000168e+00
1.801636000000000015e+00
1.892897999999999969e+00
nan
5.783729999999999150e-01
6.031149999999999567e-01
2.036674000000000095e+00
7.314709999999999823e-01
4.964100000000000179e-01
6.247659999999999325e-01
7.206460000000000088e-01
1.694908999999999999e+00
1.384071999999999969e+00
1.776870999999999867e+00
9.294160000000000199e-01
6.634269999999999889e-01
9.464270000000000183e-01
6.062079999999999691e-01
3.989840000000000053e-01
2.811446000000000112e+00
8.721979999999999178e-01
1.011378000000000110e+00
2.721750000000000003e-01
7.933289999999999509e-01
8.149790000000000090e-01
7.330170000000000297e-01
9.154979999999999229e-01
6.680659999999999377e-01
7.175529999999999964e-01
7.979680000000000106e-01
5.196069999999999300e-01
7.237390000000000212e-01
1.079420999999999964e+00
1.029935999999999963e+00
8.814760000000000373e-01
2.427119999999999944e+00
7.514930000000000776e-01
1.402786000000000088e+00
6.103039999999999576e-01
7.469379999999999908e-01
7.378289999999999571e-01
3.775681999999999761e+00
7.833740000000000148e-01
4.463420000000000165e-01
6.558479999999999865e-01
9.154549999999999077e-01
8.061470000000000580e-01
4.037564999999999849e+00
5.055500000000000549e-01
1.489322000000000035e+00
5.670359999999999845e-01
nan
1.045258000000000020e+00
8.653549999999998743e-01
4.964409999999999656e-01
5.146589999999999776e-01
2.236259999999999692e+00
9.336729999999999752e-01
9.871879999999999544e-01
1.085110000000000019e+00
1.781445000000000167e+00
6.568000000000000504e-01
1.448064000000000018e+00
9.257270000000000776e-01
7.033449999999999980e-01
nan
9.142860000000000431e-01
2.090145000000000142e+00
1.639566999999999775e+00
1.276092999999999922e+00
1.217875000000000041e+00
8.654139999999999056e-01
6.624359999999999138e-01
1.339032000000000000e+00
1.800063000000000191e+00
1.883456999999999937e+00
nan
5.891969999999999708e-01
5.520829999999999904e-01
2.169668999999999848e+00
6.232189999999999674e-01
6.479620000000000379e-01
4.979569999999999830e-01
4.747600000000000153e-01
2.876400000000000068e-01
1.676350999999999924e+00
4.654819999999999514e-01
8.675579999999999403e-01
1.834088999999999858e+00
9.031270000000000131e-01
6.371369999999999534e-01
9.154979999999999229e-01
5.907439999999999358e-01
4.299129999999999896e-01
2.820724000000000231e+00
8.490010000000000057e-01
1.046946999999999850e+00
2.721750000000000003e-01
8.010609999999999120e-01
7.948749999999999982e-01
7.237379999999999924e-01
8.721979999999999178e-01
7.330170000000000297e-01
7.175529999999999964e-01
7.979680000000000106e-01
5.196069999999999300e-01
6.804379999999999873e-01
1.079421999999999882e+00
8.288969999999998839e-01
2.443390000000000006e-01
8.814760000000000373e-01
2.406625000000000014e+00
7.606020000000000003e-01
1.391399999999999970e+00
5.693129999999999580e-01
7.833740000000000148e-01
7.332750000000000101e-01
3.807562999999999587e+00
7.833740000000000148e-01
5.055500000000000549e-01
5.966399999999999482e-01
9.154549999999999077e-01
8.061470000000000580e-01
2.992306999999999828e+00
5.305999999999999606e-01
5.442630000000000523e-01
5.078270000000000284e-01
9.359499999999999487e-01
1.102188999999999863e+00
2.306855000000000100e+00
1.186447999999999947e+00
9.313959999999998907e-01
5.579260000000000330e-01
nan
8.904049999999998910e-01
4.554500000000000215e-01
5.169359999999999511e-01
2.256755000000000067e+00
4.987180000000000502e-01
nan
8.301129999999998788e-01
2.186479000000000283e+00
1.573480999999999908e+00
1.269798999999999900e+00
1.208434000000000008e+00
8.921629999999999283e-01
5.994970000000000576e-01
1.414559000000000122e+00
9.676909999999999679e-01
8.339450000000000474e-01
1.870868999999999893e+00
nan
5.257930000000000659e-01
6.464159999999999906e-01
2.093893000000000004e+00
6.603339999999999765e-01
5.876510000000000344e-01
5.629079999999999639e-01
4.639350000000000418e-01
2.721750000000000003e-01
1.654700999999999755e+00
4.871319999999999539e-01
8.783830000000000249e-01
1.837181999999999871e+00
1.028388999999999998e+00
5.257930000000000659e-01
8.752909999999999302e-01
1.008285000000000098e+00
2.867118000000000055e+00
8.459079999999999933e-01
1.028388999999999998e+00
2.721750000000000003e-01
8.103399999999999492e-01
8.598259999999999792e-01
6.495079999999999742e-01
8.845700000000000784e-01
8.319900000000000073e-01
6.309510000000000396e-01
7.886890000000000844e-01
4.608420000000000294e-01
7.361109999999999598e-01
1.082513999999999976e+00
8.134329999999999616e-01
2.907319999999999904e-01
8.660120000000001150e-01
2.405299999999999994e+00
7.423840000000000439e-01
1.967545000000000099e+00
7.651560000000000583e-01
7.332750000000000101e-01
2.650720000000000187e+00
6.786200000000000010e-01
5.328770000000000451e-01
7.697109999999999230e-01
4.372319999999999540e-01
6.421850000000000058e-01
9.427820000000000089e-01
7.879289999999999905e-01
2.951316999999999968e+00
5.123810000000000864e-01
6.011940000000000062e-01
5.055500000000000549e-01
9.131780000000000452e-01
5.283220000000000693e-01
5.738670000000000160e-01
2.306855000000000100e+00
1.272984000000000115e+00
1.402786000000000088e+00
nan
8.910649999999999959e-01
1.958150999999999753e+00
1.658449000000000062e+00
1.400398000000000032e+00
1.180111000000000132e+00
8.591209999999999125e-01
1.946396000000000015e+00
1.274520000000000097e+00
5.869079999999999853e-01
1.756005000000000038e+00
nan
5.443500000000000005e-01
2.825363999999999987e+00
6.031149999999999567e-01
1.107258000000000076e+00
6.510550000000000503e-01
2.271735000000000060e+00
8.598259999999999792e-01
1.857285999999999992e+00
8.876620000000000621e-01
6.680659999999999377e-01
8.845700000000000784e-01
5.319779999999999509e-01
4.701210000000000111e-01
2.865571000000000090e+00
8.335370000000000834e-01
1.011378000000000110e+00
2.675359999999999960e-01
8.118859999999999966e-01
8.319900000000000073e-01
7.082739999999999592e-01
8.876620000000000621e-01
6.711590000000000611e-01
7.670390000000000263e-01
7.794109999999999649e-01
5.134210000000000163e-01
8.041540000000000354e-01
9.866350000000000398e-01
8.258040000000000935e-01
2.628960000000000186e-01
8.660120000000001150e-01
2.398467999999999822e+00
7.378299999999999859e-01
1.414171999999999985e+00
5.875310000000000255e-01
7.697109999999999230e-01
7.378289999999999571e-01
3.775681999999999761e+00
7.833740000000000148e-01
4.918869999999999632e-01
5.602030000000000065e-01
9.655549999999999411e-01
8.334739999999999371e-01
4.538560999999999623e+00
1.473381000000000052e+00
4.964409999999999656e-01
nan
5.443500000000000005e-01
7.051810000000000578e-01
2.027395999999999976e+00
6.819840000000000346e-01
1.133546999999999860e+00
4.824930000000000052e-01
1.762950000000000073e-01
3.106818000000000080e+00
1.783056000000000196e+00
9.433340000000000058e-01
6.587880000000000402e-01
1.530985000000000040e+00
4.299129999999999896e-01
2.854746000000000006e+00
8.149790000000000090e-01
9.912750000000000172e-01
2.737209999999999921e-01
8.335370000000000834e-01
8.041530000000000067e-01
7.794109999999999649e-01
8.660120000000001150e-01
6.866240000000000121e-01
6.897159999999999958e-01
7.979680000000000106e-01
5.938369999999999482e-01
6.680659999999999377e-01
1.094887000000000166e+00
9.804490000000000149e-01
9.000329999999999719e-01
2.431538000000000199e+00
7.469379999999999908e-01
1.382290999999999936e+00
6.421850000000000058e-01
7.697109999999999230e-01
7.378289999999999571e-01
3.748355000000000103e+00
7.697109999999999230e-01
5.192130000000000356e-01
5.738670000000000160e-01
9.382280000000000619e-01
8.107010000000000050e-01
4.565888000000000169e+00
2.017643999999999771e+00
nan
9.268410000000000259e-01
3.848559999999999759e-01
6.512930000000000108e-01
2.199825000000000141e+00
nan
5.783719999999999972e-01
6.201260000000000661e-01
2.109358000000000288e+00
6.371369999999999534e-01
1.139732999999999885e+00
6.974489999999999856e-01
3.103724999999999845e+00
1.769138000000000099e+00
9.386950000000000571e-01
6.727060000000000262e-01
9.464270000000000183e-01
nan
8.118859999999999966e-01
7.623999999999999666e-01
2.288739999999999664e-01
1.060864999999999947e+00
8.319900000000000073e-01
7.979680000000000106e-01
8.567329999999999668e-01
6.989950000000000330e-01
6.866240000000000121e-01
7.979680000000000106e-01
2.362975000000000048e+00
9.649849999999999817e-01
8.876620000000000621e-01
2.418350000000000222e+00
7.788199999999999568e-01
1.425559000000000021e+00
5.875310000000000255e-01
7.788189999999999280e-01
7.059479999999999089e-01
3.775681999999999761e+00
7.833740000000000148e-01
4.463420000000000165e-01
6.376300000000000301e-01
9.063459999999998740e-01
8.107010000000000050e-01
nan
8.697316999999999965e+00
1.869774000000000269e+00
1.395715999999999957e+00
3.064840000000000342e-01
6.758089999999999931e-01
2.491562000000000054e+00
1.130023000000000000e+00
2.010889000000000149e+00
1.084821999999999953e+00
7.981819000000000663e+00
2.663545999999999747e+00
5.471515000000000128e+00
2.499279999999999724e+00
7.871569999999999956e-01
4.057060000000000111e-01
4.961069999999999647e-01
nan
2.021913999999999767e+00
1.691175000000000095e+00
7.562889999999999890e-01
7.518779999999999353e-01
7.099850000000000882e-01
1.653691999999999718e+00
nan
3.286437000000000275e+00
1.637154999999999916e+00
3.197130000000000249e-01
3.781450000000000089e-01
4.058158999999999850e+00
4.233449999999999713e-01
2.373047999999999824e+00
8.003869999999999596e-01
7.458150000000000057e-01
5.148490000000000011e-01
nan
5.765869999999999607e-01
1.123407999999999962e+00
9.448090000000000099e-01
8.235389999999999100e-01
7.408540000000000125e-01
1.571007000000000042e+00
nan
6.592720000000000802e-01
6.680909999999999904e-01
6.416330000000000089e-01
7.276239999999999375e-01
4.057060000000000111e-01
5.468210000000000015e-01
7.132920000000000371e-01
7.629029999999999978e-01
7.452640000000000375e-01
7.088830000000000409e-01
1.063874999999999904e+00
nan
4.972100000000000408e-01
6.140710000000000335e-01
5.126450000000000173e-01
2.072620000000000018e-01
6.195840000000000236e-01
4.994149999999999423e-01
4.828779999999999739e-01
9.161450000000000982e-01
nan
4.685460000000000180e-01
3.842076999999999742e+00
4.774759999999999671e+00
8.378700000000001147e-01
1.677945999999999938e+00
nan
4.674439999999999706e-01
1.336182999999999899e+00
2.007581999999999756e+00
8.533049999999999802e-01
5.247709999999999875e-01
1.995454999999999979e+00
1.060567999999999955e+00
nan
2.647009000000000167e+00
8.632270000000000776e-01
5.523339999999999916e-01
7.805419999999999581e-01
1.298699000000000048e+00
2.374702000000000091e+00
7.761319999999999331e-01
2.976650000000000129e-01
1.039620999999999906e+00
2.326189999999999924e-01
3.671200000000000019e-01
1.053953000000000140e+00
1.939229000000000092e+00
2.381320000000000103e-01
5.335910000000000375e-01
2.381309999999999816e-01
8.555099999999999927e-01
nan
7.143950000000000022e-01
6.394270000000000786e-01
7.110880000000000534e-01
1.737478999999999996e+00
1.109075000000000033e+00
2.375804000000000027e+00
6.427350000000000563e-01
nan
2.255635999999999974e+00
9.657559999999999478e-01
8.731489999999999529e-01
3.554335000000000022e+00
7.121899999999999897e-01
nan
3.064840000000000342e-01
3.946810000000000040e-01
3.320612999999999815e+00
7.629029999999999978e-01
4.575220000000000398e-01
5.346929999999999739e-01
4.156279999999999974e-01
4.575220000000000398e-01
nan
4.558680000000000510e-01
4.911460000000000270e-01
5.253229999999999844e-01
3.946810000000000040e-01
5.021710000000000340e-01
1.317441000000000084e+00
1.239166999999999907e+00
4.916970000000000507e-01
7.480200000000000182e-01
1.011508000000000074e+00
1.160892000000000035e+00
6.449399999999999578e-01
nan
2.138780000000000125e-01
1.114587999999999912e+00
5.545379999999999754e-01
4.365749999999999909e-01
8.533049999999999802e-01
nan
2.855369999999999853e-01
2.050579999999999903e-01
1.286571999999999827e+00
8.334610000000000074e-01
9.635510000000000463e-01
2.237989999999999702e-01
8.191289999999999960e-01
8.246409999999999574e-01
6.548619999999999441e-01
5.093370000000000397e-01
4.178330000000000100e-01
4.112180000000000279e-01
4.244470000000000187e-01
4.487020000000000453e-01
5.060299999999999798e-01
4.916979999999999684e-01
4.905950000000000033e-01
nan
2.484947000000000017e+00
4.685460000000000180e-01
1.182941000000000020e+00
2.425415000000000099e+00
6.438369999999999926e-01
1.408945000000000114e+00
1.146560000000000024e+00
9.800879999999999592e-01
nan
9.150430000000000508e-01
8.334610000000000074e-01
5.159520000000000772e-01
1.487219999999999986e+00
4.564189999999999636e-01
9.128379999999999272e-01
9.139399999999999746e-01
5.523329999999999629e-01
4.729560000000000430e-01
5.820990000000000331e-01
1.062772999999999968e+00
1.879695999999999811e+00
2.323989000000000082e+00
8.130649999999999267e-01
8.163719999999999866e-01
4.905950000000000033e-01
nan
1.583686000000000149e+00
7.678639999999999910e-01
3.154691999999999830e+00
6.736039999999999806e-01
2.789229999999999765e-01
7.331370000000000386e-01
1.141046999999999922e+00
nan
7.210100000000000398e-01
7.926689999999999570e-01
1.652588999999999864e+00
3.373539999999999872e-01
1.943638999999999895e+00
6.846280000000000143e-01
6.405300000000000438e-01
7.761329999999999618e-01
nan
3.946810000000000040e-01
1.320748999999999951e+00
7.640050000000000452e-01
7.518789999999999640e-01
8.257430000000000048e-01
1.016469999999999985e+00
6.416319999999999801e-01
2.446361000000000008e+00
nan
1.719840000000000035e+00
1.057260000000000089e+00
8.246409999999999574e-01
2.446361000000000008e+00
1.100257000000000041e+00
1.315236000000000072e+00
nan
4.509060000000000290e-01
1.999865000000000226e+00
5.633580000000000254e-01
3.794671000000000127e+00
1.216015000000000068e+00
nan
1.036312999999999818e+00
1.408945999999999810e+00
4.894919999999999827e-01
7.397520000000000762e-01
3.616070000000000118e-01
3.726320000000000188e-01
4.696479999999999544e-01
7.408540000000000125e-01
9.106330000000000258e-01
3.594030000000000280e-01
8.224360000000000559e-01
7.695180000000000353e-01
1.153173999999999921e+00
2.623860000000000081e-01
1.046236000000000166e+00
nan
6.802179999999999893e-01
3.847590000000000177e-01
8.940959999999998908e-01
5.115420000000000522e-01
1.389100999999999919e+00
5.170550000000000423e-01
3.439679999999999960e-01
6.890380000000000393e-01
8.345629999999999438e-01
5.357960000000000500e-01
3.770419999999999883e-01
5.997390000000000221e-01
1.674638000000000071e+00
nan
1.580929000000000029e+00
9.745759999999999978e-01
8.196799999999999642e-01
8.042449999999999877e-01
1.177429000000000059e+00
9.712680000000000202e-01
3.958937999999999846e+00
2.039549999999999974e-01
1.068284999999999929e+00
nan
7.353420000000000512e-01
2.072630000000000028e-01
7.651080000000000103e-01
7.397510000000000474e-01
5.468210000000000015e-01
4.679948000000000441e+00
7.320339999999999625e-01
nan
6.713979999999999393e-01
3.452908999999999562e+00
5.262046999999999919e+00
9.481169999999999876e-01
1.065087700000000126e+01
nan
