1.247070000000150003e-01
1.630559999999974252e-01
2.702220000000039590e-01
2.798199999999866350e-01
1.436010000000038644e-01
1.529669999999896390e-01
8.033020000000021810e-01
4.154439999999937072e-01
1.588630000000108566e-01
5.909889999999933252e-01
2.701330000000154996e-01
9.427229999999866550e-01
2.552320000000065647e-01
1.726040000000068630e-01
1.430059999999855336e-01
5.939740000000028886e-01
2.594360000000079935e-01
1.649639999999834572e-01
1.702780000000103655e-01
6.154989999999997963e-01
2.428700000000105774e-01
1.645329999999916026e-01
1.599130000000030805e-01
5.943809999999842830e-01
2.542710000000170112e-01
1.643399999999957117e-01
1.706729999999936354e-01
5.982960000000048240e-01
2.515819999999990841e-01
1.650929999999988240e-01
1.533500000000032060e-01
2.623070000000069513e-01
1.430620000000004666e-01
1.986339999999984229e-01
2.463549999999941065e-01
1.651369999999872107e-01
1.699850000000111550e-01
5.865909999999985303e-01
2.579239999999884958e-01
1.640680000000287464e-01
1.670359999999817546e-01
5.790779999999955407e-01
2.673570000000182745e-01
1.622629999999958272e-01
1.472909999999956199e-01
5.908770000000060918e-01
2.625819999999805532e-01
1.631930000000352265e-01
1.634949999999832926e-01
5.928470000000061191e-01
2.536679999999762458e-01
1.633170000000347954e-01
1.564329999999642951e-01
5.984040000000163673e-01
2.427350000000103591e-01
1.736089999999705924e-01
1.596170000000256550e-01
2.559919999999920037e-01
1.697979999999859047e-01
1.607810000000142736e-01
2.501550000000065666e-01
1.599500000000091404e-01
1.664929999999742449e-01
2.835350000000289583e-01
3.192319999999710944e-01
2.490930000000162181e-01
1.683019999999828542e-01
1.631870000000219534e-01
4.010179999999934353e-01
1.817369999999982610e-01
2.425910000000044420e-01
1.608099999999978991e-01
1.767079999999907614e-01
5.900570000000016080e-01
2.550219999999967513e-01
1.627380000000187010e-01
1.566019999999923584e-01
4.275749999999902684e-01
1.507039999999904012e-01
2.631340000000079726e-01
1.545620000000269556e-01
7.462969999999984339e-01
2.666839999999695010e-01
1.613839999999981956e-01
1.575550000000305317e-01
5.840219999999760603e-01
2.583539999999970860e-01
1.569970000000182608e-01
1.687269999999898573e-01
5.956250000000125056e-01
2.492849999999862121e-01
1.645129999999994652e-01
1.588600000000042201e-01
4.147079999999903066e-01
1.623790000000155942e-01
2.602249999999912689e-01
1.572810000000117725e-01
1.884709999999927277e-01
1.566637999999983322e+00
3.699160000000176751e-01
3.526679999999942083e-01
5.654209999999864067e-01
4.148520000000246455e-01
1.637979999999856773e-01
2.314499999999952706e-01
3.189059999999983575e-01
5.740750000000218733e-01
2.624379999999746360e-01
2.915780000000154359e-01
1.487089999999966494e-01
1.205429999999978463e-01
1.560819999999978336e-01
1.630340000000103373e-01
2.458479999999951815e-01
1.623540000000218697e-01
2.748209999999744468e-01
2.919510000000116179e-01
1.580470000000104847e-01
2.753879999999639949e-01
2.947950000000219006e-01
1.379909999999995307e-01
2.693950000000029377e-01
1.592380000000161999e-01
2.594739999999831070e-01
1.568469999999990705e-01
2.673939999999959127e-01
2.981969999999876109e-01
1.387340000000278906e-01
2.597909999999785668e-01
2.975310000000206401e-01
1.462659999999686988e-01
2.611430000000041218e-01
1.758920000000046002e-01
2.537340000000085638e-01
1.556070000000033815e-01
1.748989999999821521e-01
9.906400000002690831e-02
2.808889999999735210e-01
1.734760000000221680e-01
7.780099999999379179e-02
1.859330000000056771e-01
2.932839999999998781e-01
1.453759999999988395e-01
2.837709999999731281e-01
1.548650000000293403e-01
1.136169999999765423e-01
1.372610000000236141e-01
1.626349999999945339e-01
2.649219999999843367e-01
2.816470000000208529e-01
1.558239999999955216e-01
2.714399999999841384e-01
2.970860000000357104e-01
1.385229999999921802e-01
2.991659999999853881e-01
1.482689999999990960e-01
2.590910000000121727e-01
1.572309999999674801e-01
2.626750000000015461e-01
1.369570000000237542e-01
1.533659999999770207e-01
1.527570000000082473e-01
2.711610000000064247e-01
2.881069999999965603e-01
1.345890000000053988e-01
2.917779999999936535e-01
1.238520000000278287e-01
9.019999999998162821e-02
8.575499999997759915e-02
9.509800000003565401e-02
1.404479999999921347e-01
2.678909999999916636e-01
2.985979999999983647e-01
1.501039999999989050e-01
2.541530000000022937e-01
3.060969999999940683e-01
1.410750000000007276e-01
2.900899999999921874e-01
1.438510000000121636e-01
2.590439999999887277e-01
1.529749999999978627e-01
1.474440000000356576e-01
1.289319999999634092e-01
2.796970000000271739e-01
1.579589999999768679e-01
2.647179999999877964e-01
1.451460000000395212e-01
1.380579999999724805e-01
1.446160000000134005e-01
2.804419999999936408e-01
1.529360000000110631e-01
2.398440000000050532e-01
1.722029999999961092e-01
2.791829999999890788e-01
2.805060000000025866e-01
1.515590000000202053e-01
2.681389999999623797e-01
2.990210000000104174e-01
1.293670000000020082e-01
2.883439999999950487e-01
1.525929999999959819e-01
2.858689999999910469e-01
1.336980000000380642e-01
2.697889999999745214e-01
2.918700000000171713e-01
1.559829999999919892e-01
2.642989999999940665e-01
3.019419999999968240e-01
1.192810000000008586e-01
2.667800000000113414e-01
1.506819999999891024e-01
2.476259999999967931e-01
1.754650000000310683e-01
2.892949999999814281e-01
2.900290000000040891e-01
1.401970000000005712e-01
2.611729999999852225e-01
1.547750000000007731e-01
1.292640000000346845e-01
1.289829999999767551e-01
2.679679999999962092e-01
1.564639999999997144e-01
1.406840000000215696e-01
1.308269999999822630e-01
1.459710000000029595e-01
2.723970000000122127e-01
1.399619999999686115e-01
1.420640000000332748e-01
1.556479999999851316e-01
2.603190000000097371e-01
3.049519999999859010e-01
5.628610000000264790e-01
1.030349999999771171e-01
1.371039999999936754e-01
1.475080000000161817e-01
1.663179999999897518e-01
3.801820000000191158e-01
1.626779999999996562e-01
1.169579999999825759e-01
1.313570000000083837e-01
1.497629999999787742e-01
1.549660000000017135e-01
5.587069999999982883e-01
1.289779999999893789e-01
1.238969999999994798e-01
1.480510000000094806e-01
1.639730000000270138e-01
2.603569999999706397e-01
3.644240000000138480e-01
7.878600000000801629e-02
9.475299999999720058e-02
1.787530000000003838e-01
1.370699999999942520e-01
5.429409999999847969e-01
2.574110000000189302e-01
1.872869999999977608e-01
1.020269999999925403e-01
3.551459999999906358e-01
1.954670000000362506e-01
2.454169999999749052e-01
1.484790000000089094e-01
1.571010000000114815e-01
1.109879999999918709e-01
4.555749999999818556e-01
2.309720000000083928e-01
1.576950000000181262e-01
1.766679999999780648e-01
1.368280000000083874e-01
2.480710000000101445e-01
1.714779999999791471e-01
5.820989999999994780e-01
2.073450000000036653e-01
1.882999999999981355e-01
1.549890000000004875e-01
7.728700000001254011e-02
1.713459999999997763e-01
1.760979999999960910e-01
1.347389999999961674e-01
2.518829999999923075e-01
3.157370000000128130e-01
5.556559999999990396e-01
1.136470000000144864e-01
4.492520000000013169e-01
1.310649999999782267e-01
4.364940000000103737e-01
1.380549999999800548e-01
4.306660000000022137e-01
2.476920000000291111e-01
3.249819999999772335e-01
2.359660000000189939e-01
3.198539999999923111e-01
2.376620000000002619e-01
3.277290000000050441e-01
5.485959999999749925e-01
2.395110000000215678e-01
1.679269999999917218e-01
1.475259999999991578e-01
2.332990000000165765e-01
1.914329999999893062e-01
1.600829999999859865e-01
1.007380000000068776e-01
1.340009999999836054e-01
3.315750000000150521e-01
2.508660000000020318e-01
3.062909999999874344e-01
1.236440000000129658e-01
4.460779999999999745e-01
3.904610000000161563e-01
1.513279999999781467e-01
4.193819999999846004e-01
1.565460000000200580e-01
5.550130000000024211e-01
1.320679999999754273e-01
2.781120000000214532e-01
1.667510000000049786e-01
3.945260000000132550e-01
1.664829999999994925e-01
3.946409999999787033e-01
1.700550000000191631e-01
2.699049999999658667e-01
2.751990000000432701e-01
1.512969999999995707e-01
4.291399999999896409e-01
5.723869999999919855e-01
2.615539999999896281e-01
3.095430000000192194e-01
5.716189999999983229e-01
7.864799999998695057e-02
1.769100000000207729e-01
3.198909999999841602e-01
5.642310000000065884e-01
1.196750000000008640e-01
1.433209999999860429e-01
2.947470000000009804e-01
2.731229999999982283e-01
3.185459999999977754e-01
1.292120000000238633e-01
4.685579999999731626e-01
5.455420000000117398e-01
4.119460000000003674e-01
1.511590000000069267e-01
1.280637999999981957e+00
1.931320000000198434e-01
4.110279999999875145e-01
1.459619999999972606e-01
4.404600000000016280e-01
2.002219999999965694e-01
1.867880000000070595e-01
5.960630000000151085e-01
4.038749999999993179e-01
1.554869999999652919e-01
4.125610000000108357e-01
1.665540000000191867e-01
2.596550000000092950e-01
1.605379999999740903e-01
1.598659999999938464e-01
6.088220000000319487e-01
2.476219999999784704e-01
1.577359999999998763e-01
1.503699999999810188e-01
2.592400000000338878e-01
1.526119999999764332e-01
1.388740000000154851e-01
2.315460000000086893e-01
6.024419999999963693e-01
2.834530000000086147e-01
4.299219999999763786e-01
1.687139999999942575e-01
4.033390000000167674e-01
1.618589999999926476e-01
2.673969999999883385e-01
1.238209999999924094e-01
7.962770000000034543e-01
2.337750000000085038e-01
1.674280000000294422e-01
1.387770000000045911e-01
4.084219999999731954e-01
1.840770000000020445e-01
2.574479999999823576e-01
1.613850000000240925e-01
1.655220000000099390e-01
2.634599999999522879e-01
1.769020000000125492e-01
1.466390000000217242e-01
2.676359999999817774e-01
1.620870000000138589e-01
1.465289999999868087e-01
4.132690000000138753e-01
1.674059999999997217e-01
4.211799999999925603e-01
1.514430000000004384e-01
2.697270000000173695e-01
3.194959999999866795e-01
2.615780000000142991e-01
1.536779999999851043e-01
1.431640000000129476e-01
4.112850000000207729e-01
1.715329999999539723e-01
2.523479999999835854e-01
1.629420000000436630e-01
1.630049999999982901e-01
2.641220000000146229e-01
3.190809999999544289e-01
2.476180000000169912e-01
1.567600000000197724e-01
1.665069999999673200e-01
2.476640000000145392e-01
1.455100000000015825e-01
1.909359999999935553e-01
2.358700000000339969e-01
1.600079999999479696e-01
1.563180000000272685e-01
2.732760000000098444e-01
3.152509999999892898e-01
2.493039999999950851e-01
1.587230000000090513e-01
1.524459999999976390e-01
3.911819999999863740e-01
2.016200000000196724e-01
2.440569999999695483e-01
1.597920000000385699e-01
1.672360000000026048e-01
4.171999999999798092e-01
1.760419999999953689e-01
2.514850000000024011e-01
1.630049999999982901e-01
1.507180000000118980e-01
2.469859999999926004e-01
1.542050000000187993e-01
1.731659999999806132e-01
2.531189999999980955e-01
1.605969999999956599e-01
1.772270000000162327e-01
1.897879999999929623e-01
7.766930000000229484e-01
1.294229999999743086e-01
4.115940000000080090e-01
4.050449999999727879e-01
1.517533000000014454e+00
3.779769999999871288e-01
1.840650000000010778e+00
4.208990000000198961e-01
1.870353999999991856e+00
4.144219999999734227e-01
1.892214000000024043e+00
3.939410000000123091e-01
1.951459999999968886e+00
3.985970000000236269e-01
1.886843999999996413e+00
4.072979999999972733e-01
1.874014999999985776e+00
4.188420000000405707e-01
1.873480999999941332e+00
4.006960000000674427e-01
1.897857999999956746e+00
4.017039999999951760e-01
1.836970000000007985e+00
1.673799999999801003e-01
2.577410000000384116e-01
1.879101999999988948e+00
4.008549999999786451e-01
1.855393000000020720e+00
4.130999999999858119e-01
1.861489000000034366e+00
4.047799999999597276e-01
1.862828000000064321e+00
3.893689999999878637e-01
1.868642999999963195e+00
3.999860000000126092e-01
1.846715999999958058e+00
1.590700000000424552e-01
2.463559999999915817e-01
1.896696999999960553e+00
3.774790000000507462e-01
1.898389000000008764e+00
3.733199999999783358e-01
1.846353000000021893e+00
3.909580000000119071e-01
1.858633999999938169e+00
4.016780000000608197e-01
5.650909999999385036e-01
1.285585000000025957e+00
3.786359999999717729e-01
5.805710000000203763e-01
1.281083000000023731e+00
2.583729999999491156e-01
1.102880000000823202e-01
3.010129999999549000e-01
4.449050000000056571e-01
5.721409999999877982e-01
5.833010000000058426e-01
5.643759999999815591e-01
5.910949999999957072e-01
5.822700000000509135e-01
5.984889999999722932e-01
4.072580000000129985e-01
1.606439999999906831e-01
2.667250000000080945e-01
8.625549999999861939e-01
0.000000000000000000e+00
4.168859999999767751e-01
1.490840000000162036e-01
4.089799999999854663e-01
1.589910000000145374e-01
4.147760000000175751e-01
1.644129999999677239e-01
2.659110000000168839e-01
3.062600000000088585e-01
4.100329999999985375e-01
1.420380000000136533e-01
2.533750000000054570e-01
1.536130000000071050e-01
1.411659999999983484e-01
8.923179999999888423e-01
2.321579999999698884e-01
4.284010000000648688e-01
1.178079999999113170e-01
6.045780000000604559e-01
2.489839999999503561e-01
3.131000000000199179e-01
2.709040000000300097e-01
3.132689999999911379e-01
4.102909999999724278e-01
1.444560000000478794e-01
2.495699999999487773e-01
1.539450000000215368e-01
1.789819999999622269e-01
8.446100000003298192e-02
1.337280000000191649e-01
1.574559999999678439e-01
1.883010000000240325e-01
5.435299999999756437e-01
2.623399999999946886e-01
1.499680000000580549e-01
1.489679999999680149e-01
4.077839999999923748e-01
1.740369999999984429e-01
2.498919999999884567e-01
1.539960000000633045e-01
1.556149999999547617e-01
2.579080000000431028e-01
3.170329999999239590e-01
4.077360000000567197e-01
1.597679999999854772e-01
3.954320000000279833e-01
1.709999999999922693e-01
4.081699999999273132e-01
1.600760000000605032e-01
5.676649999999767715e-01
4.026630000000182008e-01
1.688839999999913744e-01
3.963059999999813954e-01
1.715740000000209875e-01
2.416989999999827887e-01
1.605369999999766151e-01
1.812530000000265318e-01
2.503320000000144319e-01
3.150979999999776737e-01
2.486059999999952197e-01
1.580970000000547770e-01
1.620289999999613428e-01
2.470309999999926731e-01
3.266540000000190958e-01
1.042059999999764841e-01
1.340519999999969514e-01
1.496650000000272485e-01
1.608419999999455285e-01
2.719920000000684013e-01
3.070649999999659485e-01
2.414719999999874744e-01
1.564240000000154396e-01
1.572939999999789507e-01
2.463979999999992287e-01
1.673650000000179716e-01
1.602070000000139771e-01
2.471610000000055152e-01
1.637769999999818538e-01
1.476519999999936772e-01
2.643250000000421096e-01
3.158629999999789106e-01
2.430019999999899483e-01
1.629470000000310392e-01
1.503289999999424253e-01
5.648240000000441796e-01
2.506139999999845713e-01
1.491070000000149776e-01
1.576349999999706597e-01
5.738340000000334840e-01
4.105700000000069849e-01
1.435749999999984539e-01
4.104589999999461725e-01
1.635740000000396321e-01
2.498939999999834072e-01
1.573490000000106193e-01
1.740550000000098407e-01
5.658429999999725624e-01
3.953290000000038162e-01
1.269512000000020180e+00
6.315319999999928768e-01
2.326259999999820138e-01
1.704080000000089967e-01
1.693380000000388463e-01
5.708299999999439933e-01
2.381700000000250839e-01
1.615719999999782885e-01
1.493530000000191649e-01
5.903279999999995198e-01
4.171220000000062100e-01
1.342379999999820939e-01
3.900419999999940046e-01
1.790470000000254913e-01
4.578309999999987667e-01
1.152850000000285036e-01
5.661189999999578504e-01
4.236549999999965621e-01
1.430640000000380496e-01
4.067709999999920001e-01
1.643349999999941247e-01
4.141520000000014079e-01
1.437730000000101427e-01
2.644909999999640604e-01
3.069160000000010768e-01
4.129310000000145919e-01
1.563610000000039690e-01
3.842899999999644933e-01
1.615980000000263317e-01
1.325929999999857500e-01
1.306930000000079417e-01
1.532569999999964239e-01
1.503810000000385116e-01
5.784529999999676875e-01
4.248900000000048749e-01
1.552500000000236469e-01
2.393169999999713582e-01
1.657100000000468754e-01
1.640949999999747888e-01
3.906660000000101718e-01
1.653929999999377287e-01
5.807910000000333639e-01
4.018869999999878928e-01
1.535580000000322798e-01
4.011130000000093787e-01
1.719769999999698484e-01
2.500720000000455912e-01
1.550279999999588654e-01
1.542330000000333712e-01
5.729209999999511638e-01
4.324660000000335458e-01
1.326889999999707470e-01
4.185590000000161126e-01
1.494460000000117361e-01
4.229009999999675529e-01
1.469670000000178334e-01
5.676150000000461660e-01
4.227049999999508145e-01
1.440470000000004802e-01
1.688560000000052241e-01
8.444500000001653461e-02
6.052019999999629363e-01
1.003000000000042746e-01
2.544480000000248765e-01
2.443470000000047548e-01
1.524429999999483698e-01
1.614100000000462387e-01
2.286579999999958090e-01
1.681239999999775137e-01
1.498970000000099390e-01
2.372710000000211039e-01
1.560309999999844877e-01
1.566140000000473265e-01
1.353699999999662396e-01
9.982099999996307815e-02
1.672010000000341279e-01
1.509270000000242362e-01
1.566019999999639367e-01
2.417449999999803367e-01
1.471110000000521723e-01
2.451669999999808169e-01
1.733199999999897045e-01
1.463899999999966894e-01
1.326619999999820720e-01
2.699860000000171567e-01
1.386380000000144719e-01
8.172899999999572174e-02
1.728349999999636566e-01
1.704360000000519904e-01
1.426349999999843021e-01
1.268919999999980064e-01
2.820629999999937354e-01
1.271889999999871179e-01
1.574320000000284381e-01
9.603699999996706538e-02
1.630370000000311848e-01
1.548609999999825959e-01
1.423290000000179134e-01
1.181469999999649190e-01
1.337520000000154141e-01
1.334059999999794854e-01
1.560470000000577784e-01
9.328699999991840741e-02
1.732420000000729488e-01
1.480129999999917345e-01
1.547659999999950742e-01
9.969000000000960426e-02
1.562940000000025975e-01
1.512999999999919964e-01
2.279069999999592255e-01
1.782479999999964093e-01
1.455880000000320251e-01
1.454069999999774154e-01
1.036510000000134823e-01
1.503250000000093678e-01
1.520329999999603388e-01
1.318210000000021864e-01
1.174780000000623659e-01
1.555369999999243191e-01
1.509490000000255350e-01
1.520649999999932334e-01
1.198880000000031032e-01
1.414440000000354303e-01
1.596739999999954307e-01
1.169770000000198706e-01
1.110140000000114924e-01
1.756749999999556167e-01
1.504180000000019390e-01
1.449870000000146320e-01
2.548229999999875872e-01
1.315079999999966276e-01
1.482129999999983738e-01
1.244840000000522195e-01
1.353689999999687643e-01
1.674529999999663232e-01
1.479580000000169093e-01
1.032759999999939282e-01
1.528150000000323416e-01
1.537710000000060973e-01
9.832799999998087515e-02
1.509140000000002146e-01
1.558919999999943684e-01
1.470810000000142281e-01
1.496509999999489082e-01
9.401500000006990376e-02
1.513609999999516731e-01
1.265490000000113469e-01
1.580999999999903594e-01
1.129520000000070468e-01
1.616409999999746105e-01
1.544530000000463588e-01
1.514769999999430183e-01
1.096110000000294349e-01
1.552090000000134751e-01
1.457500000000209184e-01
9.335299999997914711e-02
1.580710000000067339e-01
1.453759999999988395e-01
1.495780000000195287e-01
1.403279999999540451e-01
1.078630000000089240e-01
1.557599999999865759e-01
1.464770000000044092e-01
1.377610000000117907e-01
1.098399999999628562e-01
1.593760000000656873e-01
1.552859999999895990e-01
1.623879999999644497e-01
2.450230000000033215e-01
1.167310000000156833e-01
2.655869999999822539e-01
1.539290000000050895e-01
1.478940000000079635e-01
1.596979999999916799e-01
8.547700000002578236e-02
1.654129999999440770e-01
1.168360000000348009e-01
1.958569999999895117e-01
1.395669999999995525e-01
1.041999999999916326e-01
1.622430000000463224e-01
1.046929999999406391e-01
1.312720000000240361e-01
1.649669999999900938e-01
1.427410000000577384e-01
1.596289999999953579e-01
1.457149999999955980e-01
1.086549999999419924e-01
1.491870000000403707e-01
1.211519999999950414e-01
2.749109999999745924e-01
1.532490000000166219e-01
1.458819999999718675e-01
1.048900000000116961e-01
1.672020000000316031e-01
1.307869999999979882e-01
1.317669999999679931e-01
1.326690000000212422e-01
1.345410000000129003e-01
1.484689999999773136e-01
1.208740000000148029e-01
1.346629999999890970e-01
1.504120000000170876e-01
1.428819999999859647e-01
1.235200000000418186e-01
2.716029999999705069e-01
1.346540000000118198e-01
1.743930000000091241e-01
1.350039999999808060e-01
1.072080000000141808e-01
1.273429999999962092e-01
1.583870000000047185e-01
1.052399999999806823e-01
1.503480000000081418e-01
1.463210000000003674e-01
1.143270000000029540e-01
1.897450000000162618e-01
1.034869999999727952e-01
1.371760000000108448e-01
1.286390000000210421e-01
2.833309999999755746e-01
1.371060000000170476e-01
1.067809999999553838e-01
1.950630000000614928e-01
1.067029999999817846e-01
1.450059999999666616e-01
1.397549999999796455e-01
1.142340000000672262e-01
1.399629999999660868e-01
1.250100000000315958e-01
1.423499999999648935e-01
7.864699999998947533e-02
1.057729999999992287e-01
2.313689999999724023e-01
1.297810000000367836e-01
2.799800000000232103e-01
1.522589999999581778e-01
1.388770000000363325e-01
9.214500000001635271e-02
1.500379999999950087e-01
1.534689999999727661e-01
1.566720000000145774e-01
1.192570000000046093e-01
1.442109999999843239e-01
1.524760000000355831e-01
1.399049999999419924e-01
9.822900000000345244e-02
1.518710000000282889e-01
1.397699999999986176e-01
1.360040000000140026e-01
2.676270000000045002e-01
1.401179999999726533e-01
1.091900000000123327e-01
1.961420000000089203e-01
9.468099999998003113e-02
1.489249999999628926e-01
1.631300000000237560e-01
2.421199999999998909e-01
1.191070000000422624e-01
1.872759999999402680e-01
1.317570000000500841e-01
1.117019999999797619e-01
1.450029999999742358e-01
1.251540000000090913e-01
1.274970000000053005e-01
1.547110000000202490e-01
1.355599999999981264e-01
1.493419999999900938e-01
1.108949999999708780e-01
1.446329999999989013e-01
1.465430000000651489e-01
5.776689999999575775e-01
3.913440000000036889e-01
5.338220000000433174e-01
1.594409999999584215e-01
7.192539999999780775e-01
1.419840000000363034e-01
1.263109999999869615e-01
1.373879999999871870e-01
1.381260000000565924e-01
2.562419999999860920e-01
1.438679999999408210e-01
1.200350000000298678e-01
1.300180000000068503e-01
1.356299999999919237e-01
1.399059999999963111e-01
1.162040000000388318e-01
1.351799999999343527e-01
1.353580000000533801e-01
1.684179999999741995e-01
5.728520000000116852e-01
2.374110000000086984e-01
1.658729999999764004e-01
1.452430000000504151e-01
2.398189999999544852e-01
1.693970000000035725e-01
1.548579999999901702e-01
2.582039999999778956e-01
1.489670000000273831e-01
1.507119999999986248e-01
2.629569999999716856e-01
1.522270000000389700e-01
1.594829999999660686e-01
3.817080000000032669e-01
1.599200000000564614e-01
2.348690000000033251e-01
1.551929999999401844e-01
1.444150000000377077e-01
2.558900000000221553e-01
5.819839999999771862e-01
2.798549999999977445e-01
4.281920000000241089e-01
1.497549999999705506e-01
3.913029999999935171e-01
1.686500000000137334e-01
2.600800000000162981e-01
2.956039999999688916e-01
5.843090000000188411e-01
2.440849999999841202e-01
1.563170000000013715e-01
1.382700000000340879e-01
1.462779999999384017e-01
2.745890000000485998e-01
5.520950000000084401e-01
1.517629999999599022e-01
5.943480000000249674e-01
2.420879999999669963e-01
1.604890000000409600e-01
1.556729999999788561e-01
2.420929999999543725e-01
1.541280000000710970e-01
1.724819999999454012e-01
2.463750000000004547e-01
1.572240000000419968e-01
1.599850000000060390e-01
2.640999999999849024e-01
3.324170000000208347e-01
2.198469999999588254e-01
1.673880000000167456e-01
1.476139999999759311e-01
2.433950000000209002e-01
3.280050000000187538e-01
2.411959999999453430e-01
1.533370000000218170e-01
1.480270000000132313e-01
5.870109999999613137e-01
2.391140000000291366e-01
1.621580000000335531e-01
1.545100000000161344e-01
4.070609999999419415e-01
1.680709999999976390e-01
2.488740000000575492e-01
1.612609999999676802e-01
1.489379999999869142e-01
2.582740000000285363e-01
3.214199999999891588e-01
2.420360000000414402e-01
1.581419999999411630e-01
1.503040000000055443e-01
3.998550000000022919e-01
1.565950000000384534e-01
1.242819999999937863e-01
1.282299999999736428e-01
1.501230000000077780e-01
1.598060000000032232e-01
5.918009999999753745e-01
2.379199999999741522e-01
1.574980000000323344e-01
1.465860000000134278e-01
3.961429999999950269e-01
1.808010000000308537e-01
2.327849999999784814e-01
1.570730000000253312e-01
1.498909999999682441e-01
4.115300000000274849e-01
1.819419999999922766e-01
2.199399999999513966e-01
1.717540000000212785e-01
1.421180000000390464e-01
2.366229999999518441e-01
3.155800000000112959e-01
2.469560000000114997e-01
1.444710000000100081e-01
1.615379999999504435e-01
2.539350000000126784e-01
3.213380000000256587e-01
4.013419999999428001e-01
1.496550000000524960e-01
2.356770000000096843e-01
1.624639999999999418e-01
1.556689999999889551e-01
2.528750000000172804e-01
1.600409999999783395e-01
1.700660000000198124e-01
3.865729999999985012e-01
1.738909999999691536e-01
3.885290000000054533e-01
3.980090000000018335e-01
1.407180000000494147e-01
4.198189999999613065e-01
1.483839999999645443e-01
1.562069999999948777e-01
5.929390000000012151e-01
2.462720000000331311e-01
1.613679999999817483e-01
1.526640000000156761e-01
4.009229999999774918e-01
1.629149999999981446e-01
2.487240000000383588e-01
1.606370000000083564e-01
1.527709999999729007e-01
2.703540000000543841e-01
3.161209999999528009e-01
2.409330000000409200e-01
1.650359999999864158e-01
1.492169999999646279e-01
2.410169999999993706e-01
1.479089999999700922e-01
1.722180000000435030e-01
2.482359999999630418e-01
1.553670000000693108e-01
1.614649999999642205e-01
5.857600000000502405e-01
2.340209999999842694e-01
1.546089999999935571e-01
1.673169999999686297e-01
5.653060000000209584e-01
2.453749999999672582e-01
1.537250000000085493e-01
1.663580000000024484e-01
5.788679999999999382e-01
2.389229999999997744e-01
1.610259999999925640e-01
1.501359999999749562e-01
3.989129999999931897e-01
1.779850000000351429e-01
2.338450000000307227e-01
1.589589999999816428e-01
1.550459999999702632e-01
5.759980000000268774e-01
7.629199999996671977e-02
3.698310000000333275e-01
1.047599999999988540e-01
4.328300000000240289e-01
8.189009999999825595e-01
3.139669999999910033e-01
3.265460000000075524e-01
3.379410000000007130e-01
1.101502999999979693e+00
6.692880000000513974e-01
1.875499999999874490e-01
4.027269999999703032e-01
5.600549999999770989e-01
2.983070000000225264e-01
4.263080000000059044e-01
6.313149999999723150e-01
1.319620000000440996e-01
2.091929999999706524e-01
8.467900000005101901e-02
4.125349999999912143e-01
1.181769999999460197e-01
1.246370000000069922e-01
2.523820000000114305e-01
2.884490000000141663e-01
1.636129999999980100e-01
1.852089999999861902e-01
1.763179999999806569e-01
1.225377000000037242e+00
