1.205999999999999961e+00
1.799500000000000099e+01
2.212000000000000188e+00
2.503000000000000114e+01
1.828999999999999959e+00
2.552999999999999936e+00
1.814999999999999947e+00
1.622400000000000020e+01
8.262999999999999901e+00
2.154200000000000159e+01
1.602999999999999980e+00
2.233999999999999986e+00
4.288999999999999702e+00
2.162999999999999812e+00
1.377399999999999913e+01
1.766999999999999904e+00
9.190000000000000391e-01
1.342000000000000082e+00
1.188400000000000034e+01
9.843999999999999417e+00
3.494000000000000217e+00
2.698999999999999844e+00
3.763999999999999790e+00
2.089799999999999969e+01
1.614000000000000101e+00
1.588000000000000078e+00
2.415700000000000003e+01
1.465799999999999947e+01
3.963999999999999968e+00
1.034099999999999930e+01
2.096000000000000085e+00
1.536800000000000033e+01
1.754000000000000004e+00
3.358299999999999841e+01
1.144100000000000072e+01
1.776000000000000023e+00
1.091099999999999959e+01
5.190000000000000391e+00
9.715999999999999304e+00
6.331000000000000405e+00
2.144200000000000017e+01
1.401200000000000045e+01
2.358000000000000096e+00
3.670999999999999819e+00
4.831000000000000405e+00
1.542999999999999927e+00
1.683999999999999941e+00
1.927899999999999991e+01
2.093100000000000094e+01
1.091900000000000048e+01
1.245500000000000007e+01
1.110999999999999988e+00
1.722400000000000020e+01
7.608999999999999986e+00
2.403600000000000136e+01
9.364000000000000767e+00
1.260999999999999899e+00
1.445000000000000062e+00
2.048000000000000043e+00
5.317999999999999616e+00
7.280000000000000249e+00
4.850999999999999979e+00
1.192999999999999972e+01
