3.849960000000010041e-01
1.899999999999995026e-01
5.517679999999991480e-01
2.057210000000004868e-01
1.367887500000000323e+01
2.040959999999962804e-01
8.766449999999995413e+00
2.031460000000038235e-01
8.003444000000001779e+00
1.823079999999990264e-01
1.830610000000021387e-01
3.519629999999978054e-01
7.007893000000002814e+00
5.445109999999928618e-01
3.479050000000043497e-01
1.871879999999990218e-01
3.840140000000005216e-01
1.781959999999997990e-01
1.849320000000034270e-01
6.880493999999998778e+00
2.533990000000017062e-01
1.015709999999998558e+00
2.263329999999967868e-01
5.507810000000006312e-01
1.906449999999964007e-01
2.792964000000004887e+00
1.903530000000017708e-01
2.470599999999976149e-01
2.354969999999951824e-01
2.592400000000054661e-01
3.201249999999973284e-01
2.969935999999997023e+00
3.681370000000043774e-01
2.809149999999931424e-01
1.917462800000001266e+01
3.468379999999910979e-01
1.104460699999999918e+01
1.450260000000014315e+00
3.685669999999845459e-01
2.771793000000002394e+00
5.294080000000036534e-01
1.444358999999991511e+00
7.187070000000090886e-01
6.173919999999952779e-01
9.186749999999932470e-01
2.363050000000157524e-01
2.810699999999854981e-01
1.416858000000004836e+00
2.075733000000013817e+00
2.795116999999990526e+00
2.653784000000015908e+00
5.790101999999976101e+00
4.675380000000046721e-01
2.700460000000020955e+00
1.031696999999994091e+00
9.897165999999998576e+00
2.039619999999899846e-01
5.716879999999946449e-01
1.302962000000007947e+00
1.923470000000122582e-01
2.908319999999662286e-01
1.561652000000009366e+00
2.255530000000192103e-01
2.760869999999897573e-01
1.591796000000016420e+00
5.232869999999820720e-01
1.465984999999989213e+00
6.748469999999997526e-01
3.187182000000007065e+00
2.495432000000022299e+00
2.288690000000030977e-01
2.844229999999754455e-01
2.801000000000044565e-01
2.626349999999888496e-01
3.019413000000014335e+00
3.829129999999736356e-01
3.187910000000329092e-01
1.386115999999987025e+00
7.474425999999994019e+00
5.310770000000104574e-01
8.813408000000009679e+00
3.982279999999889242e-01
3.007139999999992597e-01
1.959530000000029304e-01
2.184640999999999167e+00
3.949299999999880129e-01
1.274269700000002103e+01
3.333796999999975696e+00
2.489300000000014279e-01
2.980390000000170403e-01
3.476560000000006312e-01
1.210876999999982218e+00
2.502520000000174605e-01
2.953279999999836036e-01
3.762649999999894135e-01
6.403704000000004726e+00
1.598689000000035776e+00
2.877609999999890533e-01
1.224820999999991500e+00
2.125499999999931333e-01
2.751140000000020791e-01
9.131830000000036307e-01
5.110219999999969787e-01
3.962980000000015934e-01
2.907680000000141263e-01
5.630519999999989977e-01
2.029669999999725860e-01
2.629820000000222535e-01
5.183919999999773154e-01
4.044749000000024353e+00
5.663369999999758875e-01
5.453920000000010759e+00
2.415640000000109922e-01
1.909810000000220498e-01
2.088139999999611973e-01
3.892560000000173659e-01
3.240629999999669053e-01
6.262450000000399086e-01
1.074305999999978667e+00
3.362079000000022688e+00
2.608409999999992124e-01
2.333239999999818792e-01
2.026830000000074961e-01
2.236421999999976151e+00
6.800412000000022772e+00
1.510920999999996184e+00
1.908395000000012942e+00
1.042996999999957097e+00
1.762990000000286273e-01
2.306720000000268556e-01
2.818980000000124164e-01
2.262839999999641805e-01
3.332859999999868705e-01
1.214031000000005633e+00
1.216162999999994554e+00
2.998941999999999553e+00
3.706600000000150885e-01
3.115860000000338914e-01
5.005009999999572301e-01
1.039587000000011585e+00
3.582810000000023365e+00
5.323199999999701504e-01
2.165490000000147575e-01
1.806185999999996739e+00
2.845619999999939864e-01
2.959610000000054697e-01
2.627219999999965694e-01
2.462859999999977845e-01
1.062643000000036864e+00
2.223954999999989468e+00
2.629689999999982319e-01
1.944814000000008036e+00
1.347547999999960666e+00
4.719625000000007731e+00
2.313750000000140972e-01
3.247250000000008185e-01
5.547869999999761603e-01
4.172709999999995034e+00
7.059160000000019863e-01
1.962359999999989668e-01
3.164780000000178006e-01
3.404759999999669162e-01
7.608360000000402579e-01
5.215819999999666834e-01
2.135569000000032247e+00
1.650089999999977408e+00
2.306830000000047676e+00
2.467779999999493157e-01
3.091620000000148138e-01
1.553839000000039050e+00
2.320309999999494721e-01
2.830410000000256332e-01
6.402199999999993452e-01
8.817209999999704451e-01
2.236250000000268301e-01
2.943389999999794782e-01
7.024139999999761130e-01
4.943250000000034561e-01
3.913950000000454565e-01
2.252669999999739048e-01
3.085320000000137952e-01
1.543994999999995343e+00
2.220020000000317850e-01
3.053769999999644824e-01
1.529231999999979053e+00
2.415660000000343643e-01
2.917569999999614083e-01
6.141650000000140608e-01
9.112049999999953798e-01
2.509230000000002292e-01
2.531500000000050932e-01
6.826580000000035398e-01
4.511210000000005493e-01
4.275319999999851461e-01
2.260950000000434557e-01
3.120929999999475513e-01
1.589806000000010044e+00
2.211640000000443251e-01
2.759279999999648680e-01
1.571212000000002718e+00
2.122939999999857719e-01
2.702060000000301443e-01
6.648010000000112996e-01
8.707650000000057844e-01
2.192269999999894026e-01
2.903269999999906759e-01
6.744909999999890715e-01
4.488039999999955398e-01
4.499110000000428045e-01
2.219499999999925421e-01
3.210929999999621032e-01
1.570015000000012151e+00
2.160150000000271575e-01
2.532569999999623178e-01
1.570993000000044049e+00
1.822089999999434440e-01
2.946720000000482287e-01
6.751939999999763131e-01
8.476969999999823813e-01
2.289580000000341897e-01
2.647709999999960928e-01
7.163850000000024920e-01
4.410589999999956490e-01
4.181539999999586144e-01
2.038340000000289365e-01
3.359920000000329310e-01
1.594340999999928954e+00
1.965350000000398722e-01
2.721549999999979264e-01
6.451639999999656538e-01
8.425620000000435539e-01
2.575899999999933243e-01
2.773320000000012442e-01
6.787429999999972097e-01
8.367240000000037980e-01
2.559509999999818319e-01
2.637870000000361870e-01
6.473529999999527718e-01
4.673440000000255168e-01
4.308819999999968786e-01
2.140759999999772845e-01
3.166479999999864958e-01
1.535640000000057626e+00
2.505310000000235959e-01
2.809089999999514475e-01
5.149739999999951579e-01
1.921370000000024447e-01
8.873550000000136606e-01
2.160840000000234795e-01
2.753289999999992688e-01
5.044279999999616848e-01
1.046849000000008800e+00
2.206719999999791071e-01
3.020220000000222171e-01
5.003680000000372274e-01
4.978299999999649117e-01
1.844380000000001019e-01
3.030320000000301661e-01
2.240819999999530410e-01
3.042300000000182081e-01
1.421978999999964799e+00
3.357000000000311957e-01
3.278369999999881657e-01
1.543300999999985379e+00
1.904289999999946303e-01
2.980790000000297368e-01
6.154030000000147993e-01
9.153810000000248692e-01
2.057379999999966458e-01
2.893349999999941247e-01
6.279729999999972279e-01
1.816339999999740940e-01
3.156470000000126674e-01
4.087309999999888532e-01
2.514539999999669817e-01
3.152320000000372602e-01
1.535650000000032378e+00
2.046039999999607062e-01
3.165670000000204709e-01
1.528906000000006316e+00
2.094960000000014588e-01
3.198929999999791107e-01
1.377697000000011940e+00
3.574179999999955726e-01
2.965239999999766951e-01
6.285349999999993997e-01
8.710340000000087457e-01
2.427480000000059590e-01
3.019749999999703505e-01
1.494071000000019467e+00
2.555990000000178952e-01
2.728430000000230393e-01
1.529269999999939955e+00
1.992040000000088185e-01
2.702240000000415421e-01
1.553072999999983494e+00
2.102770000000191430e-01
3.007799999999747342e-01
6.206859999999778665e-01
4.625870000000418258e-01
4.070429999999873871e-01
2.460379999999986467e-01
2.737219999999638276e-01
1.432921000000078493e+00
2.414859999999521278e-01
2.845230000000356085e-01
1.351372999999966851e+00
1.830689999999890460e-01
2.400979999999890424e-01
2.398570000000290747e-01
8.993179999999938445e-01
6.481679999999983011e-01
2.207530000000019754e-01
2.729950000000371801e-01
6.093529999999418578e-01
4.758170000000063737e-01
4.026230000000055043e-01
2.177659999999832507e-01
2.910049999999841930e-01
1.329565000000059172e+00
3.483049999999821011e-01
3.182679999999891152e-01
4.716369999999869833e-01
3.480580000000372820e-01
5.121889999999780230e-01
3.654180000000337714e-01
2.603379999999901884e-01
3.275249999999800821e-01
2.179250000000365617e-01
3.621789999999691645e-01
2.179249999999797183e-01
3.713850000000320506e-01
2.457979999999793108e-01
2.584150000000136060e-01
6.453119999999898937e-01
4.354079999999953543e-01
3.896750000000110958e-01
2.283309999999687534e-01
2.955450000000041655e-01
1.509573999999986427e+00
2.088940000000434338e-01
2.827900000000340697e-01
1.957146399999993491e+01
2.058110000000397122e-01
5.919420000000172877e-01
7.126389999999673819e-01
7.574839999999767315e-01
8.108160000000452783e-01
6.793449999999552347e-01
6.706920000000309301e-01
7.956869999999867105e-01
7.405990000000315376e-01
7.581139999999777501e-01
7.807559999999966749e-01
9.200680000000147629e-01
1.028610999999955311e+00
1.782670000000052823e-01
2.148130000000492146e-01
6.210859999999911452e-01
3.926169999999729043e-01
6.365720000000578693e-01
3.849179999999705615e-01
6.159149999999726788e-01
4.001690000000053260e-01
6.430900000000292493e-01
3.647689999999670363e-01
6.279390000000262262e-01
3.772869999999670654e-01
6.504920000000424807e-01
3.723659999999426873e-01
5.939040000000090913e-01
3.900110000000154287e-01
3.962339999999926476e-01
1.810859999999934189e-01
1.862240000000383588e-01
2.598629999999957363e-01
6.371449999999754255e-01
3.647849999999834836e-01
6.507890000000315922e-01
3.576499999999782631e-01
6.540540000000305554e-01
3.675529999999866959e-01
6.584280000000148902e-01
3.451519999999845822e-01
6.778469999999856554e-01
3.622570000000564505e-01
6.288499999999999091e-01
3.721319999999650463e-01
5.897120000000199980e-01
3.812599999999406464e-01
3.915050000000519503e-01
1.810790000000110922e-01
2.435330000000135442e-01
2.220629999999346182e-01
6.537490000000047985e-01
3.558959999999729007e-01
6.326180000000931614e-01
3.811999999999784450e-01
6.431649999999535794e-01
3.496520000000487016e-01
6.198669999999992797e-01
3.778399999999351166e-01
6.304050000000529508e-01
3.610359999999559477e-01
6.477219999999874744e-01
3.714940000000410691e-01
6.152079999999955362e-01
3.790040000000090004e-01
3.867719999999508218e-01
1.811840000000302098e-01
2.007659999999873435e-01
2.481530000000589098e-01
2.897719999999708307e-01
3.006936999999993532e+00
3.210700000000201726e-01
4.992169999999873653e-01
3.709929999999985739e-01
2.941640000000234068e-01
5.101819999999293032e-01
3.477990000000659165e-01
9.705555999999944561e+00
6.412380000000439395e-01
2.305452000000002499e+00
1.643865000000005239e+00
1.032087299999994912e+01
2.012770999999986543e+00
