1.270710000000008222e-01
1.447149999999624015e-01
5.313340000000721375e-01
2.037179999999239044e-01
2.768500000000244654e-01
1.311079999999833490e-01
1.019470000000524124e-01
1.375879999999938263e-01
2.551720000000159416e-01
1.107339999999794600e-01
1.413559999999733918e-01
1.211779999999862412e-01
5.447980000000143264e-01
2.147919999999885476e-01
2.786650000000463479e-01
1.210939999999709471e-01
3.829319999999825086e-01
2.405450000000541877e-01
2.625279999999747815e-01
5.085229999999683059e-01
9.801900000002206070e-02
1.253209999999853608e-01
1.227590000000304826e-01
1.280319999999619540e-01
1.400230000000419750e-01
3.681179999999812935e-01
2.465480000000184191e-01
1.259069999999837819e-01
1.385680000000206746e-01
5.332579999999893516e-01
1.102250000000140062e-01
1.275619999999548781e-01
1.194610000000579930e-01
1.307099999999650208e-01
1.346300000000155705e-01
3.690330000000017208e-01
2.341959999999971842e-01
2.807429999999726533e-01
5.035780000000045220e-01
2.220350000000053114e-01
1.355599999999981264e-01
1.342260000000123910e-01
1.119600000000104956e-01
1.104569999999966967e-01
1.405470000000264008e-01
1.510399999999663123e-01
1.019569999999703214e-01
1.352510000000393120e-01
2.756199999999466854e-01
5.164190000000417058e-01
1.000400000000354339e-01
1.289719999999761058e-01
1.380769999999529318e-01
1.269080000000144537e-01
1.261660000000119908e-01
3.765080000000011751e-01
2.203549999999836473e-01
2.842110000000275249e-01
5.113979999999855863e-01
2.150280000000179825e-01
1.345179999999572829e-01
1.299120000000471009e-01
1.212939999999775864e-01
1.123479999999972279e-01
1.353430000000344080e-01
3.769409999999311367e-01
2.685590000000388500e-01
5.284750000000144610e-01
2.216250000000172804e-01
2.631220000000098480e-01
1.230649999999400279e-01
3.892620000000306391e-01
2.224350000000185901e-01
2.671769999999469292e-01
5.032820000000697291e-01
1.200079999999843494e-01
1.182769999999777610e-01
2.521859999999946922e-01
1.310679999999706524e-01
6.104300000000080217e-01
2.657459999999787215e-01
5.103000000000292857e-01
1.362530000000106156e-01
1.146400000000085129e-01
1.378290000000106375e-01
9.711399999997638588e-02
1.628160000000207219e-01
3.578780000000278960e-01
2.239260000000058426e-01
2.768809999999461979e-01
5.161009999999350839e-01
1.004200000000423643e-01
1.153039999999805332e-01
1.316490000000385407e-01
1.448190000000408872e-01
1.084449999999606007e-01
1.154860000000326181e-01
1.397219999999492757e-01
2.341850000000818000e-01
1.256079999999997199e-01
1.304099999999266402e-01
1.387660000000323635e-01
5.220019999999294669e-01
2.357640000000742475e-01
1.401210000000219225e-01
1.327739999999266729e-01
1.281180000000290420e-01
3.605139999999664724e-01
2.450750000000425644e-01
2.588000000000079126e-01
4.937889999999356405e-01
2.441480000000524342e-01
1.223639999999477368e-01
1.327330000000301879e-01
1.202670000000125583e-01
3.868860000000040600e-01
2.140519999999810352e-01
1.426340000000436703e-01
1.440170000000193795e-01
5.043899999999439387e-01
2.239180000000260407e-01
1.377040000000420150e-01
1.373589999999467182e-01
9.918300000003910100e-02
1.085269999999241008e-01
1.495440000000485270e-01
1.274519999999483844e-01
2.325799999999844658e-01
1.471160000000395485e-01
1.078480000000467953e-01
5.100959999999759020e-01
9.528000000000247383e-02
1.196730000000343352e-01
1.485999999999876309e-01
1.342099999999959437e-01
3.560539999999718930e-01
1.358019999999555694e-01
1.011080000000106338e-01
1.197710000000142827e-01
1.391320000000177970e-01
1.444559999999341926e-01
5.066700000000423643e-01
1.215700000000197178e-01
1.222740000000044347e-01
1.137130000000183827e-01
1.331339999999840984e-01
1.437730000000101427e-01
3.604689999999663996e-01
1.160560000000714354e-01
1.202479999999468419e-01
1.313310000000456057e-01
1.431679999999460051e-01
5.011509999999930187e-01
1.175330000000371911e-01
1.162520000000313303e-01
2.452949999999418651e-01
1.348800000000665023e-01
1.101829999998926723e-01
1.356090000001017870e-01
1.284489999999323118e-01
2.404879999999707252e-01
2.741840000001047883e-01
5.010029999999119354e-01
1.067350000000715227e-01
1.118469999999547326e-01
1.459860000000503533e-01
1.166559999999208230e-01
1.229730000000586188e-01
3.852210000000013679e-01
2.303959999999847241e-01
1.099540000000160944e-01
1.560069999999313950e-01
1.775020000000608889e-01
1.507320000000049731e-01
1.650519999999460197e-01
1.840139999999905740e-01
1.450780000000122527e-01
1.544499999999970896e-01
8.539600000000291402e-02
2.333200000000488217e-01
2.354439999999158317e-01
1.611400000000458022e-01
1.203179999999974825e-01
1.288610000000289801e-01
5.370289999999613428e-01
1.003650000000675391e-01
1.202729999999405663e-01
2.713940000000434338e-01
1.230790000000183682e-01
3.593549999999936517e-01
2.330989999999815154e-01
2.653479999999603933e-01
4.938179999999761094e-01
2.495640000000776126e-01
1.139279999999871507e-01
1.344849999999837564e-01
1.438089999999760948e-01
2.214599999999791180e-01
1.484159999999974389e-01
8.217200000007096605e-02
1.455799999999953798e-01
1.095049999999559986e-01
1.456870000000094478e-01
5.221260000000143009e-01
2.284989999999993415e-01
2.690160000000219043e-01
1.202939999999443899e-01
3.651240000000370856e-01
1.056549999999560896e-01
1.225860000000693617e-01
2.817169999999578067e-01
4.856500000000210093e-01
1.239219999999932043e-01
1.332640000000537839e-01
1.132969999999318134e-01
1.419559999999933098e-01
1.353129999999964639e-01
3.610560000000191394e-01
2.448139999999625616e-01
2.639680000000907967e-01
7.458839999999895554e-01
1.301309999999489264e-01
1.423790000000053624e-01
1.122929999999655593e-01
2.431459999999674437e-01
1.291620000000648361e-01
1.086590000000455802e-01
1.208359999999402135e-01
1.505190000000311557e-01
1.272920000000112850e-01
3.810299999999529064e-01
1.275269999999864012e-01
2.228230000000621658e-01
1.280559999999582033e-01
1.371459999999729007e-01
1.141380000000822292e-01
1.106899999999200190e-01
1.282879999999977372e-01
1.443990000000212603e-01
9.780300000005581751e-02
1.302459999999996398e-01
1.199780000000032487e-01
1.446670000000267464e-01
3.861549999999738247e-01
1.150829999999700703e-01
1.157249999999976353e-01
1.260359999999423053e-01
2.696430000000873406e-01
5.009719999999902029e-01
2.251780000000280779e-01
2.839549999999348984e-01
7.256830000000036307e-01
2.681750000000420187e-01
1.231869999999730680e-01
3.746080000000233667e-01
1.121540000000322834e-01
1.170259999999530010e-01
2.878880000000094697e-01
