3.205709999999992732e-01
2.028711600000000459e+01
4.715449999999989927e-01
8.136248000000001923e+00
8.581690999999992187e+00
4.297340000000033911e-01
9.123103000000007512e+00
2.530689999999893303e-01
2.978040000000063969e-01
2.435959999999965930e-01
2.406509999999997262e-01
1.612782000000009930e+00
1.585045999999991295e+00
2.724600000000023670e-01
7.618790000000004170e-01
5.241699999999980264e-01
3.992468000000002348e+00
3.304729999999977963e-01
5.090699999999941383e-01
6.832780000000013843e-01
1.370226999999999862e+00
2.143720000000001846e+00
3.627840000000048803e-01
3.977929999999929578e-01
2.448266100000000733e+01
5.019060000000052923e-01
3.887695999999991159e+00
2.728120000000018308e-01
1.896969999999953416e-01
2.005300000000005411e-01
2.559959999999961155e-01
3.189509999999984302e-01
3.326790000000130476e-01
4.044649999999876400e-01
3.465970000000027085e-01
5.093720000000132586e-01
7.846649999999897318e-01
1.805465999999995574e+00
2.555940000000163081e-01
1.668686099999999328e+01
5.076779999999985193e-01
5.366560000000077935e-01
1.842337999999998033e+00
2.084841000000011491e+00
2.095620999999994183e+00
2.082703000000009297e+00
1.825715999999971473e+00
3.291300000000205728e-01
1.887959999999964111e-01
2.034319999999922857e-01
2.805678999999997814e+00
2.437639999999987594e-01
7.826189999999826341e-01
2.648730000000227847e-01
1.965891999999996642e+00
1.064683000000002266e+00
8.543709999999862248e-01
1.768299999999953798e-01
3.861972000000008620e+00
8.068289999999933571e-01
2.100880000000131531e-01
2.763099999999951706e-01
2.399070000000165237e-01
2.757359999999948741e-01
5.686288999999987936e+00
1.113293999999996231e+00
2.082638000000002876e+00
2.434719999999970241e-01
3.773044999999996207e+00
8.407907000000022890e+00
6.399940000000015061e-01
2.536010000000032960e-01
2.790649999999743613e-01
5.362290000000200507e-01
2.632389999999986685e-01
2.713259999999877436e-01
2.126316000000002759e+00
2.196800000000109776e-01
5.105749999999886768e-01
2.317659999999932552e-01
5.179735000000022183e+00
2.089882999999986168e+00
2.085484000000008109e+00
2.084142999999983203e+00
2.111218000000008033e+00
2.103726000000023078e+00
4.254399999999805004e-01
2.212439999999844531e-01
4.927950000000009823e-01
3.004750000000058208e-01
5.716830000000072687e-01
2.498169999999788615e-01
4.869880000000250675e-01
2.740409999999826596e-01
2.502259999999978390e-01
4.969370000000310483e-01
4.044379999999705433e-01
2.117585000000019591e+00
1.085533000000000925e+01
4.424219999999650099e-01
5.445510000000126638e-01
2.462109999999881893e-01
2.774940000000185591e-01
2.660010000000170294e-01
2.111472999999989497e+00
2.654609999999877346e-01
1.822750000000013415e+00
2.540109999999629053e-01
2.749181000000021413e+00
9.167789999999996553e+00
3.797440000000449345e-01
2.584149999999851843e-01
7.217549999999732790e-01
2.966839999999990596e-01
4.407850000000053114e-01
3.656499999999880401e-01
1.885340000000326199e-01
3.633639999999616066e-01
3.415860000000350283e-01
6.647729999999967276e-01
3.827020000000231903e-01
2.086628999999931011e+00
4.180586000000033664e+00
1.039512999999999465e+00
1.042435999999980822e+00
2.114116999999993141e+00
2.071691000000015492e+00
2.093387000000006992e+00
2.056296999999972286e+00
3.603840000000388955e-01
2.794199999999875672e-01
7.379170000000385699e-01
2.915299999999660940e-01
5.425870000000259097e-01
2.535909999999717002e-01
6.412760000000048421e-01
1.166597999999993363e+00
2.600480000000118253e-01
1.685608999999971047e+00
2.085989999999981137e+00
1.050785000000018954e+00
1.066512000000045646e+00
4.256259999999997490e+00
4.259186999999997170e+00
4.178103999999962070e+00
1.415308800000002520e+01
3.849079999999958090e-01
6.661320000000046093e-01
2.789500000000089130e-01
2.107700000000249929e-01
5.592629999999871870e-01
1.110533999999972821e+00
2.518870000000106302e-01
2.090509999999881074e-01
1.554895999999985179e+00
2.041019999999775791e-01
2.863800000000651380e-01
7.881339999999568136e-01
8.072650000000294312e-01
2.221380000000294785e-01
2.358889999999291831e-01
8.170520000000465188e-01
7.436789999999859901e-01
2.354990000000043437e-01
2.929550000000062937e-01
1.578896999999983564e+00
2.211639999999874817e-01
2.717890000000124928e-01
8.021990000000300824e-01
8.159769999999753054e-01
2.026089999999953761e-01
2.734419999999886386e-01
7.740140000000224063e-01
7.855020000000081382e-01
2.089480000000207838e-01
2.740569999999706852e-01
1.539173000000005231e+00
2.638879999999517167e-01
2.755760000000577747e-01
1.565787999999997737e+00
2.139579999999909887e-01
3.055200000000013461e-01
1.538801999999975578e+00
2.039150000000518048e-01
2.863609999999425781e-01
7.707350000000019463e-01
7.284030000000143446e-01
2.339129999999727261e-01
3.069520000000238724e-01
1.549053000000014890e+00
2.376750000000242835e-01
2.296539999999822612e-01
1.628132999999991171e+00
2.283520000000294203e-01
2.831839999999488100e-01
7.535359999999968750e-01
7.525499999999851752e-01
2.243690000000242435e-01
2.788620000000037180e-01
1.563510000000007949e+00
2.130829999999832580e-01
2.837230000000090513e-01
1.535961999999983618e+00
2.200410000000374566e-01
2.634390000000053078e-01
1.563226999999983491e+00
2.309259999999540014e-01
3.436720000000264008e-01
1.543106000000022959e+00
2.192049999999881038e-01
2.848620000000323671e-01
7.488349999999854845e-01
7.701500000000010004e-01
2.202879999999822758e-01
3.104960000000005493e-01
7.683319999999866923e-01
7.821890000000166765e-01
2.182689999999638530e-01
2.676630000000272958e-01
1.592951000000027761e+00
2.410140000000069449e-01
2.500229999999987740e-01
1.558866999999963809e+00
2.099660000000085347e-01
2.552079999999818938e-01
1.430344000000047799e+00
3.643409999999676074e-01
2.411010000000146647e-01
1.572908999999981461e+00
2.416959999999903630e-01
2.352559999999925822e-01
1.598947000000066510e+00
2.332099999999286410e-01
2.742200000000138971e-01
2.299702800000000025e+01
1.989143000000012762e+00
2.001983999999993102e+00
1.976402000000007320e+00
9.842459999999846332e-01
1.013607000000035896e+00
1.978100999999981013e+00
1.980211999999994532e+00
3.900148999999998978e+00
1.982894999999984975e+00
1.976793000000043321e+00
9.648060000000100445e-01
1.014336999999954969e+00
9.765729999999734900e-01
8.906397000000026765e+00
1.995420000000024174e+00
1.999215999999989890e+00
1.988732000000027256e+00
3.682089999999789143e-01
2.537239999999769680e-01
2.408170000000495747e-01
1.164544999999975516e+00
4.524299999999925603e-01
2.871190000000183318e-01
2.659219999999891115e-01
2.598459999999818137e-01
3.836550000000329419e-01
2.662139999999340034e-01
2.331260000000270338e-01
2.455970000000320397e-01
3.730199999999967986e-01
2.706739999999854263e-01
2.450360000000273430e-01
2.556359999999813226e-01
5.109870000000000800e-01
4.810469999999895663e-01
2.560630000000401196e-01
2.490819999999303036e-01
2.569860000000403488e-01
3.842039999999542488e-01
2.465810000000487889e-01
2.543609999999603133e-01
2.470230000000697146e-01
3.769539999999551583e-01
5.287749999999959982e-01
2.327099999999973079e-01
9.948530000000346263e-01
2.945819999999912397e-01
2.284109999999941465e-01
2.563069999999925130e-01
2.355540000000360124e-01
2.764139999999315478e-01
2.459380000000237487e-01
3.931210000000078253e-01
3.567750000000273758e-01
2.219319999999811444e-01
3.062909999999874344e-01
2.392920000000344771e-01
2.727929999999219035e-01
3.915090000000418513e-01
3.702779999999847860e-01
2.585030000000188011e-01
2.272250000000326509e-01
2.612009999999713727e-01
2.164980000000014115e-01
1.843620000000214532e-01
2.270689999999717656e-01
2.598189999999931388e-01
3.475200000000313594e-01
2.870159999999373213e-01
2.360550000000216642e-01
2.625480000000379732e-01
2.273749999999949978e-01
2.827540000000112741e-01
2.455819999999562242e-01
2.653380000000424843e-01
2.314910000000054424e-01
2.666169999999965512e-01
4.824229999999829488e-01
2.264940000000024156e-01
5.063109999999255706e-01
3.955530000000635482e-01
2.568740000000389045e-01
2.496849999999426473e-01
3.680699999999887950e-01
2.429270000000656182e-01
2.675479999999765823e-01
5.071399999999925967e-01
2.246290000000499276e-01
2.805409999999142201e-01
4.780920000000605796e-01
3.847809999999753927e-01
3.488360000000056971e-01
5.084509999999795582e-01
2.731149999999615829e-01
2.641260000000897890e-01
1.019732999999973799e+00
9.857210000000122818e-01
1.017391999999972541e+00
1.989118000000019038e+00
1.004582999999968251e+00
9.697979999999688516e-01
9.957560000000285072e-01
1.031943999999953121e+00
1.999059000000102060e+00
1.986339999999927386e+00
2.943612000000030093e+00
1.022490000000004784e+00
6.000577999999961776e+00
4.002178000000014890e+00
4.900920000000041910e-01
4.985980000000154178e-01
4.292449000000033266e+00
