7.380000000000000449e-02
1.305999999999999939e-01
5.299999999999999850e-02
2.599999999999999881e-03
2.989999999999999949e-02
9.690000000000000002e-02
4.270000000000000184e-02
3.500000000000000333e-02
1.122999999999999970e-01
3.189999999999999780e-02
5.499999999999999681e-03
1.408999999999999975e-01
2.910000000000000087e-02
1.297000000000000097e-01
1.909999999999999892e-02
1.302000000000000102e-01
9.900000000000000813e-03
1.099999999999999936e-02
1.949999999999999997e-02
6.700000000000000226e-03
9.900000000000000813e-03
9.700000000000000289e-03
2.152000000000000024e-01
nan
nan
1.060999999999999999e-01
1.165000000000000063e-01
1.079999999999999988e-01
1.079999999999999988e-01
1.083999999999999964e-01
5.890000000000000097e-02
3.930000000000000160e-02
5.559999999999999665e-02
4.590000000000000330e-02
5.600000000000000117e-02
5.000000000000000278e-02
5.390000000000000346e-02
5.199999999999999761e-02
5.140000000000000124e-02
5.079999999999999793e-02
5.390000000000000346e-02
5.829999999999999766e-02
5.580000000000000238e-02
6.140000000000000319e-02
5.829999999999999766e-02
1.229999999999999982e-01
1.766000000000000070e-01
8.509999999999999509e-02
5.199999999999999761e-02
1.746000000000000052e-01
6.759999999999999343e-02
1.218999999999999945e-01
1.160000000000000059e-01
9.810000000000000664e-02
1.039999999999999952e-01
1.003000000000000003e-01
1.015000000000000069e-01
1.239999999999999991e-01
8.609999999999999598e-02
1.292000000000000093e-01
3.420000000000000123e-02
1.047000000000000014e-01
3.570000000000000256e-02
8.649999999999999356e-02
7.030000000000000138e-02
5.619999999999999996e-02
5.559999999999999665e-02
5.790000000000000008e-02
6.289999999999999758e-02
7.270000000000000073e-02
4.989999999999999991e-02
1.246000000000000024e-01
nan
nan
1.389999999999999916e-02
6.980000000000000093e-02
8.409999999999999420e-02
1.054999999999999966e-01
1.102000000000000063e-01
1.729999999999999941e-02
5.599999999999999943e-03
1.060000000000000005e-02
nan
nan
1.074999999999999983e-01
1.071000000000000008e-01
1.033000000000000029e-01
9.460000000000000353e-02
8.920000000000000151e-02
9.360000000000000264e-02
4.669999999999999846e-02
2.539999999999999897e-02
1.439999999999999961e-02
1.170000000000000033e-02
1.009999999999999960e-02
1.020000000000000073e-02
8.899999999999999925e-03
9.900000000000000813e-03
nan
nan
1.161999999999999977e-01
1.021999999999999992e-01
1.116999999999999937e-01
1.093999999999999972e-01
1.058000000000000052e-01
3.160000000000000309e-02
7.349999999999999589e-02
2.769999999999999893e-02
8.630000000000000171e-02
5.099999999999999672e-02
8.279999999999999860e-02
4.279999999999999777e-02
3.670000000000000345e-02
1.170000000000000033e-02
1.679999999999999896e-02
1.340000000000000045e-02
2.626999999999999891e-01
nan
nan
1.487999999999999878e-01
3.059999999999999873e-02
1.353000000000000036e-01
2.649999999999999925e-02
1.434999999999999887e-01
1.494000000000000050e-01
1.059999999999999970e-01
9.810000000000000664e-02
8.680000000000000215e-02
7.979999999999999594e-02
7.560000000000000053e-02
7.399999999999999634e-02
7.190000000000000557e-02
7.340000000000000691e-02
4.220000000000000140e-02
5.970000000000000306e-02
4.170000000000000095e-02
6.260000000000000286e-02
5.170000000000000290e-02
7.320000000000000118e-02
7.489999999999999436e-02
7.330000000000000404e-02
8.390000000000000235e-02
2.009999999999999981e-02
nan
nan
8.419999999999999707e-02
8.949999999999999623e-02
9.030000000000000526e-02
7.950000000000000122e-02
1.088999999999999968e-01
8.450000000000000566e-02
1.310000000000000053e-01
1.640999999999999959e-01
2.210000000000000020e-01
2.318999999999999950e-01
nan
nan
9.679999999999999716e-02
1.020999999999999963e-01
1.010000000000000064e-01
1.034999999999999948e-01
1.026999999999999996e-01
1.054999999999999966e-01
1.089999999999999997e-01
1.122999999999999970e-01
1.097999999999999948e-01
1.187000000000000000e-01
1.262000000000000066e-01
1.431000000000000050e-01
1.635999999999999954e-01
1.908999999999999864e-01
2.146000000000000130e-01
2.190000000000000002e-01
2.624000000000000221e-01
2.212000000000000077e-01
1.436000000000000054e-01
1.696000000000000008e-01
1.638000000000000012e-01
nan
nan
4.590000000000000330e-02
1.116999999999999937e-01
7.989999999999999880e-02
7.689999999999999614e-02
9.339999999999999691e-02
6.950000000000000622e-02
7.099999999999999367e-02
6.519999999999999407e-02
6.610000000000000597e-02
6.379999999999999560e-02
7.099999999999999367e-02
7.249999999999999500e-02
7.389999999999999347e-02
7.770000000000000517e-02
7.630000000000000671e-02
8.029999999999999638e-02
8.400000000000000522e-02
7.510000000000000009e-02
8.429999999999999993e-02
9.629999999999999671e-02
9.450000000000000067e-02
8.390000000000000235e-02
9.539999999999999869e-02
1.018000000000000016e-01
nan
nan
4.059999999999999720e-02
7.299999999999999545e-02
4.209999999999999853e-02
5.689999999999999919e-02
3.640000000000000180e-02
6.169999999999999790e-02
2.829999999999999877e-02
1.209999999999999964e-02
5.739999999999999963e-02
2.699999999999999969e-02
1.420000000000000082e-02
5.290000000000000258e-02
4.279999999999999777e-02
5.890000000000000097e-02
4.619999999999999801e-02
5.659999999999999754e-02
1.113999999999999990e-01
1.272999999999999965e-01
7.910000000000000364e-02
9.539999999999999869e-02
6.590000000000000024e-02
1.015999999999999959e-01
1.539000000000000090e-01
2.335000000000000131e-01
1.670000000000000095e-01
4.839999999999999858e-02
3.250000000000000111e-02
1.292999999999999983e-01
1.028000000000000025e-01
1.039000000000000062e-01
3.740000000000000269e-02
1.814000000000000057e-01
1.771999999999999964e-01
4.880000000000000310e-02
1.248999999999999971e-01
7.270000000000000073e-02
7.499999999999999722e-03
nan
nan
1.534999999999999976e-01
1.603999999999999870e-01
1.375000000000000111e-01
1.310000000000000053e-01
1.222000000000000031e-01
1.100000000000000006e-01
9.450000000000000067e-02
6.990000000000000380e-02
8.229999999999999816e-02
5.750000000000000250e-02
6.310000000000000331e-02
5.639999999999999875e-02
3.099999999999999978e-02
6.250000000000000000e-02
6.569999999999999452e-02
2.580000000000000002e-02
1.799999999999999864e-02
1.870000000000000134e-02
1.660000000000000017e-02
1.519999999999999997e-02
nan
nan
1.277999999999999969e-01
1.200000000000000025e-02
1.909999999999999892e-02
1.174000000000000044e-01
4.139999999999999930e-02
1.753000000000000114e-01
3.309999999999999748e-02
2.129999999999999949e-01
9.700000000000000289e-03
1.540000000000000049e-02
1.627000000000000113e-01
2.116000000000000103e-01
2.249999999999999917e-02
1.854999999999999982e-01
1.637000000000000122e-01
1.481000000000000094e-01
1.607000000000000095e-01
1.782999999999999863e-01
1.711999999999999911e-01
1.849000000000000088e-01
1.958999999999999908e-01
1.857000000000000040e-01
1.622999999999999998e-01
1.460000000000000013e-02
9.189999999999999558e-02
1.959999999999999937e-02
9.100000000000000450e-03
7.300000000000000065e-03
7.499999999999999722e-03
nan
nan
3.719999999999999696e-02
6.840000000000000246e-02
4.000000000000000083e-02
6.819999999999999674e-02
3.869999999999999829e-02
6.769999999999999629e-02
4.139999999999999930e-02
6.479999999999999649e-02
4.139999999999999930e-02
5.999999999999999778e-02
4.279999999999999777e-02
6.079999999999999988e-02
3.579999999999999849e-02
5.380000000000000060e-02
3.660000000000000059e-02
5.519999999999999907e-02
3.919999999999999873e-02
5.680000000000000326e-02
3.520000000000000212e-02
5.240000000000000213e-02
2.239999999999999977e-02
5.840000000000000052e-02
2.960000000000000131e-02
4.750000000000000056e-02
2.819999999999999937e-02
4.700000000000000011e-02
2.829999999999999877e-02
4.830000000000000265e-02
3.109999999999999917e-02
6.199999999999999956e-02
3.039999999999999994e-02
3.109999999999999917e-02
6.130000000000000032e-02
3.520000000000000212e-02
5.999999999999999778e-02
2.970000000000000070e-02
8.899999999999999578e-02
9.039999999999999425e-02
8.690000000000000502e-02
nan
nan
6.519999999999999407e-02
6.419999999999999318e-02
7.539999999999999480e-02
7.069999999999999896e-02
7.240000000000000602e-02
6.919999999999999762e-02
7.720000000000000473e-02
5.290000000000000258e-02
6.019999999999999657e-02
5.149999999999999717e-02
5.929999999999999855e-02
5.360000000000000181e-02
6.029999999999999943e-02
5.589999999999999830e-02
5.600000000000000117e-02
5.330000000000000016e-02
5.530000000000000193e-02
5.439999999999999697e-02
6.160000000000000198e-02
5.720000000000000084e-02
6.060000000000000109e-02
5.559999999999999665e-02
6.469999999999999363e-02
8.519999999999999796e-02
nan
nan
6.360000000000000375e-02
6.260000000000000286e-02
4.070000000000000007e-02
6.239999999999999714e-02
3.479999999999999760e-02
6.010000000000000064e-02
5.559999999999999665e-02
5.269999999999999685e-02
2.060000000000000026e-02
2.900000000000000147e-02
2.160000000000000114e-02
1.519999999999999997e-02
1.260000000000000009e-02
nan
nan
6.880000000000000004e-02
5.179999999999999882e-02
7.749999999999999944e-02
5.500000000000000028e-02
7.259999999999999787e-02
4.179999999999999688e-02
6.469999999999999363e-02
4.000000000000000083e-02
6.719999999999999585e-02
5.240000000000000213e-02
3.919999999999999873e-02
nan
nan
9.220000000000000417e-02
9.969999999999999696e-02
6.469999999999999363e-02
4.320000000000000229e-02
6.199999999999999956e-02
4.320000000000000229e-02
6.489999999999999936e-02
4.340000000000000108e-02
5.990000000000000185e-02
4.109999999999999765e-02
5.399999999999999939e-02
4.939999999999999947e-02
5.659999999999999754e-02
4.639999999999999680e-02
5.739999999999999963e-02
4.819999999999999979e-02
9.589999999999999913e-02
8.820000000000000062e-02
4.710000000000000298e-02
6.140000000000000319e-02
5.390000000000000346e-02
5.949999999999999734e-02
1.081000000000000016e-01
3.899999999999999994e-02
1.460000000000000013e-02
1.039999999999999952e-02
8.899999999999999925e-03
1.619999999999999912e-02
nan
nan
6.980000000000000093e-02
7.370000000000000162e-02
4.680000000000000132e-02
5.750000000000000250e-02
6.940000000000000335e-02
1.082999999999999935e-01
7.599999999999999811e-02
1.000999999999999945e-01
9.740000000000000047e-02
9.329999999999999405e-02
1.008000000000000007e-01
9.600000000000000200e-02
9.700000000000000289e-02
9.479999999999999538e-02
8.719999999999999973e-02
9.740000000000000047e-02
5.160000000000000003e-02
7.960000000000000409e-02
5.489999999999999741e-02
7.810000000000000275e-02
5.539999999999999786e-02
7.090000000000000469e-02
5.009999999999999870e-02
7.950000000000000122e-02
4.270000000000000184e-02
7.539999999999999480e-02
8.409999999999999420e-02
4.370000000000000273e-02
2.309999999999999901e-02
nan
nan
7.019999999999999851e-02
7.770000000000000517e-02
7.019999999999999851e-02
6.809999999999999387e-02
6.469999999999999363e-02
6.329999999999999516e-02
6.149999999999999911e-02
6.710000000000000686e-02
6.769999999999999629e-02
6.640000000000000069e-02
7.380000000000000449e-02
7.309999999999999831e-02
7.370000000000000162e-02
7.399999999999999634e-02
nan
nan
7.950000000000000122e-02
7.910000000000000364e-02
8.089999999999999969e-02
8.250000000000000389e-02
7.459999999999999964e-02
6.550000000000000266e-02
4.159999999999999809e-02
5.260000000000000092e-02
2.249999999999999917e-02
1.750000000000000167e-02
9.299999999999999933e-02
6.930000000000000049e-02
8.210000000000000631e-02
9.690000000000000002e-02
1.163000000000000006e-01
9.810000000000000664e-02
8.740000000000000546e-02
8.060000000000000497e-02
8.899999999999999578e-02
8.669999999999999929e-02
8.709999999999999687e-02
8.870000000000000107e-02
9.260000000000000175e-02
1.250000000000000000e-01
5.720000000000000084e-02
8.319999999999999618e-02
4.880000000000000310e-02
7.670000000000000429e-02
5.029999999999999749e-02
nan
nan
9.389999999999999736e-02
7.760000000000000231e-02
6.940000000000000335e-02
6.690000000000000113e-02
6.469999999999999363e-02
6.610000000000000597e-02
6.669999999999999540e-02
6.360000000000000375e-02
5.970000000000000306e-02
2.869999999999999982e-02
4.830000000000000265e-02
3.359999999999999792e-02
6.460000000000000464e-02
7.340000000000000691e-02
7.839999999999999747e-02
8.050000000000000211e-02
nan
nan
9.189999999999999558e-02
7.969999999999999307e-02
7.979999999999999594e-02
8.110000000000000542e-02
7.589999999999999525e-02
8.010000000000000453e-02
7.259999999999999787e-02
7.760000000000000231e-02
8.450000000000000566e-02
8.849999999999999534e-02
8.949999999999999623e-02
9.189999999999999558e-02
1.010000000000000064e-01
8.830000000000000349e-02
8.409999999999999420e-02
8.269999999999999574e-02
8.350000000000000477e-02
8.050000000000000211e-02
7.539999999999999480e-02
7.280000000000000360e-02
6.450000000000000178e-02
6.160000000000000198e-02
3.839999999999999664e-02
5.299999999999999850e-02
2.989999999999999949e-02
1.640000000000000138e-02
1.239999999999999956e-02
1.179999999999999973e-02
nan
nan
9.329999999999999405e-02
1.305000000000000049e-01
1.102000000000000063e-01
8.820000000000000062e-02
1.020999999999999963e-01
1.097999999999999948e-01
9.579999999999999627e-02
9.489999999999999825e-02
8.890000000000000679e-02
8.920000000000000151e-02
8.749999999999999445e-02
8.250000000000000389e-02
6.759999999999999343e-02
7.430000000000000493e-02
7.439999999999999392e-02
7.820000000000000562e-02
7.000000000000000666e-02
6.890000000000000291e-02
6.829999999999999960e-02
4.499999999999999833e-02
6.180000000000000077e-02
4.859999999999999737e-02
2.409999999999999989e-02
1.849999999999999908e-02
1.729999999999999941e-02
nan
nan
1.210999999999999993e-01
2.290999999999999981e-01
1.139000000000000012e-01
1.069999999999999979e-01
1.030999999999999972e-01
1.949999999999999997e-02
1.037000000000000005e-01
8.079999999999999682e-02
9.339999999999999691e-02
9.180000000000000659e-02
8.039999999999999925e-02
7.739999999999999658e-02
6.990000000000000380e-02
3.520000000000000212e-02
1.949999999999999997e-02
nan
nan
1.219999999999999973e-01
1.170000000000000068e-01
1.292000000000000093e-01
1.376000000000000001e-01
1.154000000000000026e-01
1.330000000000000071e-01
1.223999999999999949e-01
1.029000000000000054e-01
2.792999999999999927e-01
2.579000000000000181e-01
1.315999999999999948e-01
1.363999999999999935e-01
1.436999999999999944e-01
1.459999999999999909e-01
1.577999999999999958e-01
1.537999999999999923e-01
9.450000000000000067e-02
1.223000000000000059e-01
nan
nan
2.000000000000000111e-01
1.121000000000000052e-01
1.009000000000000036e-01
1.072000000000000036e-01
1.242000000000000048e-01
1.180999999999999966e-01
1.037000000000000005e-01
nan
nan
1.000000000000000056e-01
1.203999999999999931e-01
1.125000000000000028e-01
1.248999999999999971e-01
1.328999999999999904e-01
1.373000000000000054e-01
1.516000000000000125e-01
1.381999999999999895e-01
1.461000000000000076e-01
1.388999999999999957e-01
1.355000000000000093e-01
1.315999999999999948e-01
nan
nan
7.489999999999999436e-02
4.970000000000000112e-02
1.069999999999999979e-01
2.139999999999999888e-02
9.320000000000000506e-02
3.130000000000000143e-02
8.179999999999999771e-02
4.279999999999999777e-02
7.639999999999999569e-02
4.660000000000000253e-02
7.920000000000000651e-02
1.005000000000000060e-01
5.160000000000000003e-02
7.839999999999999747e-02
4.469999999999999668e-02
7.220000000000000029e-02
1.000999999999999945e-01
1.073000000000000065e-01
1.198000000000000037e-01
1.033000000000000029e-01
1.064999999999999974e-01
1.139000000000000012e-01
9.239999999999999603e-02
9.370000000000000551e-02
1.019000000000000045e-01
9.959999999999999409e-02
1.019999999999999934e-01
1.058000000000000052e-01
9.969999999999999696e-02
9.669999999999999429e-02
9.180000000000000659e-02
1.919999999999999832e-02
8.619999999999999885e-02
8.799999999999999489e-02
1.009999999999999960e-02
8.649999999999999356e-02
9.239999999999999603e-02
1.237000000000000044e-01
7.449999999999999678e-02
8.799999999999999489e-02
8.480000000000000038e-02
1.067000000000000032e-01
1.014000000000000040e-01
8.840000000000000635e-02
9.510000000000000397e-02
9.299999999999999933e-02
5.500000000000000028e-02
4.059999999999999720e-02
4.850000000000000144e-02
5.340000000000000302e-02
4.839999999999999858e-02
5.729999999999999677e-02
5.020000000000000157e-02
2.280000000000000082e-02
1.600000000000000033e-02
1.460000000000000013e-02
1.299999999999999940e-02
1.260000000000000009e-02
1.149999999999999981e-02
9.199999999999999845e-03
1.060000000000000005e-02
1.000000000000000021e-02
9.299999999999999239e-03
9.499999999999999764e-03
9.700000000000000289e-03
1.069999999999999944e-02
1.000000000000000021e-02
1.030000000000000013e-02
nan
nan
8.229999999999999816e-02
1.005999999999999950e-01
7.080000000000000182e-02
1.297999999999999987e-01
1.154000000000000026e-01
1.028000000000000025e-01
9.969999999999999696e-02
7.299999999999999545e-02
8.930000000000000437e-02
9.819999999999999563e-02
9.929999999999999938e-02
7.389999999999999347e-02
8.329999999999999905e-02
7.599999999999999811e-02
8.179999999999999771e-02
7.839999999999999747e-02
7.770000000000000517e-02
7.340000000000000691e-02
4.250000000000000305e-02
4.920000000000000068e-02
5.589999999999999830e-02
nan
nan
1.111999999999999933e-01
1.092000000000000054e-01
1.047000000000000014e-01
1.540999999999999870e-01
8.129999999999999727e-02
1.363000000000000045e-01
1.610000000000000042e-01
9.220000000000000417e-02
1.087999999999999939e-01
1.023000000000000020e-01
nan
