7.649999999999999856e-02
1.212000000000000022e-01
5.790000000000000008e-02
8.119999999999999440e-02
5.120000000000000245e-02
7.860000000000010034e-02
6.250000000000000000e-02
9.319999999999989404e-02
5.059999999999999915e-02
9.049999999999999711e-02
5.859999999999999931e-02
nan
8.319999999999999618e-02
8.719999999999999973e-02
9.120000000000000329e-02
6.189999999999999669e-02
6.189999999999999669e-02
6.519999999999999407e-02
7.190000000000000557e-02
6.060000000000000109e-02
7.249999999999999500e-02
6.660000000000000642e-02
nan
9.120000000000000329e-02
8.519999999999999796e-02
7.190000000000000557e-02
7.380000000000000449e-02
6.329999999999999516e-02
7.520000000000000295e-02
6.319999999999989515e-02
7.459999999999999964e-02
6.850000000000000533e-02
7.590000000000010627e-02
7.389999999999999347e-02
8.319999999999989904e-02
6.790000000000000202e-02
7.720000000000019902e-02
7.649999999999999856e-02
8.459999999999999465e-02
nan
7.720000000000000473e-02
7.259999999999999787e-02
6.650000000000000355e-02
4.730000000000000177e-02
6.590000000000000024e-02
6.389999999999999847e-02
6.519999999999999407e-02
6.119999999999990031e-02
6.930000000000000049e-02
6.190000000000010077e-02
7.119999999999990226e-02
5.990000000000009900e-02
7.719999999999989371e-02
6.390000000000009561e-02
4.730000000000000177e-02
9.179999999999989557e-02
5.659999999999999754e-02
nan
8.980000000000000482e-02
8.719999999999999973e-02
8.459999999999999465e-02
7.979999999999999594e-02
7.989999999999999880e-02
8.190000000000000058e-02
8.919999999999990437e-02
7.779999999999999416e-02
6.060000000000009823e-02
1.038000000000000034e-01
6.859999999999999432e-02
6.589999999999980596e-02
7.520000000000019724e-02
6.789999999999979385e-02
6.990000000000010094e-02
7.519999999999990581e-02
6.390000000000009561e-02
8.790000000000010305e-02
6.719999999999989870e-02
nan
8.379999999999999949e-02
8.319999999999999618e-02
8.190000000000000058e-02
8.390000000000000235e-02
8.649999999999999356e-02
8.390000000000000235e-02
8.849999999999989819e-02
6.859999999999999432e-02
7.780000000000010518e-02
6.189999999999999669e-02
nan
9.850000000000000422e-02
9.779999999999999805e-02
6.519999999999999407e-02
7.989999999999999880e-02
6.590000000000000024e-02
4.929999999999999660e-02
7.449999999999999678e-02
6.859999999999999432e-02
6.719999999999999585e-02
8.050000000000000211e-02
8.590000000000000413e-02
7.389999999999999347e-02
9.250000000000009603e-02
7.649999999999999856e-02
nan
9.180000000000000659e-02
7.920000000000000651e-02
8.790000000000000591e-02
7.320000000000000118e-02
7.119999999999999940e-02
6.719999999999999585e-02
7.660000000000000142e-02
6.650000000000000355e-02
5.200000000000000455e-02
6.850000000000000533e-02
7.259999999999999787e-02
nan
8.719999999999999973e-02
9.049999999999999711e-02
1.084999999999999992e-01
8.790000000000000591e-02
6.049999999999999822e-02
6.389999999999999847e-02
4.989999999999990277e-02
5.260000000000009807e-02
5.260000000000000092e-02
5.129999999999999838e-02
5.389999999999989938e-02
nan
1.044999999999999957e-01
1.190999999999999975e-01
7.119999999999999940e-02
7.789999999999999702e-02
7.059999999999999609e-02
7.320000000000000118e-02
7.589999999999999525e-02
8.450000000000000566e-02
6.919999999999999762e-02
nan
9.249999999999999889e-02
1.050999999999999990e-01
1.477999999999999869e-01
8.119999999999999440e-02
9.520000000000000684e-02
9.579999999999999627e-02
7.860000000000000320e-02
9.979999999999999982e-02
1.078000000000000069e-01
6.990000000000010094e-02
8.789999999999989488e-02
9.520000000000000684e-02
9.120000000000019758e-02
9.850000000000000422e-02
nan
1.131000000000000061e-01
1.111999999999999933e-01
5.190000000000000169e-02
1.310999999999999943e-01
1.723999999999999977e-01
7.059999999999999609e-02
nan
9.320000000000000506e-02
1.237999999999999934e-01
9.520000000000000684e-02
9.110000000000000042e-02
9.060000000000009712e-02
8.649999999999989642e-02
9.120000000000010043e-02
8.980000000000000482e-02
9.719999999999999474e-02
8.649999999999999356e-02
1.024999999999999939e-01
8.990000000000010483e-02
nan
9.589999999999999913e-02
8.119999999999999440e-02
1.078000000000000069e-01
8.790000000000000591e-02
7.449999999999999678e-02
9.319999999999989404e-02
8.649999999999999356e-02
7.190000000000000557e-02
9.320000000000010221e-02
9.249999999999999889e-02
9.519999999999979867e-02
8.990000000000010483e-02
9.180000000000010374e-02
1.032000000000000001e-01
1.064999999999999974e-01
nan
1.212000000000000022e-01
1.030999999999999972e-01
9.919999999999999651e-02
9.189999999999999558e-02
7.520000000000000295e-02
8.119999999999989726e-02
9.579999999999999627e-02
1.105000000000000010e-01
1.310999999999999943e-01
8.659999999999989928e-02
8.320000000000020435e-02
1.005000000000000060e-01
nan
1.050999999999999990e-01
1.019000000000000045e-01
9.979999999999999982e-02
9.719999999999999474e-02
9.650000000000000244e-02
9.779999999999999805e-02
9.520000000000000684e-02
9.390000000000009450e-02
9.319999999999989404e-02
8.520000000000009510e-02
9.850000000000000422e-02
1.064999999999999974e-01
1.350999999999999979e-01
1.464000000000000024e-01
1.032000000000000001e-01
nan
1.170999999999999958e-01
1.165000000000000063e-01
1.244999999999999996e-01
1.476999999999999980e-01
1.117999999999999966e-01
nan
1.184999999999999942e-01
1.038000000000000034e-01
1.111999999999999933e-01
1.210999999999999993e-01
1.285000000000000031e-01
1.570999999999999897e-01
1.071000000000000008e-01
9.389999999999999736e-02
1.125000000000000028e-01
9.909999999999999365e-02
9.520000000000000684e-02
nan
1.743999999999999995e-01
1.078000000000000069e-01
9.320000000000000506e-02
2.799999999999999711e-02
1.484000000000000041e-01
1.117999999999999966e-01
8.790000000000000591e-02
1.310999999999999943e-01
nan
8.580000000000000127e-02
8.859999999999999820e-02
6.850000000000000533e-02
2.842000000000000082e-01
4.200000000000000261e-02
1.218000000000000055e-01
6.450000000000000178e-02
nan
1.005000000000000060e-01
9.719999999999999474e-02
6.660000000000000642e-02
8.250000000000000389e-02
5.589999999999999830e-02
8.190000000000000058e-02
5.519999999999990192e-02
8.649999999999999356e-02
5.460000000000000270e-02
nan
1.204999999999999960e-01
1.137999999999999984e-01
9.710000000000000575e-02
9.790000000000000091e-02
8.319999999999999618e-02
1.210999999999999993e-01
5.460000000000000270e-02
8.520000000000009510e-02
6.060000000000000109e-02
8.450000000000000566e-02
5.790000000000000008e-02
1.212000000000000022e-01
5.850000000000000339e-02
nan
8.989999999999999380e-02
9.650000000000000244e-02
1.338000000000000023e-01
4.859999999999999737e-02
8.509999999999999509e-02
4.800000000000000100e-02
1.010999999999999954e-01
4.799999999999989692e-02
nan
8.649999999999999356e-02
9.719999999999999474e-02
7.320000000000000118e-02
7.720000000000000473e-02
7.190000000000000557e-02
7.520000000000000295e-02
7.459999999999999964e-02
7.649999999999999856e-02
7.530000000000000582e-02
nan
1.058999999999999941e-01
1.044999999999999957e-01
9.979999999999999982e-02
1.005000000000000060e-01
6.529999999999999694e-02
8.849999999999999534e-02
5.850000000000000339e-02
8.720000000000009688e-02
4.929999999999999660e-02
9.049999999999989997e-02
5.790000000000009722e-02
1.305000000000000049e-01
7.449999999999999678e-02
nan
7.190000000000000557e-02
7.060000000000009324e-02
6.649999999999990641e-02
6.119999999999999746e-02
7.259999999999999787e-02
8.250000000000000389e-02
9.520000000000000684e-02
1.338000000000000023e-01
7.789999999999999702e-02
7.249999999999999500e-02
7.990000000000009595e-02
8.119999999999989726e-02
7.519999999999990581e-02
nan
8.649999999999999356e-02
8.390000000000000235e-02
8.319999999999999618e-02
8.250000000000000389e-02
7.320000000000000118e-02
7.320000000000000118e-02
7.520000000000000295e-02
1.032000000000000001e-01
1.270999999999999908e-01
7.530000000000000582e-02
1.164000000000000035e-01
4.599999999999979799e-02
1.030999999999999972e-01
6.189999999999980240e-02
nan
9.589999999999999913e-02
1.338000000000000023e-01
1.030999999999999972e-01
7.190000000000000557e-02
9.990000000000000269e-02
9.110000000000000042e-02
9.790000000000000091e-02
8.520000000000009510e-02
9.049999999999989997e-02
7.990000000000009595e-02
9.719999999999999474e-02
8.519999999999990081e-02
9.180000000000010374e-02
nan
7.130000000000000226e-02
7.249999999999999500e-02
7.119999999999999940e-02
6.990000000000000380e-02
6.859999999999999432e-02
5.990000000000009900e-02
8.319999999999989904e-02
8.179999999999999771e-02
9.320000000000010221e-02
1.764000000000000012e-01
5.260000000000000092e-02
nan
7.589999999999999525e-02
9.049999999999999711e-02
8.379999999999999949e-02
7.860000000000000320e-02
7.449999999999999678e-02
7.520000000000000295e-02
7.529999999999989480e-02
6.850000000000000533e-02
8.260000000000000675e-02
1.024999999999999939e-01
7.780000000000010518e-02
6.660000000000000642e-02
9.520000000000000684e-02
nan
1.044999999999999957e-01
9.850000000000000422e-02
9.320000000000000506e-02
7.589999999999999525e-02
8.849999999999999534e-02
6.460000000000000464e-02
8.190000000000000058e-02
6.450000000000000178e-02
8.920000000000009865e-02
6.060000000000000109e-02
nan
7.119999999999999940e-02
7.119999999999999940e-02
6.990000000000000380e-02
6.990000000000000380e-02
8.179999999999999771e-02
7.190000000000000557e-02
7.190000000000000557e-02
6.719999999999999585e-02
7.660000000000000142e-02
6.919999999999990048e-02
7.459999999999999964e-02
6.919999999999999762e-02
2.416000000000000092e-01
6.790000000000009917e-02
8.519999999999990081e-02
7.189999999999989455e-02
nan
1.117999999999999966e-01
1.125000000000000028e-01
7.320000000000000118e-02
7.989999999999999880e-02
8.320000000000009333e-02
8.590000000000000413e-02
6.389999999999999847e-02
9.120000000000010043e-02
6.719999999999989870e-02
8.180000000000009486e-02
6.929999999999990334e-02
9.180000000000000659e-02
6.530000000000009408e-02
9.310000000000000220e-02
7.519999999999990581e-02
1.019000000000000045e-01
6.919999999999990048e-02
nan
6.990000000000000380e-02
6.859999999999999432e-02
6.650000000000000355e-02
6.320000000000000617e-02
6.660000000000000642e-02
5.589999999999990116e-02
6.790000000000009917e-02
7.520000000000000295e-02
6.460000000000000464e-02
7.049999999999999323e-02
6.129999999999990318e-02
8.519999999999990081e-02
7.649999999999999856e-02
nan
8.390000000000000235e-02
8.319999999999999618e-02
8.050000000000000211e-02
7.519999999999990581e-02
8.590000000000010127e-02
8.719999999999990259e-02
1.117999999999999966e-01
7.850000000000000033e-02
nan
1.250999999999999890e-01
1.044999999999999957e-01
9.650000000000000244e-02
9.389999999999999736e-02
8.179999999999990057e-02
8.190000000000009772e-02
7.319999999999990403e-02
7.190000000000010272e-02
6.660000000000000642e-02
6.790000000000000202e-02
6.590000000000000024e-02
6.850000000000000533e-02
6.330000000000010618e-02
7.319999999999990403e-02
7.850000000000000033e-02
1.078000000000000069e-01
5.990000000000009900e-02
nan
6.990000000000000380e-02
6.389999999999999847e-02
7.119999999999999940e-02
7.059999999999999609e-02
8.450000000000000566e-02
5.859999999999999931e-02
6.790000000000009917e-02
6.189999999999999669e-02
7.850000000000000033e-02
5.390000000000010061e-02
8.319999999999989904e-02
6.190000000000010077e-02
nan
9.180000000000000659e-02
7.920000000000000651e-02
6.919999999999999762e-02
7.789999999999999702e-02
7.589999999999999525e-02
7.190000000000000557e-02
6.390000000000009561e-02
6.850000000000000533e-02
5.929999999999999855e-02
7.649999999999999856e-02
5.929999999999990140e-02
nan
8.580000000000000127e-02
7.860000000000000320e-02
7.049999999999999323e-02
7.119999999999999940e-02
6.859999999999999432e-02
7.049999999999999323e-02
6.729999999999999871e-02
6.590000000000000024e-02
6.719999999999999585e-02
6.319999999999989515e-02
6.660000000000010356e-02
7.119999999999990226e-02
8.390000000000000235e-02
7.050000000000010425e-02
6.729999999999990157e-02
5.990000000000009900e-02
7.979999999999989879e-02
5.460000000000000270e-02
nan
6.130000000000000032e-02
6.250000000000000000e-02
6.460000000000010179e-02
6.719999999999989870e-02
6.390000000000009561e-02
6.719999999999989870e-02
6.990000000000010094e-02
6.919999999999990048e-02
6.660000000000000642e-02
7.519999999999990581e-02
7.990000000000009595e-02
8.050000000000000211e-02
8.459999999999999465e-02
6.980000000000009808e-02
6.989999999999990665e-02
5.859999999999999931e-02
nan
7.130000000000000226e-02
1.137999999999999984e-01
1.270999999999999908e-01
4.329999999999999821e-02
5.850000000000000339e-02
5.000000000000000278e-02
5.790000000000000008e-02
5.120000000000000245e-02
5.990000000000000185e-02
5.189999999999989760e-02
5.860000000000010340e-02
5.129999999999990123e-02
6.190000000000010077e-02
5.189999999999989760e-02
1.005000000000000060e-01
5.319999999999990015e-02
6.130000000000009747e-02
5.190000000000009883e-02
6.519999999999989693e-02
5.659999999999999754e-02
6.660000000000000642e-02
6.719999999999989870e-02
nan
6.990000000000000380e-02
6.650000000000000355e-02
6.329999999999999516e-02
6.189999999999999669e-02
5.790000000000000008e-02
5.460000000000000270e-02
5.720000000000000084e-02
5.390000000000000346e-02
5.530000000000000193e-02
4.850000000000000144e-02
5.460000000000000270e-02
4.859999999999999737e-02
5.129999999999999838e-02
5.720000000000000084e-02
4.259999999999999898e-02
6.119999999999999746e-02
4.929999999999999660e-02
nan
5.929999999999999855e-02
5.990000000000000185e-02
5.589999999999999830e-02
6.189999999999999669e-02
5.460000000000000270e-02
5.790000000000000008e-02
5.120000000000000245e-02
1.165000000000000063e-01
5.519999999999999907e-02
1.019000000000000045e-01
5.790000000000000008e-02
nan
7.320000000000000118e-02
7.459999999999999964e-02
6.389999999999999847e-02
8.649999999999999356e-02
6.650000000000000355e-02
5.859999999999999931e-02
6.260000000000000286e-02
7.190000000000000557e-02
4.859999999999999737e-02
7.119999999999999940e-02
4.460000000000000075e-02
7.389999999999999347e-02
4.250000000000010020e-02
7.929999999999989835e-02
4.320000000000000229e-02
nan
6.790000000000000202e-02
6.660000000000000642e-02
6.189999999999999669e-02
6.389999999999999847e-02
6.320000000000000617e-02
6.060000000000000109e-02
6.119999999999999746e-02
5.059999999999999915e-02
7.059999999999999609e-02
6.919999999999999762e-02
5.460000000000000270e-02
5.850000000000000339e-02
4.929999999999999660e-02
6.319999999999989515e-02
5.530000000000000193e-02
5.319999999999999729e-02
5.589999999999990116e-02
6.060000000000000109e-02
nan
7.259999999999999787e-02
7.119999999999999940e-02
6.389999999999999847e-02
6.389999999999999847e-02
6.260000000000000286e-02
5.990000000000000185e-02
5.850000000000000339e-02
6.060000000000000109e-02
6.189999999999999669e-02
7.590000000000010627e-02
5.990000000000000185e-02
5.859999999999999931e-02
4.860000000000010145e-02
nan
8.450000000000000566e-02
8.190000000000000058e-02
7.989999999999999880e-02
8.050000000000000211e-02
6.859999999999999432e-02
7.389999999999999347e-02
6.990000000000010094e-02
6.980000000000000093e-02
6.590000000000000024e-02
6.859999999999999432e-02
7.920000000000000651e-02
6.660000000000000642e-02
6.119999999999999746e-02
6.260000000000000286e-02
6.519999999999989693e-02
5.920000000000009976e-02
6.859999999999999432e-02
5.719999999999989676e-02
nan
5.530000000000000193e-02
6.119999999999999746e-02
6.189999999999999669e-02
6.130000000000000032e-02
6.049999999999999822e-02
5.390000000000000346e-02
5.859999999999999931e-02
6.189999999999999669e-02
6.130000000000000032e-02
5.050000000000000322e-02
5.790000000000000008e-02
5.260000000000000092e-02
5.460000000000009984e-02
8.390000000000000235e-02
5.990000000000000185e-02
6.250000000000000000e-02
7.190000000000000557e-02
nan
6.590000000000000024e-02
6.260000000000000286e-02
6.119999999999999746e-02
6.060000000000000109e-02
5.790000000000000008e-02
6.049999999999999822e-02
6.130000000000000032e-02
5.859999999999999931e-02
5.120000000000000245e-02
5.460000000000000270e-02
5.920000000000000262e-02
4.200000000000000261e-02
5.650000000000000161e-02
4.660000000000000253e-02
9.049999999999999711e-02
4.259999999999999898e-02
nan
6.389999999999999847e-02
5.990000000000000185e-02
6.189999999999999669e-02
6.060000000000000109e-02
6.189999999999999669e-02
6.250000000000000000e-02
6.859999999999999432e-02
8.920000000000000151e-02
6.389999999999999847e-02
6.260000000000000286e-02
5.390000000000010061e-02
nan
