2.447869999999998658e-01
2.355769999999999254e-01
2.323600000000001220e-01
2.323300000000001475e-01
2.328049999999999287e-01
5.028000000000001357e-01
1.433159999999999989e-01
1.477389999999996206e-01
1.665400000000003544e-01
4.747839999999992067e-01
4.488620000000009824e-01
9.461629999999994212e-01
2.409400000000001540e-01
2.075990000000000890e-01
2.289149999999997576e-01
1.991380000000004813e-01
2.369769999999995491e-01
4.577399999999993696e-01
2.175780000000013814e-01
2.083609999999991302e-01
4.627799999999995251e-01
4.347400000000005704e-01
4.228480000000001127e-01
2.001259999999991379e-01
6.924880000000008806e-01
4.523149999999986903e-01
4.331410000000008864e-01
2.161960000000000548e-01
2.227630000000004884e-01
3.641969999999989938e-01
8.500700000000094292e-02
9.128999999999898307e-02
1.224120000000024078e-01
2.360619999999986618e-01
2.330539999999992062e-01
2.052279999999999660e-01
4.313110000000008881e-01
8.991599999999984050e-01
4.319520000000025561e-01
2.245039999999995928e-01
2.140069999999987260e-01
4.500580000000020675e-01
2.107719999999986271e-01
6.519440000000003010e-01
2.161049999999988813e-01
6.809499999999992781e-01
4.320550000000018542e-01
2.748529999999966833e-01
3.013810000000027856e-01
2.875620000000012055e-01
8.732539999999993086e-01
6.928739999999997679e-01
6.368359999999988474e-01
2.107500000000008811e-01
2.311820000000004427e-01
4.419170000000001153e-01
4.509340000000001680e-01
2.200530000000000541e-01
2.177449999999971908e-01
1.968330000000015900e-01
2.252820000000035350e-01
4.372599999999948750e-01
2.202300000000043667e-01
5.446079999999966503e-01
9.002800000000021896e-02
1.034199999999998454e-01
1.210759999999986292e-01
2.211280000000037660e-01
4.396120000000003358e-01
4.474149999999994520e-01
2.323959999999978265e-01
2.167540000000016676e-01
4.300540000000019347e-01
4.378010000000003288e-01
2.115439999999999543e-01
2.264609999999969148e-01
2.441659999999998831e-01
2.937160000000034188e-01
3.043339999999936651e-01
6.077340000000042153e-01
2.425219999999974618e-01
2.204160000000037201e-01
2.306589999999957286e-01
2.202070000000020400e-01
2.145569999999992206e-01
6.359599999999971942e-01
2.332130000000027792e-01
3.991360000000021557e-01
2.073279999999968481e-01
4.733030000000049142e-01
4.189809999999987156e-01
2.243389999999969575e-01
2.095939999999956171e-01
2.211100000000101318e-01
2.107129999999983738e-01
2.315459999999944785e-01
2.078100000000020486e-01
2.128420000000019741e-01
2.024119999999953734e-01
2.196420000000003370e-01
2.165040000000075793e-01
2.053109999999946922e-01
2.058849999999949887e-01
2.301280000000076598e-01
2.157589999999984798e-01
2.122759999999956904e-01
2.126690000000053260e-01
2.161999999999935085e-01
2.148460000000085302e-01
2.190579999999968663e-01
2.083289999999990982e-01
2.184069999999991296e-01
2.213089999999979796e-01
2.124129999999979646e-01
2.139180000000067139e-01
2.257469999999983656e-01
2.071860000000000923e-01
2.226750000000023988e-01
1.994579999999999131e-01
2.286979999999942947e-01
2.385629999999991924e-01
3.973960000000076320e-01
2.227180000000004156e-01
2.243489999999965789e-01
2.211569999999980496e-01
2.021210000000053242e-01
2.249940000000023588e-01
4.317869999999928154e-01
2.230249999999998067e-01
2.103000000000037062e-01
4.241299999999981196e-01
1.038429999999976872e-01
8.932599999999979445e-02
2.400430000000000064e-01
2.078010000000034552e-01
2.020539999999968472e-01
4.627180000000024052e-01
2.158579999999972188e-01
2.255540000000024747e-01
4.339889999999968495e-01
6.315210000000064383e-01
2.266519999999943025e-01
3.963830000000001519e-01
2.126590000000021519e-01
6.606650000000016121e-01
2.177360000000021500e-01
2.147000000000005571e-01
2.177239999999969200e-01
2.158850000000001046e-01
2.103639999999984411e-01
2.269000000000005457e-01
2.131849999999957390e-01
2.113160000000036121e-01
2.158859999999975798e-01
2.306950000000043133e-01
2.063459999999963657e-01
2.217810000000000059e-01
1.947860000000005698e-01
2.278269999999977813e-01
2.113550000000046225e-01
2.071009999999944284e-01
1.996450000000038472e-01
2.257160000000055788e-01
2.069159999999925503e-01
2.229650000000020782e-01
2.022639999999995553e-01
2.290440000000018017e-01
4.301499999999975898e-01
2.175480000000007408e-01
2.246079999999963661e-01
2.077780000000046812e-01
2.186969999999988090e-01
2.064090000000007308e-01
2.309599999999960573e-01
2.182930000000098403e-01
2.069269999999931997e-01
2.048360000000073455e-01
2.217939999999885003e-01
2.124910000000070909e-01
2.185719999999946594e-01
2.036140000000017380e-01
2.241069999999965034e-01
4.236450000000075988e-01
2.253989999999959082e-01
2.269490000000047303e-01
2.095119999999965898e-01
1.505790000000004625e-01
1.346100000000021168e-01
1.403490000000005011e-01
1.389909999999972001e-01
1.290089999999963766e-01
1.696300000000050545e-01
4.497059999999990509e-01
2.152530000000041355e-01
1.997079999999940014e-01
2.171229999999937377e-01
2.249220000000136110e-01
2.084079999999914889e-01
4.377010000000041146e-01
2.144430000000028258e-01
2.208549999999931401e-01
2.236079999999986967e-01
1.993900000000010664e-01
4.500370000000017967e-01
2.276869999999959759e-01
1.782120000000020354e-01
2.246050000000039404e-01
4.167010000000033187e-01
2.426630000000002951e-01
1.972170000000019741e-01
2.254259999999916886e-01
4.507310000000046557e-01
2.117509999999995784e-01
2.203260000000000218e-01
2.024140000000045347e-01
2.159349999999946590e-01
2.049479999999945790e-01
2.166290000000046234e-01
2.879870000000011032e-01
2.924209999999973775e-01
2.764310000000023138e-01
2.942409999999924253e-01
3.500070000000121695e-01
2.320199999999914553e-01
6.228589999999911697e-01
2.218570000000141818e-01
4.336429999999893425e-01
2.151920000000018263e-01
2.259510000000091168e-01
4.276479999999907022e-01
4.252150000000085583e-01
2.252249999999946795e-01
2.073639999999983274e-01
2.020780000000144128e-01
2.284449999999935699e-01
2.238599999999877355e-01
4.254450000000105092e-01
2.334579999999988331e-01
4.402419999999978018e-01
1.900750000000073214e-01
2.205069999999977881e-01
1.948831999999995901e+00
6.364220000000102573e-01
6.381859999999903721e-01
4.056879999999978281e-01
8.795499999999378815e-02
7.741600000001369608e-02
1.419609999999948968e-01
1.488739999999921793e-01
1.468509999999980664e-01
1.420310000000171158e-01
7.571799999999484498e-02
2.039469999999994343e-01
1.423079999999998790e-01
1.361380000000025348e-01
8.132600000000422824e-02
1.402459999999905449e-01
1.367430000000098289e-01
1.416019999999917900e-01
2.351269999999914262e-01
2.380110000000001946e-01
6.349920000000111031e-01
1.657519999999976790e-01
2.266910000000024183e-01
6.004879999999985785e-01
2.418260000000032051e-01
2.906739999999956581e-01
3.148029999999977235e-01
3.058690000000012787e-01
4.391420000000039181e-01
2.046789999999987231e-01
8.671969999999902257e-01
2.317300000000130922e-01
4.146559999999936963e-01
2.194500000000090267e-01
6.385599999999982401e-01
2.156039999999848078e-01
2.152670000000114214e-01
4.210180000000036671e-01
2.257230000000021164e-01
2.363259999999911543e-01
4.493659999999977117e-01
1.639570000000105665e-01
2.382249999999999091e-01
6.617469999999912034e-01
2.314700000000016189e-01
3.110420000000004848e-01
1.134810000000072705e-01
2.216459999999926822e-01
2.187930000000051223e-01
4.296039999999976544e-01
2.145419999999944594e-01
4.078489999999987958e-01
2.086809999999985621e-01
1.987730000000027530e-01
2.546719999999993433e-01
2.578110000000037871e-01
2.169049999999970169e-01
2.002110000000101309e-01
2.301359999999874617e-01
2.448169999999976199e-01
1.555770000000080699e-01
1.440640000000001919e-01
1.466649999999987131e-01
1.492849999999918964e-01
1.392520000000132541e-01
1.484519999999918127e-01
4.224490000000002965e-01
2.310290000000065902e-01
2.190499999999957481e-01
2.217449999999985266e-01
1.907780000000087739e-01
2.227409999999991896e-01
6.642569999999921038e-01
2.266839999999916699e-01
2.301330000000092468e-01
2.274409999999988941e-01
1.985430000000008022e-01
2.394869999999968968e-01
6.709280000000035216e-01
2.300720000000069376e-01
4.313209999999969568e-01
4.478309999999936508e-01
4.602320000000048594e-01
2.154109999999889169e-01
2.190100000000114733e-01
1.934820000000030404e-01
2.308949999999896363e-01
1.912119999999930542e-01
2.393400000000127648e-01
4.513649999999955753e-01
2.135290000000082955e-01
2.184949999999901138e-01
4.459440000000114424e-01
2.169329999999973779e-01
4.646240000000005921e-01
4.342280000000044993e-01
2.404879999999991469e-01
2.149399999999985766e-01
2.090199999999953206e-01
2.091959999999914999e-01
2.408180000000044174e-01
2.110520000000093432e-01
2.152990000000016835e-01
2.164359999999874162e-01
2.355299999999971305e-01
2.133730000000042537e-01
2.195730000000111204e-01
2.156559999999814181e-01
2.298980000000057089e-01
2.171600000000069031e-01
4.166230000000012978e-01
2.343529999999987012e-01
2.157259999999894262e-01
2.261770000000069558e-01
2.070789999999931297e-01
2.258380000000101973e-01
2.155520000000024083e-01
2.167789999999882866e-01
2.249139999999982820e-01
2.363670000000013260e-01
2.098230000000000928e-01
2.207050000000094769e-01
2.031400000000047612e-01
2.370449999999948432e-01
2.189780000000070004e-01
2.235819999999932861e-01
2.103579999999993788e-01
2.236790000000041800e-01
2.215779999999796246e-01
2.219810000000137507e-01
1.944939999999917291e-01
2.313039999999944030e-01
2.254200000000281534e-01
2.164829999999824395e-01
2.189259999999961792e-01
2.208880000000164046e-01
2.323699999999888632e-01
2.457879999999903475e-01
1.211510000000117770e-01
7.533800000000212549e-02
2.254859999999894171e-01
2.173820000000006303e-01
2.112240000000014106e-01
2.108330000000080418e-01
2.219599999999957163e-01
2.306499999999971351e-01
2.234720000000010032e-01
4.537180000000091695e-01
4.629139999999836164e-01
2.158000000000015461e-01
2.359189999999955489e-01
2.009670000000198797e-01
2.006849999999928968e-01
2.129700000000127602e-01
2.221859999999793445e-01
2.212330000000122254e-01
4.285500000000013188e-01
2.319770000000005439e-01
2.168409999999880711e-01
2.328449999999975262e-01
2.039040000000085229e-01
2.240479999999962502e-01
4.445010000000024775e-01
2.166860000000099262e-01
2.363229999999987285e-01
2.407019999999988613e-01
1.521000000000043428e-01
1.398629999999911888e-01
1.541540000000054533e-01
1.450749999999914053e-01
1.180189999999896600e-01
1.591850000000221144e-01
4.297889999999853217e-01
2.300209999999935917e-01
2.198400000000191312e-01
2.330539999999956535e-01
4.170510000000007267e-01
6.438270000000017035e-01
2.506520000000023174e-01
4.174269999999893344e-01
4.408420000000035088e-01
4.168000000000091632e-01
2.290919999999943002e-01
4.519070000000056098e-01
1.951439999999848851e-01
2.127050000000139107e-01
2.371619999999836637e-01
4.354550000000045884e-01
2.095529999999996562e-01
2.461219999999997299e-01
2.432050000000032242e-01
2.897389999999973043e-01
2.991580000000055861e-01
2.975239999999956808e-01
3.027759999999943830e-01
3.079020000000127766e-01
2.749069999999989022e-01
5.991089999999843485e-01
4.253930000000138989e-01
2.200649999999910733e-01
2.304780000000050677e-01
2.203840000000099053e-01
2.246489999999994325e-01
4.418659999999903221e-01
4.494499999999987949e-01
2.090810000000118407e-01
2.191849999999817555e-01
1.974310000000087939e-01
2.349949999999978445e-01
1.992350000000016053e-01
2.294570000000106802e-01
4.317549999999812371e-01
2.267259999999993170e-01
2.377469999999988204e-01
2.074930000000136943e-01
2.377539999999953579e-01
4.285169999999993706e-01
4.085980000000120071e-01
1.064959999999928186e-01
2.456169999999815445e-01
1.008371000000011009e+00
6.579450000000122145e-01
2.293839999999818247e-01
3.954900000000236560e-01
2.325969999999983884e-01
6.508330000000057680e-01
2.524839999999812790e-01
1.892700000000218097e-01
2.244230000000015934e-01
2.292839999999785050e-01
4.371510000000000673e-01
6.713359999999966021e-01
2.368589999999812790e-01
6.338720000000250820e-01
2.273590000000069722e-01
1.980893999999977950e+00
7.031410000000164473e-01
6.372159999999951197e-01
2.291400000000010095e-01
1.498720000000162145e-01
1.404349999999681131e-01
8.141500000002110937e-02
1.440939999999955035e-01
7.515300000000024738e-02
1.418740000000013879e-01
1.466360000000008768e-01
1.510559999999827596e-01
8.080100000000811633e-02
1.507200000000068485e-01
1.456909999999993488e-01
1.486530000000243490e-01
7.488799999998718704e-02
7.687399999997523992e-02
1.507360000000232958e-01
1.479449999999928878e-01
1.477730000000008204e-01
1.465849999999875308e-01
1.523809999999912179e-01
2.201550000000054297e-01
1.462340000000210694e-01
7.918999999998277417e-02
1.511959999999987758e-01
1.552210000000115997e-01
2.151020000000016807e-01
1.613249999999766260e-01
1.397249999999985448e-01
3.200600000000122236e-01
3.075210000000083710e-01
3.161259999999970205e-01
3.391009999999994307e-01
2.975199999999915690e-01
2.508939999999881820e-01
2.068600000000344608e-01
2.234799999999950160e-01
1.906379999999785468e-01
4.560880000000224754e-01
2.163020000000130949e-01
2.265039999999771680e-01
2.573580000000106338e-01
1.750789999999824431e-01
2.260760000000061609e-01
2.368989999999939755e-01
4.449529999999981555e-01
2.126010000000064792e-01
6.563210200000000327e+01
2.177029999999717802e-01
6.697180000000173550e-01
4.242189999999936845e-01
2.165470000000482287e-01
2.211539999999843076e-01
4.503099999999733427e-01
6.369459999999946831e-01
2.213820000000339405e-01
4.188049999999634565e-01
2.295520000000124128e-01
2.322850000000187265e-01
2.155399999999758620e-01
2.084150000000022374e-01
2.145530000000235304e-01
2.262649999999837291e-01
2.129810000000134096e-01
2.292219999999645097e-01
1.924560000000212767e-01
2.407240000000001601e-01
4.361399999999946431e-01
2.139890000000264081e-01
2.222639999999955762e-01
2.069979999999986831e-01
2.224289999999768952e-01
2.158900000000301134e-01
2.234770000000025902e-01
2.229349999999499232e-01
2.090910000000292257e-01
2.124499999999898137e-01
2.273500000000012733e-01
2.144740000000240343e-01
2.197239999999851534e-01
2.017270000000053187e-01
2.419079999999951269e-01
2.239720000000318123e-01
1.937529999999583197e-01
2.291410000000269065e-01
2.375549999999861939e-01
4.361919999999770425e-01
4.376950000000192631e-01
4.123580000000117707e-01
2.307239999999808333e-01
2.121080000000006294e-01
2.143790000000080909e-01
2.171370000000081291e-01
2.080369999999618358e-01
2.391000000000076398e-01
2.431930000000193104e-01
1.698790000000087730e-01
2.348509999999635056e-01
2.110150000000317050e-01
2.352009999999893353e-01
2.522780000000182099e-01
1.044880000000034670e-01
9.583100000000399632e-02
2.174039999999877182e-01
2.226659999999753836e-01
1.896900000000414366e-01
4.216539999999611155e-01
2.451580000000035398e-01
2.325630000000273867e-01
4.340440000000000964e-01
4.032569999999964239e-01
2.262870000000134496e-01
2.234649999999760439e-01
3.905790000000024520e-01
1.349699999999813826e-01
1.373910000000080345e-01
1.392450000000167165e-01
1.364609999999970569e-01
1.482419999999819993e-01
4.470080000000109521e-01
2.264930000000049404e-01
2.528130000000032851e-01
1.489359999999919637e-01
1.303910000000030323e-01
1.462790000000211421e-01
1.336759999999515003e-01
1.434860000000526270e-01
1.548449999999661486e-01
4.335620000000233176e-01
2.302620000000104028e-01
4.067619999999578795e-01
4.245210000000270156e-01
4.550210000000163291e-01
1.292319999999961055e+00
2.276370000000156324e-01
1.943839999999852353e-01
2.133200000000101682e-01
2.371239999999943393e-01
8.527349999999955799e-01
2.451250000000015916e-01
2.059649999999919601e-01
1.326053000000030124e+00
6.323199999999644660e-01
2.353820000000439450e-01
4.266209999999830416e-01
2.130170000000077835e-01
2.168039999999962220e-01
2.413279999999815573e-01
4.144950000000164891e-01
2.181390000000078544e-01
2.184249999999963165e-01
2.336229999999943630e-01
2.022770000000093660e-01
2.382399999999904594e-01
2.258350000000177715e-01
1.814009999999655065e-01
2.380840000000432610e-01
2.384549999999592274e-01
1.862350000000105865e-01
2.303710000000194213e-01
4.214089999999828251e-01
4.323260000000175296e-01
2.145619999999723859e-01
4.389349999999865304e-01
2.034080000000244581e-01
2.011709999999879983e-01
2.432780000000320797e-01
4.427959999999870888e-01
2.270169999999893662e-01
2.312159999999892079e-01
4.108329999999966731e-01
2.110110000000418040e-01
2.299089999999637257e-01
2.441020000000264645e-01
1.368410000000039872e-01
2.488439999999911834e-01
6.869399999999927786e-01
4.342949999999632382e-01
6.235860000000457148e-01
2.398850000000152249e-01
4.151459999999929096e-01
2.080989999999758311e-01
2.245369999999979882e-01
2.130910000000199034e-01
2.007380000000011933e-01
2.213939999999752217e-01
6.994009999999946103e-01
4.250059999999962201e-01
6.428450000000225373e-01
2.379620000000102209e-01
4.022980000000018208e-01
4.512489999999615975e-01
4.441800000000171167e-01
1.099790000000098189e-01
1.076869999999985339e-01
2.199899999999956890e-01
2.259369999999876200e-01
2.387160000000108084e-01
2.219069999999874199e-01
2.210590000000252076e-01
6.377799999999638203e-01
2.190270000000396067e-01
3.161929999999983920e-01
1.057299999999941065e-01
4.609149999999999636e-01
4.407090000000266627e-01
2.254029999999715983e-01
2.197160000000053515e-01
1.932239999999865177e-01
2.266759999999976571e-01
4.176279999999792381e-01
6.449109999999791398e-01
2.335830000000100881e-01
4.117030000000454493e-01
2.179879999999911888e-01
2.399680000000330438e-01
4.066659999999728825e-01
4.394219999999791071e-01
2.400910000000067157e-01
2.064900000000307045e-01
4.316719999999918400e-01
4.435519999999542051e-01
2.176080000000411019e-01
2.416989999999827887e-01
4.062069999999948777e-01
2.237799999999765532e-01
2.117860000000746368e-01
6.547469999999293577e-01
2.169750000000476575e-01
2.251609999999573120e-01
2.219940000000519831e-01
2.127669999999852735e-01
2.195069999999645916e-01
6.655770000000416076e-01
2.202629999999885513e-01
2.392469999999775609e-01
1.390390000000252257e-01
1.147639999999796601e-01
1.155390000000124928e-01
2.393830000000320979e-01
4.768679999999676511e-01
2.179710000000341097e-01
2.208449999999402280e-01
2.154419999999959145e-01
2.325850000000286855e-01
2.215180000000032123e-01
1.981979999999907704e-01
6.613830000000007203e-01
2.156370000000151776e-01
4.322300000000041109e-01
2.138059999999768479e-01
8.681770000000028631e-01
2.185509999999908359e-01
2.166830000000459222e-01
2.303269999999884021e-01
4.445019999999999527e-01
6.568419999999832726e-01
2.187480000000050495e-01
4.729689999999777683e-01
8.436100000000124055e-02
1.049100000000180444e-01
2.255180000000223117e-01
2.245229999999764914e-01
2.026700000000118962e-01
2.126609999999686806e-01
2.162210000000186483e-01
2.388219999999705578e-01
2.214099999999916690e-01
4.264190000000098735e-01
6.902210000000081891e-01
2.193690000000287910e-01
2.260259999999902902e-01
1.945149999999671309e-01
4.450950000000375439e-01
2.645199999999476859e-01
1.601550000000315777e-01
2.305650000000127875e-01
2.195340000000101099e-01
2.087709999999560750e-01
4.500480000000379732e-01
2.388230000000248765e-01
4.471009999999751017e-01
2.084529999999631400e-01
2.148880000000303880e-01
4.346239999999852444e-01
2.117959999999925458e-01
