2.314040000000012753e-01
1.217004000000002861e+00
2.976007999999996656e+00
2.444829999999988956e-01
2.926318999999999448e+00
1.179041000000001560e+00
2.515170000000033212e-01
4.130070999999997383e+00
2.384549999999983072e-01
2.891254999999997466e+00
1.242399000000006026e+00
2.417139999999946554e-01
2.854122000000003823e+00
1.192014000000000351e+00
2.442109999999999559e-01
4.281534000000000617e+00
4.098815000000001874e+00
2.394589999999965357e-01
4.294077000000001476e+00
7.102970999999996593e+00
2.550030000000020891e-01
3.120750000000001023e-01
3.751690000000067471e-01
1.487079999999920688e-01
2.506540000000043733e-01
3.931559999999976185e-01
1.363820000000046662e-01
2.654999999999958504e-01
1.369100000000003092e-01
3.944030000000040559e-01
3.993269999999924380e-01
2.653570000000016194e-01
1.091620000000048663e-01
1.406289999999970064e-01
1.707549999999926627e-01
2.438560000000080663e-01
2.752599999999958413e-01
2.279020000000073765e-01
2.848569999999952529e-01
1.291729999999944312e-01
1.186210000000116338e-01
1.423079999999927736e-01
2.550850000000011164e-01
1.773170000000021673e-01
2.335269999999951551e-01
2.209360000000089030e-01
1.451619999999991251e-01
1.380769999999955644e-01
1.207789999999988595e-01
1.277070000000009031e-01
2.664350000000013097e-01
1.232940000000013470e-01
2.588069999999902393e-01
2.385680000000149903e-01
2.697289999999838983e-01
1.712270000000017944e-01
9.853100000000836189e-02
1.224880000000041491e-01
1.183630000000022164e-01
2.738089999999999691e-01
1.780499999999989313e-01
3.554879999999940310e-01
2.689359999999965112e-01
1.883020000000072969e-01
8.407599999999604279e-02
2.276049999999969486e-01
2.639659999999963702e-01
3.887270000000029313e-01
2.509009999999989304e-01
2.953770000000019991e-01
1.045429999999925030e-01
1.275580000000076097e-01
1.227889999999973725e-01
1.411690000000049849e-01
6.225220000000035725e-01
1.399229999999960228e-01
4.023760000000038417e-01
1.330479999999880647e-01
1.361750000000085947e-01
2.615479999999905658e-01
1.234120000000160644e-01
1.431120000000021264e-01
2.646569999999854872e-01
1.164310000000057244e-01
4.050809999999955835e-01
1.251810000000119771e-01
1.462429999999841357e-01
2.457140000000066493e-01
1.210779999999971324e-01
1.475140000000010332e-01
2.438100000000105183e-01
1.451519999999959509e-01
2.887439999999941165e-01
3.778889999999961447e-01
2.663940000000053487e-01
1.382849999999962165e-01
5.188330000000007658e-01
5.398840000000006967e-01
1.472810000000066566e-01
2.330309999999968795e-01
1.096989999999919974e-01
1.508970000000147138e-01
1.594549999999941292e-01
2.416119999999892798e-01
1.393890000000084228e-01
1.350240000000013652e-01
2.408920000000023265e-01
2.947449999999918191e-01
1.319179999999988695e-01
1.083840000000009240e-01
1.500930000000124664e-01
2.322419999999851825e-01
1.600220000000120990e-01
1.068039999999967904e-01
1.264999999999929514e-01
1.407729999999958181e-01
1.322690000000079635e-01
1.326080000000047221e-01
1.242440000000044620e-01
1.184249999999877900e-01
1.309289999999947440e-01
6.589530000000110022e-01
2.489080000000001291e-01
1.247559999999907632e-01
1.558400000000119690e-01
2.186149999999997817e-01
1.546570000000002665e-01
5.117759999999975662e-01
2.926680000000061455e-01
1.201859999999896900e-01
1.288179999999954362e-01
1.402660000000111040e-01
1.313459999999935235e-01
2.340360000000032414e-01
1.399749999999926331e-01
1.374070000000102709e-01
2.683009999999939055e-01
1.216699999999946158e-01
1.250100000000031741e-01
1.297090000000054033e-01
1.402789999999924930e-01
2.471700000000112141e-01
4.082239999999899283e-01
3.586040000000139116e-01
5.853409999999854563e-01
2.603760000000079344e-01
5.427729999999968413e-01
2.226399999999983947e-01
1.541390000000006921e-01
2.535949999999900228e-01
2.577860000000242735e-01
2.646579999999829624e-01
1.409710000000075070e-01
1.416590000000041982e-01
1.275449999999977990e-01
1.116229999999944766e-01
4.071289999999976317e-01
2.198180000000036216e-01
1.751580000000103610e-01
1.207339999999845759e-01
1.115360000000009677e-01
1.279719999999997526e-01
1.560479999999984102e-01
2.138240000000166674e-01
1.641879999999957818e-01
1.457249999999987722e-01
1.369799999999941065e-01
1.739259999999944739e-01
3.755390000000033979e-01
2.351239999999990005e-01
1.488939999999985275e-01
9.239150000000080354e-01
2.703899999999919146e-01
2.605390000000085138e-01
2.818309999999968340e-01
2.376610000000027867e-01
1.390609999999981028e-01
1.664140000000031705e-01
2.348350000000039017e-01
3.606819999999828497e-01
1.872970000000009350e-01
2.515720000000101209e-01
2.283000000000043883e-01
3.005369999999913944e-01
2.496610000000032414e-01
1.273429999999962092e-01
1.557279999999963138e-01
9.754800000000329874e-02
1.651710000000008449e-01
2.725020000000029086e-01
1.494840000000010605e-01
8.491500000000939963e-02
2.992909999999824322e-01
2.123940000000033024e-01
1.472210000000018226e-01
3.938210000000026412e-01
4.081110000000052196e-01
4.083639999999917336e-01
2.460230000000080963e-01
1.051649999999852980e-01
2.659620000000018081e-01
1.255530000000106838e-01
1.397489999999947941e-01
1.538800000000009049e-01
2.465459999999950469e-01
1.351499999999958845e-01
1.580180000000126483e-01
2.301179999999902748e-01
1.575270000000017490e-01
8.114100000000235013e-02
1.685400000000072396e-01
2.747320000000001983e-01
3.459329999999880556e-01
3.199430000000091923e-01
2.704449999999951615e-01
1.238179999999999836e-01
2.378410000000030777e-01
1.870069999999941501e-01
3.534570000000059053e-01
1.375060000000019045e-01
1.368579999999894881e-01
1.474570000000028358e-01
2.382790000000056807e-01
3.151039999999909469e-01
2.002780000000115024e-01
1.650429999999971642e-01
2.335500000000081400e-01
2.752059999999829643e-01
2.565859999999986485e-01
1.508460000000155787e-01
2.588019999999886522e-01
2.303810000000083846e-01
2.905259999999998399e-01
2.287069999999999936e-01
1.410690000000016653e-01
2.402080000000097471e-01
1.267859999999814136e-01
1.412239999999940210e-01
1.649640000000260898e-01
1.820499999999896090e-01
1.766259999999988395e-01
1.741589999999888505e-01
2.015830000000136124e-01
1.554759999999930642e-01
1.785879999999906431e-01
2.000760000000099126e-01
1.365270000000009532e-01
2.049289999999928114e-01
9.132900000001598073e-02
1.162119999999760012e-01
2.730020000000052960e-01
2.769710000000031869e-01
2.471370000000092659e-01
2.364879999999800475e-01
1.697080000000141808e-01
1.281500000000050932e-01
1.220449999999857482e-01
1.089010000000030232e-01
1.350759999999979755e-01
1.456260000000071386e-01
1.127160000000060336e-01
1.247240000000005011e-01
1.385980000000017753e-01
2.368969999999990250e-01
1.418259999999946785e-01
3.088639999999998054e-01
9.500599999999792544e-02
1.164600000000177715e-01
1.537129999999820029e-01
1.544219999999967285e-01
1.138770000000022264e-01
1.034020000000026585e-01
1.361449999999990723e-01
2.540259999999960883e-01
1.518570000000067921e-01
1.284320000000036543e-01
2.368829999999917391e-01
1.370040000000045666e-01
3.146919999999937545e-01
2.172170000000051004e-01
1.484079999999892152e-01
2.561330000000054952e-01
1.305630000000093105e-01
1.269500000000078899e-01
2.469289999999801921e-01
1.688450000000187856e-01
9.339299999999184365e-02
2.315110000000117907e-01
1.725009999999684851e-01
1.304660000000268383e-01
2.285320000000012897e-01
1.577249999999992269e-01
4.112679999999926395e-01
2.275449999999921147e-01
1.664300000000054069e-01
1.172179999999940492e-01
9.017199999999547799e-02
1.799050000000050886e-01
2.212899999999962120e-01
1.431989999999956353e-01
1.421260000000046375e-01
2.118730000000255131e-01
1.475139999999868223e-01
1.624689999999873180e-01
2.206220000000058690e-01
1.541830000000032896e-01
1.389639999999872089e-01
1.455490000000025930e-01
1.149580000000014479e-01
1.207940000000036207e-01
3.649489999999957490e-01
1.628400000000169712e-01
2.995189999999894326e-01
2.459409999999877527e-01
2.814690000000297232e-01
1.058209999999917272e-01
1.362439999999907059e-01
1.455950000000001410e-01
2.699620000000066966e-01
1.311770000000080927e-01
1.403309999999748925e-01
2.545060000000063383e-01
1.334489999999988186e-01
1.263560000000012451e-01
1.659920000000028040e-01
9.047800000000449927e-02
1.349969999999984793e-01
1.227910000000065338e-01
1.409260000000074342e-01
1.479959999999920228e-01
8.662599999999542888e-02
1.531880000000001019e-01
1.351199999999863621e-01
1.336519999999978836e-01
1.346770000000105938e-01
3.095490000000040709e-01
1.347950000000111004e-01
1.230119999999885749e-01
9.313500000000374257e-02
1.509250000000008640e-01
7.837889999999987367e-01
1.677779999999984284e-01
6.459710000000029595e-01
2.283689999999864995e-01
3.207550000000054524e-01
2.198309999999992215e-01
1.383080000000092014e-01
1.337559999999911042e-01
1.182330000000035852e-01
1.399090000000029477e-01
2.776690000000030523e-01
1.181439999999867041e-01
1.200420000000264054e-01
1.377889999999837300e-01
2.573530000000090467e-01
1.342089999999842576e-01
1.193960000000089394e-01
2.349490000000002965e-01
1.322910000000092623e-01
1.519130000000075142e-01
2.358949999999992997e-01
1.795339999999612246e-01
1.201800000000048385e-01
2.345720000000142136e-01
1.415870000000154505e-01
1.394039999999847623e-01
2.183270000000163691e-01
1.576249999999959073e-01
2.909260000000131186e-01
2.316269999999747142e-01
1.391480000000058226e-01
1.328859999999849606e-01
1.223340000000234795e-01
1.526649999999847296e-01
1.421430000000043492e-01
3.528180000000133987e-01
1.207499999999868123e-01
2.632979999999918164e-01
1.422129999999981464e-01
2.949600000000032196e-01
2.447320000000274831e-01
3.035639999999659722e-01
1.019620000000145410e-01
1.219509999999957017e-01
1.318620000000123582e-01
2.582719999999767424e-01
1.255470000000116215e-01
1.336880000000064683e-01
1.937910000000044874e-01
1.801130000000057407e-01
1.591079999999749361e-01
1.522510000000067976e-01
7.958300000001372609e-02
1.525139999999680640e-01
2.742160000000239961e-01
1.203599999999767078e-01
1.179490000000100736e-01
1.435710000000085529e-01
2.390440000000069176e-01
1.705419999999833180e-01
3.465419999999994616e-01
1.352930000000185373e-01
1.428009999999915181e-01
1.380299999999863303e-01
2.287070000000142045e-01
2.931419999999889114e-01
1.277480000000252858e-01
9.966399999998998283e-02
1.416899999999827742e-01
3.116910000000245873e-01
8.024099999997247323e-02
1.221340000000168402e-01
1.584660000000042146e-01
1.176020000000050914e-01
1.351599999999848478e-01
1.735220000000197160e-01
1.059199999999975716e-01
1.298339999999882366e-01
1.314380000000028303e-01
1.232880000000022847e-01
2.490759999999738739e-01
1.388180000000147629e-01
1.351769999999987704e-01
2.419270000000040000e-01
2.677809999999851698e-01
2.459110000000066520e-01
1.487950000000068940e-01
1.263689999999826341e-01
1.580170000000293840e-01
2.149520000000109121e-01
3.027909999999849333e-01
1.032669999999882293e-01
1.095239999999932934e-01
1.500160000000221316e-01
2.472709999999835873e-01
2.863230000000100972e-01
2.403590000000122018e-01
1.533799999999700958e-01
1.296150000000295677e-01
1.610359999999673164e-01
7.510100000001784792e-02
2.831649999999967804e-01
2.538079999999922620e-01
1.327680000000270866e-01
1.481299999999805550e-01
2.389780000000030213e-01
1.150250000000028194e-01
1.526149999999972806e-01
2.070809999999880802e-01
1.578220000000101209e-01
1.491420000000118762e-01
1.341060000000027230e-01
2.377089999999668635e-01
2.996010000000239870e-01
2.432579999999973097e-01
1.210189999999897736e-01
2.584429999999997563e-01
2.585540000000037253e-01
1.583469999999920219e-01
9.639600000002701563e-02
1.312479999999993652e-01
1.662569999999732318e-01
1.144180000000289965e-01
1.062689999999975043e-01
1.377029999999876964e-01
3.697570000000212076e-01
1.363470000000006621e-01
1.163479999999879055e-01
1.590629999999748634e-01
2.560990000000060718e-01
1.173970000000110758e-01
2.038880000000062864e-01
1.600909999999942102e-01
1.658719999999789252e-01
2.091530000000147993e-01
1.616510000000062064e-01
2.747590000000172950e-01
2.337259999999901083e-01
1.465089999999804604e-01
2.853269999999952233e-01
4.842330000000174550e-01
1.500680000000045311e-01
9.221099999999182728e-02
7.517000000001416993e-02
1.093319999999948777e-01
2.380060000000128184e-01
3.195729999999912252e-01
1.510379999999997835e-01
8.711199999999053034e-02
8.801800000000525870e-02
7.723999999998909516e-02
9.244200000000546424e-02
2.369219999999927495e-01
5.249200000000087130e-01
1.308569999999917854e-01
1.649610000000052423e-01
4.027719999999987976e-01
2.380170000000134678e-01
1.348250000000064119e-01
5.161289999999780775e-01
5.413740000000188957e-01
1.352219999999988431e-01
1.603899999999782722e-01
6.586670000000083292e-01
1.353790000000003602e-01
5.106529999999906977e-01
5.434870000000273649e-01
1.307319999999663196e-01
1.513980000000003656e-01
7.664790000000039072e-01
3.904060000000129094e-01
2.782610000000147465e-01
2.590929999999787015e-01
1.363420000000132859e-01
1.232469999999921129e-01
1.553820000000030177e-01
1.034409999999752472e-01
2.589030000000036580e-01
2.664350000000297314e-01
1.471459999999922275e-01
1.050309999999967658e-01
1.655409999999903903e-01
1.042610000000081527e-01
2.489569999999901029e-01
1.744800000000168438e-01
8.775900000000547152e-02
1.357869999999650190e-01
1.806880000000319342e-01
8.989699999997924351e-02
1.176470000000051641e-01
1.267120000000261371e-01
1.330759999999884258e-01
1.488500000000101409e-01
1.106449999999767897e-01
1.225560000000029959e-01
1.434930000000065320e-01
1.431139999999970769e-01
1.131680000000017117e-01
1.551479999999969550e-01
3.225209999999947286e-01
1.482839999999896463e-01
8.243200000001138505e-02
7.671999999999457032e-02
1.099390000000255441e-01
2.387809999999888078e-01
1.580559999999877618e-01
1.524819999999920128e-01
7.665800000000899672e-02
7.839300000000548607e-02
7.894600000000195905e-02
8.405700000000138061e-02
8.063999999998827661e-02
1.030770000000131859e-01
1.409679999999866595e-01
8.682000000001721673e-02
1.484879999999861866e-01
2.417429999999853862e-01
1.303070000000161599e-01
1.538219999999910215e-01
1.377710000000149648e-01
1.212470000000109849e-01
4.079889999999863903e-01
1.074299999999936972e-01
1.318790000000262808e-01
1.517499999999927240e-01
2.604779999999777829e-01
1.179500000000075488e-01
1.569960000000207856e-01
3.574529999999924712e-01
2.806490000000110285e-01
6.564199999999971169e-01
1.310359999999661795e-01
1.488380000000120162e-01
2.256820000000061555e-01
5.355490000000031614e-01
1.386569999999949232e-01
2.774630000000115615e-01
6.545079999999643405e-01
1.322080000000198652e-01
1.305790000000115469e-01
2.588769999999840365e-01
5.214430000000049858e-01
1.347860000000196123e-01
1.322059999999680713e-01
7.542000000000825821e-02
7.628099999999449210e-02
3.852640000000064902e-01
9.531899999998927342e-02
1.628230000000030486e-01
1.445209999999974571e-01
1.597680000000138989e-01
2.426789999999812153e-01
9.515840000000252985e-01
6.593049999999891497e-01
1.161010000000146647e-01
4.163669999999797255e-01
7.932999999999879037e-02
4.186379999999871870e-01
1.305870000000197706e-01
1.526250000000004547e-01
1.209520000000168238e-01
2.477480000000014115e-01
1.323079999999947631e-01
1.569879999999841402e-01
1.393800000000169348e-01
1.157690000000002328e-01
2.652760000000000673e-01
1.223349999999925330e-01
1.452550000000201180e-01
2.624359999999796855e-01
2.452350000000080854e-01
1.309849999999812553e-01
1.513430000000255404e-01
2.447819999999865104e-01
1.631940000000042801e-01
9.271499999999832653e-02
1.329580000000021300e-01
1.596599999999739339e-01
2.336560000000247328e-01
2.285919999999919128e-01
1.570729999999969095e-01
2.669820000000129312e-01
1.390229999999803567e-01
1.161790000000166856e-01
1.684939999999812699e-01
8.500800000001618173e-02
2.662729999999839947e-01
2.496610000000316631e-01
1.737429999999733354e-01
1.011929999999949814e-01
2.554729999999949541e-01
2.793040000000246437e-01
2.590979999999944994e-01
2.759320000000116124e-01
1.302609999999901902e-01
1.163789999999949032e-01
2.597570000000075652e-01
2.504789999999843531e-01
1.381149999999990996e-01
1.835460000000068703e-01
9.066100000001142689e-02
1.249969999999791526e-01
1.318380000000161090e-01
1.506990000000030250e-01
2.150879999999801839e-01
1.401820000000100208e-01
2.704970000000059827e-01
1.219399999999950523e-01
5.402009999999961565e-01
1.357950000000016644e-01
1.175149999999973716e-01
1.346880000000112432e-01
1.234729999999899519e-01
2.591749999999990450e-01
1.354990000000100281e-01
1.175299999999879219e-01
1.332989999999938391e-01
2.827520000000163236e-01
6.183049999999923330e-01
1.546429999999929805e-01
2.296300000000144337e-01
2.489580000000159998e-01
1.488589999999874181e-01
2.320459999999968659e-01
1.595470000000034361e-01
2.796639999999968040e-01
2.660050000000069303e-01
4.143229999999960000e-01
1.160769999999899937e-01
1.439220000000034361e-01
2.366130000000055134e-01
5.277760000000171203e-01
1.234139999999683823e-01
3.085850000000220916e-01
2.298710000000028231e-01
2.921179999999878873e-01
1.176140000000032160e-01
1.089389999999923475e-01
1.363609999999937372e-01
2.445370000000082200e-01
2.835080000000118616e-01
2.516530000000045675e-01
1.495209999999929096e-01
1.158629999999902793e-01
1.486340000000154760e-01
4.036989999999889278e-01
2.432179999999846132e-01
1.248110000000224318e-01
2.889069999999946958e-01
1.211470000000076652e-01
4.233069999999941047e-01
2.272409999999922547e-01
1.468099999999878946e-01
1.401610000000061973e-01
9.601599999999166357e-02
2.792550000000062482e-01
1.346850000000188174e-01
1.176989999999875636e-01
1.455240000000230793e-01
1.065159999999707452e-01
2.666030000000034761e-01
2.462859999999977845e-01
1.647749999999916781e-01
2.351340000000163855e-01
1.602039999999931297e-01
1.205050000000085220e-01
1.102930000000128530e-01
2.806060000000059063e-01
2.517409999999813408e-01
1.279959999999960019e-01
1.435189999999977317e-01
2.581559999999853972e-01
2.685840000000325745e-01
2.512089999999886913e-01
1.253200000000163072e-01
1.390449999999816555e-01
1.520449999999868851e-01
9.620600000002355046e-02
2.215159999999798401e-01
1.610469999999963875e-01
1.745520000000055916e-01
1.951870000000042182e-01
1.679479999999955453e-01
1.884270000000185519e-01
1.676909999999907086e-01
1.720329999999989923e-01
1.760139999999807969e-01
1.808890000000360487e-01
1.728329999999687061e-01
1.694789999999954944e-01
1.742210000000170567e-01
1.748979999999846768e-01
1.677320000000008804e-01
1.723080000000152268e-01
1.779379999999832762e-01
2.409780000000125710e-01
3.718749999999886313e-01
1.252000000000066393e-01
1.900910000000237687e-01
9.357799999997951090e-02
5.447360000000003311e-01
2.149880000000052860e-01
8.859470000000158052e-01
1.653819999999655010e-01
1.263000000000147338e-01
1.528450000000134423e-01
7.540819999999825995e-01
1.040426999999993996e+00
2.694870000000264554e-01
8.064949999999839747e-01
9.067159999999887532e-01
2.810029999999983374e-01
1.481170000000133768e-01
7.803350000000079945e-01
1.026636999999993805e+00
2.854609999999979664e-01
7.927359999999907814e-01
1.039141000000000759e+00
1.458990000000426335e-01
1.494899999999859119e-01
6.604600000000004911e-01
1.382849999999677948e-01
3.683430000000100790e-01
1.313230000000089603e-01
1.212960000000009586e-01
1.486010000000135278e-01
2.426719999999704669e-01
1.305480000000045493e-01
1.322649999999896409e-01
1.190090000000338932e-01
1.402879999999981919e-01
2.540979999999990468e-01
1.356169999999679021e-01
1.385439999999960037e-01
1.277220000000340860e-01
1.552519999999901756e-01
1.224730000000135988e-01
1.382059999999967204e-01
1.168589999999767315e-01
1.274420000000020536e-01
1.189439999999990505e-01
1.287550000000123873e-01
1.351429999999709253e-01
1.518280000000231666e-01
1.031060000000252330e-01
1.361969999999814718e-01
1.236550000000136151e-01
1.338540000000136843e-01
1.365849999999397824e-01
1.145550000000525870e-01
1.382569999999816446e-01
1.264760000000251239e-01
1.144029999999816027e-01
1.297869999999932134e-01
1.407379999999989195e-01
2.455760000000282162e-01
1.275459999999952743e-01
1.340270000000032269e-01
1.251409999999566480e-01
1.362680000000295877e-01
1.088039999999921292e-01
4.056339999999920565e-01
1.217629999999871870e-01
1.394990000000291275e-01
1.510489999999720112e-01
1.231690000000469354e-01
9.770899999998050589e-02
1.390289999999936299e-01
1.536489999999730571e-01
1.256850000000042655e-01
1.239960000000053242e-01
1.238189999999974589e-01
2.064390000000173586e-01
1.593470000000252185e-01
2.782619999999553784e-01
1.134950000000287673e-01
1.490709999999921820e-01
1.454129999999906886e-01
2.437490000000082091e-01
1.188319999999976062e-01
2.382560000000069067e-01
2.875709999999855881e-01
1.256099999999946704e-01
1.669029999999906977e-01
6.489450000000260843e-01
1.356200000000171713e-01
1.034958999999986418e+00
1.344310000000064065e-01
1.447929999999644224e-01
7.855830000000025848e-01
1.030859999999904630e-01
1.572100000000205000e-01
2.462709999999788124e-01
2.883030000000417203e-01
1.263279999999724623e-01
1.373040000000003147e-01
2.523890000000221789e-01
2.478439999999864085e-01
1.317500000000109139e-01
1.427479999999832216e-01
2.515839999999798238e-01
2.643050000000357613e-01
1.263009999999837873e-01
1.331490000000314922e-01
2.579199999999559623e-01
2.389990000000352666e-01
1.315489999999783777e-01
1.438119999999969423e-01
2.438820000000418986e-01
2.650299999999674583e-01
1.304820000000006530e-01
1.467800000000067939e-01
2.545799999999758256e-01
1.422540000000083182e-01
8.639500000003863533e-02
1.334989999999720567e-01
2.654530000000079326e-01
1.452009999999859247e-01
1.257220000000245363e-01
1.513299999999730971e-01
1.114259999999944739e-01
2.733580000000017662e-01
2.532209999999963657e-01
1.301830000000165910e-01
1.401169999999751781e-01
2.480560000000195942e-01
3.932490000000257169e-01
1.347429999999576467e-01
1.003700000000264936e-01
1.394970000000057553e-01
1.654929999999694701e-01
8.950200000001018452e-02
1.323090000000206601e-01
1.428369999999858919e-01
1.817590000000279815e-01
2.284520000000043183e-01
1.672089999999855081e-01
1.044689999999945940e-01
1.181660000000022137e-01
3.902830000000108157e-01
1.232709999999883621e-01
1.079000000000007731e-01
1.371750000000133696e-01
1.550929999999652864e-01
2.144740000000240343e-01
3.906659999999533284e-01
1.566380000000435757e-01
2.745979999999974552e-01
1.847899999999924603e-01
1.759100000000159980e-01
1.787229999999908614e-01
1.029319999999813717e-01
1.175160000000232685e-01
1.429379999999866868e-01
1.525019999999983611e-01
1.158250000000009550e-01
1.566859999999792308e-01
2.491490000000169402e-01
1.346080000000142718e-01
1.143500000000017280e-01
1.396549999999763259e-01
4.099610000000097898e-01
3.783169999999813626e-01
1.319860000000403488e-01
2.621689999999716747e-01
2.680500000000165528e-01
1.114699999999686497e-01
3.797530000000222117e-01
4.129499999999950433e-01
4.004690000000152850e-01
2.619359999999630872e-01
1.328550000000348064e-01
1.465440000000057807e-01
2.211929999999711072e-01
3.917769999999904940e-01
1.632340000000453983e-01
2.463929999999550091e-01
2.566340000000479904e-01
1.322459999999807678e-01
2.540359999999850515e-01
1.356940000000008695e-01
2.786780000000135260e-01
1.256509999999764204e-01
3.769859999999880529e-01
2.358270000000288746e-01
1.576280000000167547e-01
2.453949999999736065e-01
2.662060000000110449e-01
1.405389999999897555e-01
1.283630000000073323e-01
1.128539999999986776e-01
1.505680000000211294e-01
1.559949999999616921e-01
9.666900000004829963e-02
1.460839999999734573e-01
1.172640000000342297e-01
1.303929999999695610e-01
1.261070000000188429e-01
1.283909999999650609e-01
1.477620000000001710e-01
2.519200000000410000e-01
2.528169999999931861e-01
2.392649999999889587e-01
1.707009999999797856e-01
1.098720000000241726e-01
1.589720000000056643e-01
8.220699999998259955e-02
2.793870000000140408e-01
2.303369999999631546e-01
1.545920000000364780e-01
1.265769999999974971e-01
2.332770000000152777e-01
2.691189999999892279e-01
2.557209999999940919e-01
2.742360000000019227e-01
1.516560000000026776e-01
8.956599999999070860e-02
4.297599999999874854e-01
2.302840000000117016e-01
1.330920000000048731e-01
2.473190000000045075e-01
1.887140000000044893e-01
7.702299999999695501e-02
2.412769999999966331e-01
1.229139999999802058e-01
1.693820000000130221e-01
1.154620000000079472e-01
2.523250000000132331e-01
2.890879999999924621e-01
1.068620000000066739e-01
1.313759999999604133e-01
1.410160000000360014e-01
2.549129999999877327e-01
1.214279999999803294e-01
1.377099999999984448e-01
2.594640000000083546e-01
1.319430000000352265e-01
1.231139999999584234e-01
1.445249999999873580e-01
2.467010000000300352e-01
2.878230000000030486e-01
1.168799999999805550e-01
1.163040000000137297e-01
1.515609999999583124e-01
2.362790000000245527e-01
1.713090000000079272e-01
4.528240000000209875e-01
1.648109999999860520e-01
1.302170000000160144e-01
6.335209999999733554e-01
1.477840000000014697e-01
1.567470000000525943e-01
2.337009999999395404e-01
6.819570000000112486e-01
2.622420000000147411e-01
2.631819999999720494e-01
2.922699999999736065e-01
2.389880000000630389e-01
1.310249999999655302e-01
2.653700000000185355e-01
6.617509999999811043e-01
2.629830000000197288e-01
8.008399999999937791e-01
5.192900000000122418e-01
5.170379999999568099e-01
1.560610000000224318e-01
1.519770000000448817e-01
2.314359999999737738e-01
2.983449999999834290e-01
1.101079999999683423e-01
1.227780000000393557e-01
1.428500000000099135e-01
2.515970000000038453e-01
6.756079999999542451e-01
1.152770000000487016e-01
1.577729999999633037e-01
4.009510000000204855e-01
4.012230000000158725e-01
2.594859999999812317e-01
2.727189999999950487e-01
5.082060000000296895e-01
1.357619999999997162e-01
1.535599999999703869e-01
2.286819999999920583e-01
3.027409999999690626e-01
1.125860000000784567e-01
1.108059999999682077e-01
1.579169999999976426e-01
2.247229999999831307e-01
2.172380000000089240e-01
4.745890000000372311e-01
1.186869999999657921e-01
1.498690000000237887e-01
2.514119999999593347e-01
1.140869999999836182e-01
1.566080000000624750e-01
1.371399999999880492e-01
1.205530000000294422e-01
1.206229999999663960e-01
1.470380000000091059e-01
2.514989999999670545e-01
1.312670000000366599e-01
1.559419999999818174e-01
2.343989999999962492e-01
1.254459999999539832e-01
1.432850000000485124e-01
2.352689999999597603e-01
1.450860000000488981e-01
1.383089999999924657e-01
1.434810000000084074e-01
1.007359999999835054e-01
1.389560000000074069e-01
1.592679999999973006e-01
1.784979999999904976e-01
1.781980000000089603e-01
1.791290000000458349e-01
1.699259999999753745e-01
1.631419999999934589e-01
1.728979999999751271e-01
1.628210000000080981e-01
1.640920000000392065e-01
1.729639999999790234e-01
1.657589999999800057e-01
1.758159999999975298e-01
1.680810000000292348e-01
1.679439999999772226e-01
1.709270000000060463e-01
1.767429999999876600e-01
1.537779999999884240e-01
1.796300000000314867e-01
1.687349999999696593e-01
2.123770000000035907e-01
1.555630000000292057e-01
1.249949999999557804e-01
1.151770000000169603e-01
1.502540000000180953e-01
1.276290000000130931e-01
2.605089999999563588e-01
1.102570000000469008e-01
1.545100000000161344e-01
2.229089999999587235e-01
1.473699999999666943e-01
2.664920000000279288e-01
2.144590000000334840e-01
2.987699999999904321e-01
1.334739999999783322e-01
9.247000000004845788e-02
1.460519999999974061e-01
2.391729999999938627e-01
2.731539999999768042e-01
2.524409999999761567e-01
1.411570000000210712e-01
2.814000000000191903e-01
1.224909999999681531e-01
1.196130000000152904e-01
1.430129999999962820e-01
2.616549999999620013e-01
1.184520000000475193e-01
1.401119999999878019e-01
2.322259999999687352e-01
1.684270000000083201e-01
3.484780000000000655e-01
1.294980000000123255e-01
1.581400000000030559e-01
1.292240000000219879e-01
1.107639999999605607e-01
5.357559999999921274e-01
1.137150000000133332e-01
1.387610000000449872e-01
2.148929999999609208e-01
1.656310000000189575e-01
1.869189999999889551e-01
1.697399999999902320e-01
1.552749999999605279e-01
1.897820000000365326e-01
9.188199999999824286e-02
8.427800000004026515e-02
1.485739999999964311e-01
1.841200000000071668e-01
1.699159999999437787e-01
1.558420000000637629e-01
2.091559999999503816e-01
1.715930000000298605e-01
1.381999999999834472e-01
1.792829999999980828e-01
1.868069999999875108e-01
1.493660000000431864e-01
1.349629999999706342e-01
1.445429999999987558e-01
2.613660000000095351e-01
2.861039999999661632e-01
1.155730000000403379e-01
1.110500000000342880e-01
1.451309999999352840e-01
2.481400000000348882e-01
1.772270000000162327e-01
8.505099999996446059e-02
2.641610000000014224e-01
1.300289999999790780e-01
1.276200000000358159e-01
1.489569999999957872e-01
2.474229999999693064e-01
1.414080000000126347e-01
1.343360000000188847e-01
1.193220000000110304e-01
1.297189999999659449e-01
1.344160000000442778e-01
2.305509999999344473e-01
1.683470000000397704e-01
2.660559999999918546e-01
1.182489999999916108e-01
1.097459999999728097e-01
1.403160000000411856e-01
1.505390000000375039e-01
9.539399999994202517e-02
1.300850000000082218e-01
1.203730000000291511e-01
1.699669999999855463e-01
1.697100000000091313e-01
1.808169999999904576e-01
1.731209999999805405e-01
1.949390000000335021e-01
1.513539999999693464e-01
2.441220000000043910e-01
1.376510000000052969e-01
1.471170000000370237e-01
1.314269999999737593e-01
1.413349999999695683e-01
1.337010000000304899e-01
8.481299999999691863e-02
1.541470000000231266e-01
1.064509999999359025e-01
1.286550000000374894e-01
1.338109999999801403e-01
2.434049999999956526e-01
2.736939999999776774e-01
2.245280000000775544e-01
1.576009999999428146e-01
1.372680000000059408e-01
1.368080000000304608e-01
2.533760000000029322e-01
2.800819999999930587e-01
1.242969999999559150e-01
1.236500000000546606e-01
1.370929999999930260e-01
1.430520000000115033e-01
1.086489999999571410e-01
1.525060000000166838e-01
9.983900000003131936e-02
2.641549999999597276e-01
1.275320000000306209e-01
1.236210000000141918e-01
1.602709999999660795e-01
2.475620000000162690e-01
2.848059999999463798e-01
1.130190000000652617e-01
1.240039999999567044e-01
1.280830000000037217e-01
2.195950000000266300e-01
1.836779999999862412e-01
9.461199999998370913e-02
1.407910000000356376e-01
1.256899999999632200e-01
1.385980000000017753e-01
2.775210000000356558e-01
1.246489999999766951e-01
1.238369999999804349e-01
2.857470000000148502e-01
1.145109999999931460e-01
1.103490000000419968e-01
1.377719999999840184e-01
2.438609999999812317e-01
1.390349999999784814e-01
1.076490000000376313e-01
1.541779999999448592e-01
2.419030000000361724e-01
1.132269999999948595e-01
1.318870000000629261e-01
1.172079999999482425e-01
1.465479999999956817e-01
3.877870000000029904e-01
1.320600000000240470e-01
1.196160000000077162e-01
1.579329999999572465e-01
1.260880000000383916e-01
2.390629999999873689e-01
1.502589999999486281e-01
9.718600000007882045e-02
1.563909999999282263e-01
1.715370000000575601e-01
9.913899999997966006e-02
2.426859999999919637e-01
2.966149999999743159e-01
1.039870000000178152e-01
1.215390000000411419e-01
1.259269999999901302e-01
1.262770000000159598e-01
1.287869999999315951e-01
1.461410000000569198e-01
1.073249999999461579e-01
2.598830000000589280e-01
1.395609999999578577e-01
1.278649999999856846e-01
1.547060000000328728e-01
2.297550000000114778e-01
4.051170000000183791e-01
1.237969999999677384e-01
1.849090000000046530e-01
2.336329999999975371e-01
3.783300000000053842e-01
1.600649999999745887e-01
9.696600000000898945e-02
7.821699999999509600e-02
1.755700000000501859e-01
1.752109999999902357e-01
1.758379999999419852e-01
1.672149999999987813e-01
1.739410000000134460e-01
1.631750000000238288e-01
1.629899999999793181e-01
1.696650000000090586e-01
1.584030000000211658e-01
1.733669999999847278e-01
1.720160000000419132e-01
1.671639999999570136e-01
1.637820000000260734e-01
1.771259999999870161e-01
1.668099999999981264e-01
1.773129999999696338e-01
1.674669999999878200e-01
1.668730000000095970e-01
1.452940000000353393e-01
2.172019999999861284e-01
1.548400000000356158e-01
2.485989999999560496e-01
1.260760000000118453e-01
1.487839999999778229e-01
1.424410000000193577e-01
2.371630000000095606e-01
2.842239999999947031e-01
1.154650000000287946e-01
1.263809999999807587e-01
1.345549999999775537e-01
2.492250000000240107e-01
1.808529999999564097e-01
7.957800000002634988e-02
2.562800000000038381e-01
1.276629999999840948e-01
1.388860000000136097e-01
1.607460000000173750e-01
2.370369999999866195e-01
4.013779999999655956e-01
1.093140000000403234e-01
1.395489999999881547e-01
2.769649999999614920e-01
2.466990000000350847e-01
1.419359999999869615e-01
1.342030000000136170e-01
8.125499999999874490e-02
7.546099999996158658e-02
7.544500000005882612e-02
1.171059999999783940e-01
2.269089999999778229e-01
1.372290000000475629e-01
1.284489999999891552e-01
1.358030000000098880e-01
1.443249999999807187e-01
1.156299999999532702e-01
1.613200000000460932e-01
9.994199999999864303e-02
1.409300000000257569e-01
1.181589999999914653e-01
1.576680000000010295e-01
2.136960000000271975e-01
8.045299999997723717e-02
7.658699999996088081e-02
1.176920000000336586e-01
2.262779999999793290e-01
1.386669999999980973e-01
1.289300000000253021e-01
1.249680000000239488e-01
1.323869999999374159e-01
1.190670000000295659e-01
1.594599999999672946e-01
9.357200000005150287e-02
1.222479999999563915e-01
1.144480000000385189e-01
2.542089999999461725e-01
1.342630000000326618e-01
1.406240000000025248e-01
1.481399999999553074e-01
2.411240000000702821e-01
2.918310000000019500e-01
9.345199999995656981e-02
1.408590000000344844e-01
1.330009999999788306e-01
1.461590000000114742e-01
1.120609999999828688e-01
1.322240000000078908e-01
1.252779999999802385e-01
2.688770000000317850e-01
1.107920000000035543e-01
1.234629999999583561e-01
1.479690000000459804e-01
2.535769999999502033e-01
1.275570000000243454e-01
1.546230000000150540e-01
1.116989999999873362e-01
1.272139999999808424e-01
1.333680000000185828e-01
1.489510000000109358e-01
9.764399999994566315e-02
1.332720000000335858e-01
1.373829999999998108e-01
1.523490000000151667e-01
1.033889999999928477e-01
1.232589999999618158e-01
1.299790000000484724e-01
1.476759999999899264e-01
2.245679999999765641e-01
1.538780000000201653e-01
1.535319999999842366e-01
1.029500000000211912e-01
1.299629999999751817e-01
1.331340000000409418e-01
1.459899999999834108e-01
1.063669999999774518e-01
1.157140000000254076e-01
1.382279999999695974e-01
1.509130000000027394e-01
2.158720000000471373e-01
1.340809999999805768e-01
1.471139999999877546e-01
2.323880000000144719e-01
1.377650000000016917e-01
1.464589999999930114e-01
2.202209999999809042e-01
1.466460000000324726e-01
1.424440000000117834e-01
2.321749999999838110e-01
1.320349999999734791e-01
2.378460000000472974e-01
1.262779999999565916e-01
1.393240000000446344e-01
1.641259999999533647e-01
2.191460000000233777e-01
1.460149999999771353e-01
1.460360000000378022e-01
2.419959999999719003e-01
1.308579999999892607e-01
1.388519999999857646e-01
1.118500000000040018e-01
1.365030000000615473e-01
1.206489999999575957e-01
2.676060000000006767e-01
1.164039999999886277e-01
1.339120000000093569e-01
1.389720000000238542e-01
2.538499999999999091e-01
1.403309999999464708e-01
1.496260000000688706e-01
2.353019999999901302e-01
1.265080000000011751e-01
1.535279999999943357e-01
9.026199999999562351e-02
1.344969999999534593e-01
1.382780000000138898e-01
1.452080000000250948e-01
1.184039999999981774e-01
1.216540000000350119e-01
1.343839999999545398e-01
1.381560000000376931e-01
1.108649999999897773e-01
1.679799999999431748e-01
1.050700000000688306e-01
2.387319999999704123e-01
1.243989999999826068e-01
1.442509999999970205e-01
2.253460000000018226e-01
1.202680000000100335e-01
1.318630000000098335e-01
1.593269999999620268e-01
2.076920000000086475e-01
2.869499999999902684e-01
2.459560000000351465e-01
1.276990000000068903e-01
1.653799999999705506e-01
9.952300000003333480e-02
1.227299999999900137e-01
1.425329999999576103e-01
2.441210000000637592e-01
1.737009999999941101e-01
4.561049999999795546e-01
1.369339999999965585e-01
1.421490000000176224e-01
2.522590000000377586e-01
2.869749999999839929e-01
1.213989999999398606e-01
1.262250000000335604e-01
4.042469999999980246e-01
2.292820000000119762e-01
2.664249999999697138e-01
1.105010000000561377e-01
1.586399999999912325e-01
1.288839999999709107e-01
2.311579999999935353e-01
2.802140000000008513e-01
1.183399999999892316e-01
1.324120000000448272e-01
1.213109999999915090e-01
2.650479999999788561e-01
2.612469999999689207e-01
2.221270000000004075e-01
7.882299999999986539e-02
8.214600000007976632e-02
8.792399999992994708e-02
7.930800000002591332e-02
9.496200000000953878e-02
8.379600000000664295e-02
9.082300000000032014e-02
8.183700000000726504e-02
1.019409999999538741e-01
1.654430000000388645e-01
2.332319999999867832e-01
1.748419999999555330e-01
1.023090000000479449e-01
7.796999999999343345e-02
9.185999999999694410e-02
8.006100000000060390e-02
9.166599999997515624e-02
7.551499999999577994e-02
1.701370000000110849e-01
9.663900000003877722e-02
8.502199999998083513e-02
9.193499999997811756e-02
1.605289999999968131e-01
7.747400000005200127e-02
7.994899999994231621e-02
8.353500000004032700e-02
1.589979999999968641e-01
8.123199999999997090e-02
8.081299999997781924e-02
7.869299999998702333e-02
8.285600000004933463e-02
9.224899999998115163e-02
7.649900000001252920e-02
1.079339999999433530e-01
1.690440000000421605e-01
7.813899999996465340e-02
1.028330000000323707e-01
7.806499999998095518e-02
1.015890000000467808e-01
1.657259999999496358e-01
8.366300000005821857e-02
1.624479999999834945e-01
1.051549999999679130e-01
7.506800000004432150e-02
1.538879999999949177e-01
1.571099999999887586e-01
9.440899999998464409e-02
2.226129999999670872e-01
1.592140000000199507e-01
1.382090000000175678e-01
1.018959999999538013e-01
1.164630000000670407e-01
1.238730000000032305e-01
1.277209999999513457e-01
1.268420000000105574e-01
4.402490000000511827e-01
9.482399999996005135e-02
2.510750000000143700e-01
2.666109999999548563e-01
1.285419999999817264e-01
1.265830000000391919e-01
2.358510000000251239e-01
1.562719999999444553e-01
1.393480000000408836e-01
1.554749999999671672e-01
1.851610000000505352e-01
1.571239999999534120e-01
1.552399999999920510e-01
1.741059999999947649e-01
1.628810000000271430e-01
1.598500000000058208e-01
1.751959999999712636e-01
1.639020000000073196e-01
1.675560000000473337e-01
1.624309999999695719e-01
1.706870000000435539e-01
1.817179999999325446e-01
1.716670000000704022e-01
1.679989999999520478e-01
1.634859999999775937e-01
1.794520000000261462e-01
1.600240000000212603e-01
1.646099999999819374e-01
1.707630000000222026e-01
1.728959999999801767e-01
1.578190000000176951e-01
1.668869999999742504e-01
1.640279999999734173e-01
1.604680000000371365e-01
1.820359999999823231e-01
1.565360000000168839e-01
1.702050000000099317e-01
1.924789999999916290e-01
1.571010000000114815e-01
1.674249999999801730e-01
1.854759999999942011e-01
1.636350000000561522e-01
2.340859999999906904e-01
2.462509999999724641e-01
2.456090000000017426e-01
2.729040000000395594e-01
2.372669999999743595e-01
2.584319999999706852e-01
2.223940000000084183e-01
1.364510000000223044e-01
1.470389999999497377e-01
1.515210000000024593e-01
3.696820000000116124e-01
2.227409999999849788e-01
1.394530000000600012e-01
2.403289999999742577e-01
1.127419999999688116e-01
2.372440000000324289e-01
1.563129999999546271e-01
1.049690000000396140e-01
1.183909999999741558e-01
1.534730000000195105e-01
2.128809999999816682e-01
1.364450000000374530e-01
1.405909999999721549e-01
2.172770000000241453e-01
1.348749999999654392e-01
1.906720000000063919e-01
1.757709999999974571e-01
1.360359999999900538e-01
1.318090000000324835e-01
1.668659999999704269e-01
1.871680000000424116e-01
1.989229999999793108e-01
1.786910000000148102e-01
1.350929999999834763e-01
1.402289999999766223e-01
2.157720000000722393e-01
1.460889999999608335e-01
1.861920000000054642e-01
9.771599999999125430e-02
8.387400000003708556e-02
1.247029999999540451e-01
1.350160000000073524e-01
1.748069999999870561e-01
2.038610000000176115e-01
1.370110000000295258e-01
1.868029999999407664e-01
1.510499999999979082e-01
1.507840000000442160e-01
1.701159999999504180e-01
1.713950000000181717e-01
1.642640000000596956e-01
1.640039999999771680e-01
1.755659999999465981e-01
1.410940000000096006e-01
1.586000000000353793e-01
2.018289999999751672e-01
1.594110000000341643e-01
1.518449999999802458e-01
9.097300000001951048e-02
1.198289999999815336e-01
1.217750000000137334e-01
1.638030000000298969e-01
1.055419999999571701e-01
1.109810000000379659e-01
1.371819999999388529e-01
1.434800000000109321e-01
9.504500000002735760e-02
2.542959999999538923e-01
1.312540000000126383e-01
1.181890000000294094e-01
1.379659999999489628e-01
1.103229999999939537e-01
2.462910000000420041e-01
1.448240000000282635e-01
1.172459999999659885e-01
2.398090000000365762e-01
2.498129999999605388e-01
1.372740000000476357e-01
1.140269999999645734e-01
2.756989999999746033e-01
2.113100000000258660e-01
1.403589999999894644e-01
1.111130000000457585e-01
2.860889999999471911e-01
2.148040000000150940e-01
1.263529999999946085e-01
1.190129999999953725e-01
2.481000000000221917e-01
1.451259999999479078e-01
1.153180000000588734e-01
2.396819999999593165e-01
1.265670000000227446e-01
1.256050000000072941e-01
1.328719999999634638e-01
9.822700000000850196e-02
1.277000000000043656e-01
1.266009999999937463e-01
2.410000000000422915e-01
1.277789999999754400e-01
1.264080000000262771e-01
1.355310000000145010e-01
1.248399999999492138e-01
1.604830000000561085e-01
1.822419999999738138e-01
1.561469999999758329e-01
1.649800000000141154e-01
1.644029999999929714e-01
1.778459999999881802e-01
1.507730000000151449e-01
1.763129999999932807e-01
1.647309999999606589e-01
1.715170000000512118e-01
1.590130000000158361e-01
1.652799999999388092e-01
1.617820000000733671e-01
1.797739999999521388e-01
1.458620000000223627e-01
2.470230000000128712e-01
1.406230000000050495e-01
1.261299999999323518e-01
2.273120000000403707e-01
4.190109999999549473e-01
1.007480000000100517e-01
1.032020000000102300e-01
1.264780000000200744e-01
1.306030000000077962e-01
1.279930000000035761e-01
9.736099999997804844e-02
1.235430000000405926e-01
1.281069999999431275e-01
9.110500000002730303e-02
1.312149999999974170e-01
1.359049999999797365e-01
1.142240000000356304e-01
1.504719999999792890e-01
1.316459999999892716e-01
1.119160000000078981e-01
1.339250000000333785e-01
1.317459999999641695e-01
9.351800000001730950e-02
1.216509999999857428e-01
1.320210000000088257e-01
9.696999999999889042e-02
1.323320000000194341e-01
1.392339999999876454e-01
1.082989999999881547e-01
1.281220000000189430e-01
1.371500000000196451e-01
1.062639999999532847e-01
1.397560000000339642e-01
1.349129999999831853e-01
9.867100000002437810e-02
1.282309999999711181e-01
1.408030000000053406e-01
8.898300000004155663e-02
1.368379999999547181e-01
1.343600000000151340e-01
1.067709999999806314e-01
1.292970000000082109e-01
1.360050000000114778e-01
9.498899999999821375e-02
1.383759999999938373e-01
1.388309999999819411e-01
1.160199999999917964e-01
1.394690000000196051e-01
1.228649999999902320e-01
9.941900000001169246e-02
1.114339999999742759e-01
1.014550000000440377e-01
1.238710000000082800e-01
1.078099999999722058e-01
1.473609999999894171e-01
1.764330000000313703e-01
8.508999999997968189e-02
1.168370000000322761e-01
1.261819999999715947e-01
1.199569999999994252e-01
1.551910000000020773e-01
9.028699999998934800e-02
1.223759999999742831e-01
1.369270000000142318e-01
2.202710000000251966e-01
1.285409999999842512e-01
1.143190000000231521e-01
1.585649999999532156e-01
7.680700000003071182e-02
8.197300000000495857e-02
9.647899999998799103e-02
2.272570000000087020e-01
2.434920000000033724e-01
1.297349999999823922e-01
1.455710000000181026e-01
1.020560000000045875e-01
1.156520000000114123e-01
1.240639999999757492e-01
2.369949999999789725e-01
2.570170000000189248e-01
2.392459999999800857e-01
1.392630000000281143e-01
1.410690000000158761e-01
1.140849999999886677e-01
8.613700000000790169e-02
1.502809999999499269e-01
1.550620000000435539e-01
1.511959999999703541e-01
1.775250000000028194e-01
1.521880000000237487e-01
1.560090000000400323e-01
1.663039999999682550e-01
1.573929999999563734e-01
1.618470000000229447e-01
1.726940000000354303e-01
1.584259999999630963e-01
1.659130000000459404e-01
1.784549999999853753e-01
1.529179999999996653e-01
1.566079999999487882e-01
1.707410000000209038e-01
1.587499999999977263e-01
1.625670000000241089e-01
1.635019999999940410e-01
1.658079999999699794e-01
1.482960000000161926e-01
1.952709999999910906e-01
1.381079999999883512e-01
1.552370000000564687e-01
1.274389999999812062e-01
1.005400000000236105e-01
1.065569999999524953e-01
7.777299999997921987e-02
1.930460000000380205e-01
1.257600000000138607e-01
1.174970000000143955e-01
1.482629999999858228e-01
1.271929999999770189e-01
9.131400000001121953e-02
1.859160000000201762e-01
7.910899999995990584e-02
9.996599999999489228e-02
1.380490000000236250e-01
9.951799999998911517e-02
2.181470000000444998e-01
7.706399999995028338e-02
9.961900000001833178e-02
1.196610000000077889e-01
1.463269999999852189e-01
9.997100000003911191e-02
1.348259999999754655e-01
1.003590000000258442e-01
1.559939999999642168e-01
1.354420000000118307e-01
9.328799999997272607e-02
1.203930000000354994e-01
7.823799999999891952e-02
7.548900000000458022e-02
1.079409999999825231e-01
1.367689999999583961e-01
1.024340000000165674e-01
1.477449999999862484e-01
1.618860000000381660e-01
1.592659999999455067e-01
1.640580000000113614e-01
1.982130000000097425e-01
1.567019999999956781e-01
2.360370000000102664e-01
1.429740000000379041e-01
1.047169999999937318e-01
2.460790000000088185e-01
1.143649999999638567e-01
1.417000000000143700e-01
1.500220000000354048e-01
1.418209999999930915e-01
7.888399999995954204e-02
7.879000000002633897e-02
8.450899999996863698e-02
9.234800000001541775e-02
1.597120000000131768e-01
1.553509999999960201e-01
8.468399999998155181e-02
1.102460000000178297e-01
8.611200000001417720e-02
9.234199999997372288e-02
1.681249999999749889e-01
2.349470000000337677e-01
1.448290000000156397e-01
2.673980000000142354e-01
1.428019999999605716e-01
3.726980000000139626e-01
1.249480000000176005e-01
1.009599999999295505e-01
1.282610000000659056e-01
2.276420000000030086e-01
1.593139999999948486e-01
9.820700000000215368e-02
2.509099999999762076e-01
1.264679999999884785e-01
1.290060000000039508e-01
2.062020000000188702e-01
3.066789999999741667e-01
2.356060000000184118e-01
1.348910000000387299e-01
1.056339999999522661e-01
2.517990000000054351e-01
1.667830000000094515e-01
2.321599999999648389e-01
1.472780000000284417e-01
2.051480000000083237e-01
1.380060000000185028e-01
2.219420000000127402e-01
1.321019999999748507e-01
2.549440000000231521e-01
1.302359999999680440e-01
1.282209999999963657e-01
1.498090000000047439e-01
2.280690000000049622e-01
1.179349999999885767e-01
2.437709999999810861e-01
1.321659999999837964e-01
2.744940000000042346e-01
7.601160000000390937e-01
