2.239785800000000293e+01
9.580239999999946576e-01
7.655247000000002799e+00
5.241699999999980264e-01
3.908509999999978390e-01
7.695486000000002491e+00
5.658859999999990009e-01
4.149269999999987135e-01
8.106042000000002190e+00
3.793849999999991951e-01
3.374299999999998079e+00
3.648825000000002206e+00
2.366289999999935389e-01
1.222272000000003800e+00
2.127129999999937127e-01
3.484420000000056916e-01
1.307760000000115497e-01
1.432589999999862584e-01
2.791590000000070404e-01
1.583730000000116434e-01
4.575376999999988925e+00
1.823209000000005631e+00
2.848939999999942074e-01
3.747440000000068494e-01
1.740842999999983931e+00
2.101396000000008257e+00
2.045751999999993131e+00
4.020445000000009372e+00
1.892370000000056507e-01
1.268168299999999249e+01
1.982829999999893289e-01
1.394600000000139062e-01
4.763975000000002069e+00
1.576349999999990814e-01
2.466329999999885558e-01
2.740280000000012706e-01
2.072035000000013838e+00
1.064498999999997864e+00
3.385299999999773490e-01
6.613970000000222171e-01
4.469632999999987533e+00
3.553090000000054260e-01
3.478849999999908960e-01
1.277801999999994109e+00
2.679080000000197970e-01
2.737245999999984747e+00
3.634610000000151331e-01
2.833271999999993795e+00
2.471840000000185000e-01
2.565649999999806141e-01
3.691184000000006904e+00
5.250920000000007803e-01
5.194889999999929842e-01
6.669062999999994190e+00
2.659330000000181826e-01
2.480181999999985010e+00
3.534720000000106666e-01
1.723849999999998772e+00
2.112297999999981357e+00
2.057603000000000293e+00
3.705070000000034725e-01
1.691584000000005972e+00
2.617705000000000837e+00
3.380439999999964584e-01
2.805400000000020100e+00
2.607459999999832689e-01
2.586510000000146192e-01
2.390579999999999927e-01
2.613809999999716638e-01
3.717843000000016218e+00
1.914142999999995709e+00
1.867479999999943630e-01
3.029967999999996664e+00
1.970709999999940010e-01
1.771260000000154378e-01
5.815739999999891552e-01
1.824850000000139971e-01
2.235990000000072087e-01
2.300260000000093896e-01
7.050600000000031287e-01
3.023008999999973412e+00
3.724770000000034997e-01
1.730890999999985524e+00
5.342329000000006545e+00
1.215195999999991727e+00
3.144870000000139498e-01
2.797371999999995751e+00
2.556690000000116925e-01
2.536749999999869942e-01
2.533900000000244290e-01
1.473925600000001168e+01
2.135288999999971793e+00
3.914249999999981355e-01
1.701185000000009495e+00
2.080026999999972759e+00
6.261975000000006730e+00
2.395290000000045438e-01
2.532630000000324344e-01
1.414820999999989226e+00
1.844629999999938263e-01
2.032769999999857191e-01
3.062670000000196069e-01
5.367699999999899774e-01
2.823570000000188429e-01
2.632419999999910942e-01
1.158681000000001404e+00
1.484679999999798383e-01
1.540090000000304826e-01
1.328689999999710381e-01
1.397080000000130440e-01
1.391830000000027212e-01
2.078669999999931406e-01
1.390620000000239997e-01
1.319169999999871834e-01
1.369980000000055043e-01
1.466549999999813281e-01
1.409410000000264063e-01
2.390279999999620486e-01
4.223293000000012398e+00
2.558120000000201344e-01
2.832981000000017957e+00
7.091019999999446100e-01
5.947847000000024309e+00
2.589510000000245782e-01
3.425069999999834636e-01
1.739546999999959098e+00
3.751190000000406144e-01
1.714861999999982345e+00
3.422079999999994016e-01
1.706399000000033084e+00
3.664129999999659049e-01
1.763700000000198997e-01
5.826263000000011516e+00
2.004614999999972724e+00
3.566560000000151831e-01
5.972642999999976610e+00
1.615090000000236614e-01
1.667409999999733827e-01
1.721630000000402561e-01
3.293499999999767169e-01
3.748404999999991105e+00
2.129916000000008580e+00
2.982787999999999329e+00
3.566479999999955908e+00
2.074330000000372820e-01
1.087276999999971849e+00
3.820249999999987267e-01
4.060370000000261825e-01
1.321499000000017077e+00
3.912949999999568718e-01
3.851137999999991735e+00
1.702870000000302753e-01
1.737689999999929569e-01
2.002760000000307627e-01
3.428069999999934225e-01
4.382237999999972544e+00
2.045466999999973723e+00
3.685870000000477376e-01
1.689564999999959127e+00
2.029746000000045569e+00
8.119853999999975258e+00
3.310558000000014545e+00
2.056688000000008287e+00
2.928445000000010623e+00
3.036041000000011536e+00
2.743009999999799220e-01
3.719839999999976499e-01
1.701233000000001994e+00
3.922200000000088949e-01
2.524481999999977688e+00
3.298923999999999523e+00
3.596610000000168839e-01
1.645416999999952168e+00
4.075300000000652290e-01
2.508565999999973428e+00
3.292703999999957887e+00
3.613090000000624968e-01
3.801109999999994216e-01
1.297998000000006869e+00
3.544129999999654501e-01
2.156170000000031450e+00
3.473489999999515021e-01
3.309459000000060769e+00
3.738759999999388128e-01
4.023230000000239670e-01
1.651431999999999789e+00
2.180490000000020245e+00
3.294329999999945358e-01
3.339545999999984360e+00
3.568940000000111468e-01
3.946290000000090004e-01
1.016919999999970514e+00
2.364999999999781721e-01
3.935480000000097789e-01
3.790500000000065484e-01
1.815701000000046861e+00
3.140040000000112741e-01
2.285121599999996533e+01
3.643796700000001465e+01
6.310116999999991094e+00
1.587153000000000702e+00
3.276159999999777028e-01
3.931750000000420187e-01
2.157567999999969288e+00
1.179124999999999091e+00
3.569079999999758002e-01
3.756190000000287910e-01
1.286159999999995307e+00
4.862810000000195032e-01
3.640369999999961692e-01
1.178950999999983651e+00
3.471499999999991815e-01
3.794560000000046784e-01
1.290697999999963486e+00
4.750170000000366599e-01
3.813089999999874635e-01
1.164675999999985834e+00
3.542270000000371510e-01
3.629429999999729262e-01
1.272626999999999953e+00
5.091610000000059699e-01
3.719040000000291002e-01
1.162089999999977863e+00
3.333339999999793690e-01
3.637459999999919091e-01
1.286740000000065720e+00
4.998169999999504398e-01
3.450780000000577274e-01
1.143409999999960291e+00
3.765109999999936008e-01
3.816929999999842948e-01
