5.541750000000000842e-01
3.768109999999995630e-01
3.173850000000002503e-01
5.247850000000000570e-01
3.997880000000000322e-01
5.494250000000002743e-01
4.005369999999999209e-01
3.198159999999994341e-01
5.419960000000001443e-01
3.949160000000002668e-01
5.785619999999997987e-01
2.699390000000008172e-01
1.331349999999984490e-01
3.045270000000011024e-01
5.512820000000004939e-01
3.963089999999995783e-01
5.465770000000009787e-01
1.490079999999984750e-01
2.453850000000006304e-01
1.396110000000003737e-01
1.690449999999987796e-01
5.569939999999995450e-01
2.214500000000008129e-01
1.824849999999997863e-01
2.495860000000007517e-01
1.088970000000006877e-01
1.974279999999986046e-01
4.053780000000006822e-01
3.067080000000004247e-01
3.913999999999990820e-01
1.510810000000013531e-01
1.694899999999979201e-01
2.272730000000002804e-01
5.571540000000005932e-01
4.051359999999988304e-01
3.319250000000000256e-01
5.583700000000018093e-01
4.001819999999991495e-01
5.807190000000002073e-01
2.536130000000014206e-01
1.968199999999988847e-01
3.114140000000009678e-01
1.154479999999971085e-01
1.065430000000020527e-01
1.331349999999993372e-01
1.875990000000022917e-01
1.426359999999959882e-01
5.844100000000196360e-02
1.729629999999993117e-01
2.577300000000093405e-02
1.022040000000004056e-01
4.555270000000000152e-01
4.036509999999999820e-01
1.812409999999999854e-01
4.860800000000153887e-02
8.970699999999709462e-02
5.549930000000031782e-01
3.725979999999964321e-01
5.441610000000025593e-01
2.825859999999984495e-01
1.342040000000004341e-01
3.057300000000005014e-01
1.056839999999965585e-01
4.538750000000000284e-01
1.324700000000014199e-01
2.444829999999988956e-01
5.505689999999994200e-01
4.085000000000000853e-01
3.078750000000027853e-01
5.192990000000001771e-01
3.929830000000009704e-01
1.603300000000018599e-01
2.040959999999962804e-01
1.825660000000013383e-01
2.001009999999965316e-01
3.390500000000429281e-02
1.760009999999958552e-01
3.129550000000023147e-01
1.417329999999985546e-01
3.797470000000018331e-01
1.346999999999987097e-01
6.283699999999825536e-02
1.886800000000050659e-01
1.160439999999987037e-01
4.282819999999993854e-01
3.999759999999987770e-01
3.149359999999994386e-01
5.315530000000023847e-01
3.967929999999988411e-01
5.348460000000017089e-01
2.662000000000013245e-01
1.475589999999975532e-01
3.078900000000004411e-01
5.366829999999964684e-01
1.493090000000023565e-01
2.338210000000024991e-01
1.120680000000007226e-01
4.395819999999979188e-01
4.135839999999966210e-01
3.117870000000024788e-01
5.124689999999993972e-01
4.023150000000015325e-01
1.976760000000012951e-01
1.304689999999979477e-01
6.938299999999486545e-02
1.420870000000036271e-01
6.105900000000019645e-02
6.854700000000235605e-02
2.851309999999998013e-01
3.163209999999949673e-01
3.742840000000029477e-01
1.457839999999990255e-01
1.557420000000035998e-01
2.652400000000199043e-02
2.098060000000003811e-01
1.468969999999956144e-01
1.353310000000007562e-01
2.269000000000005457e-01
4.095900000000085583e-02
1.294339999999962743e-01
2.525790000000043278e-01
2.901489999999995462e-01
5.454000000000007731e-01
3.768779999999978259e-01
2.989630000000005339e-01
2.200490000000030477e-01
3.425000000000011369e-02
1.432409999999961769e-01
4.872299999999540887e-02
1.956680000000048381e-01
3.098910000000003606e-01
1.035350000000008208e-01
4.174909999999982801e-01
1.351820000000003574e-01
2.442109999999999559e-01
1.125550000000004047e-01
1.662409999999994170e-01
2.343879999999955999e-01
1.676290000000051350e-01
5.109599999999403508e-02
1.773890000000051259e-01
3.045410000000003947e-01
5.301589999999976044e-01
3.788290000000031910e-01
1.850549999999984152e-01
9.893899999999433703e-02
8.412200000000780165e-02
1.432859999999962497e-01
3.682400000000285445e-02
1.338050000000023942e-01
2.539029999999939946e-01
2.870690000000024611e-01
1.520650000000003388e-01
2.387859999999975003e-01
1.561050000000037130e-01
1.566410000000004743e-01
2.321069999999991751e-01
2.836350000000038563e-01
2.328229999999962274e-01
1.695919999999944139e-01
2.502630000000038990e-01
3.110399999999984288e-01
5.430570000000045638e-01
3.833380000000019550e-01
2.696089999999955467e-01
2.369020000000006121e-01
4.366199999999764714e-02
1.319760000000016475e-01
2.540289999999956194e-01
1.618220000000079040e-01
1.479969999999966035e-01
5.217320000000000846e-01
1.573380000000028645e-01
2.307199999999980378e-01
3.072299999999970055e-01
2.228260000000048535e-01
1.701440000000005170e-01
2.295149999999921420e-01
3.025990000000078339e-01
5.358889999999973952e-01
3.639429999999990173e-01
2.999100000000254340e-02
1.354099999999931470e-01
1.678040000000038390e-01
2.203149999999993724e-01
1.354320000000015511e-01
3.722599999999687270e-02
5.118300000000175487e-02
1.569690000000036889e-01
3.985099999999164311e-02
2.806570000000050413e-01
2.993400000000434602e-02
1.091169999999976881e-01
2.517539999999982570e-01
1.605230000000048562e-01
1.344799999999963802e-01
2.300240000000002283e-01
3.074569999999994252e-01
2.225090000000022883e-01
3.108399999999278407e-02
1.385690000000039390e-01
2.498950000000021987e-01
3.021609999999981255e-01
5.301700000000053592e-01
3.900369999999995230e-01
2.947409999999948127e-01
2.191170000000042251e-01
2.840499999999934744e-02
1.457639999999926772e-01
2.392570000000091568e-01
3.092989999999957718e-01
5.202530000000038513e-01
1.683049999999894908e-01
2.048070000000095092e-01
2.993419999999957781e-01
2.144009999999951788e-01
3.405600000000674754e-02
1.331789999999912766e-01
5.147800000000302134e-02
1.992100000000007753e-01
3.037470000000084269e-01
1.069109999999966476e-01
2.533990000000017062e-01
1.741770000000002483e-01
3.792929999999969937e-01
2.800560000000018590e-01
1.821839999999994575e-01
4.218200000000393857e-02
1.475259999999920524e-01
2.533170000000026789e-01
1.626940000000018927e-01
2.858600000000421915e-02
5.756899999999376405e-02
6.332900000000307728e-02
1.321709999999924889e-01
8.038499999999970669e-02
1.035000000000039222e-01
5.688100000000417822e-02
5.703799999999858983e-02
9.548499999999648935e-02
1.481110000000001037e-01
1.025430000000042696e-01
1.094369999999997844e-01
1.610760000000013292e-01
1.226429999999965048e-01
8.041900000000623550e-02
5.596299999999843067e-02
8.615799999999751435e-02
6.989799999999490865e-02
1.094440000000034274e-01
1.369100000000003092e-01
5.828900000000203363e-02
1.045489999999986708e-01
9.866799999999642523e-02
2.866800000000324644e-02
1.042290000000036798e-01
2.761199999999774946e-02
2.125909999999890942e-01
1.559620000000023765e-01
1.749110000000086984e-01
9.360799999999613874e-02
1.091620000000048663e-01
1.292089999999959105e-01
1.788700000000034152e-01
2.165149999999940178e-01
3.064600000000439195e-02
1.175159999999948468e-01
1.293629999999978963e-01
2.562830000000104747e-01
1.550269999999969173e-01
1.298299999999983356e-01
2.995700000000312002e-02
9.921599999999131114e-02
3.576700000000698765e-02
7.656300000000015871e-02
1.485989999999972611e-01
1.520160000000103651e-01
1.030689999999907513e-01
1.773170000000021673e-01
7.268099999998867133e-02
1.562410000000085120e-01
2.111570000000000391e-01
1.452929999999952315e-01
4.311300000000528598e-02
1.092170000000010077e-01
1.207789999999988595e-01
1.157659999999935962e-01
1.519540000000034752e-01
1.264220000000051414e-01
2.903299999999831016e-02
9.426100000000303680e-02
1.091480000000046857e-01
1.374589999999926704e-01
2.507680000000078735e-01
1.609509999999829688e-01
1.044880000000034670e-01
4.692599999999913507e-02
1.114500000000049340e-01
5.544500000000596174e-02
6.022699999999758802e-02
1.095130000000068549e-01
1.313379999999995107e-01
1.810789999999826705e-01
9.273000000001729859e-02
1.137759999999872207e-01
6.427400000001171065e-02
8.752499999999940883e-02
1.573049999999938109e-01
1.106580000000008113e-01
9.329900000000179716e-02
1.469740000000001601e-01
2.866299999999455395e-02
1.361320000000034725e-01
5.217000000000382443e-02
5.050599999998439671e-02
3.357000000001164608e-02
2.249059999999900583e-01
8.996600000000398722e-02
7.000700000000392720e-02
6.076900000000762248e-02
4.592299999998772364e-02
3.626100000001031276e-02
5.968399999999007832e-02
3.114600000000677937e-02
1.166249999999990905e-01
1.327789999999993142e-01
8.106899999999939155e-02
7.730400000001225180e-02
1.047599999999846432e-01
1.517560000000059972e-01
1.436209999999960019e-01
1.045429999999925030e-01
1.146050000000116142e-01
1.357419999999933680e-01
1.411690000000049849e-01
2.522500000000604814e-02
1.936229999999881102e-01
1.692800000000147520e-01
1.600049999999839656e-01
7.438900000001069657e-02
1.332519999999988158e-01
1.459209999999870888e-01
2.631260000000139598e-01
1.330479999999880647e-01
1.361750000000085947e-01
1.550309999999939237e-01
1.065169999999966421e-01
1.024380000000064683e-01
1.494759999999928368e-01
1.809050000000098635e-01
9.836199999999450938e-02
1.164310000000057244e-01
1.403729999999967504e-01
1.578480000000013206e-01
1.068599999999975125e-01
9.640400000000681757e-02
1.603439999999949350e-01
1.314380000000028303e-01
1.289519999999981792e-01
1.210779999999971324e-01
1.475140000000010332e-01
1.451660000000032369e-01
5.361399999999605370e-02
4.503000000001122771e-02
1.295699999999868623e-01
1.481729999999998881e-01
4.001100000000690216e-02
1.161419999999964148e-01
2.836600000000544242e-02
1.163619999999951915e-01
6.856200000000001182e-02
6.836099999999589727e-02
9.452100000000029922e-02
1.654570000000035179e-01
1.026540000000011332e-01
1.100490000000036162e-01
1.417950000000018917e-01
3.121099999999898955e-02
1.072959999999909542e-01
2.560350000000113369e-01
1.551049999999918327e-01
4.609699999998895237e-02
8.369200000001342232e-02
3.378399999999714964e-02
2.217460000000102127e-01
1.192139999999994870e-01
2.518899999998325256e-02
1.617660000000000764e-01
8.433500000001004082e-02
8.815900000000453929e-02
1.724370000000021719e-01
1.594549999999941292e-01
2.217769999999887887e-01
1.453610000000082891e-01
1.488870000000019900e-01
2.408920000000023265e-01
1.483349999999887814e-01
1.442499999999995453e-01
1.340780000000023620e-01
9.502600000000427372e-02
1.427890000000076043e-01
1.688729999999907250e-01
8.403099999999597003e-02
5.042200000001173521e-02
8.968399999999121519e-02
1.267200000000059390e-01
1.264999999999929514e-01
4.604799999999897864e-02
9.472499999999683951e-02
1.122140000000086957e-01
1.468179999999961183e-01
1.300890000000123337e-01
1.184249999999877900e-01
1.309289999999947440e-01
1.611130000000002838e-01
1.429120000000096979e-01
2.181169999999923448e-01
1.368110000000086757e-01
1.469259999999934507e-01
1.019820000000066784e-01
1.247559999999907632e-01
1.501260000000144146e-01
1.757229999999907477e-01
4.860600000000658838e-02
1.491059999999890806e-01
1.460760000000078662e-01
3.712510000000008858e-01
1.661110000000007858e-01
1.101609999999908496e-01
4.649000000000569344e-02
9.009199999999850661e-02
1.147390000000001464e-01
1.440140000000127429e-01
1.416769999999871743e-01
2.340360000000032414e-01
1.399749999999926331e-01
1.374070000000102709e-01
2.364319999999935362e-01
3.186900000000036925e-02
1.170100000000076079e-01
1.296699999999901820e-01
1.297090000000054033e-01
1.402789999999924930e-01
1.355870000000010123e-01
1.115830000000102018e-01
5.590399999998396652e-02
1.765920000000136270e-01
4.331399999999518968e-02
1.324139999999971451e-01
1.576740000000000919e-01
1.063180000000158998e-01
9.461199999999791999e-02
3.013099999999724332e-02
1.192169999999919128e-01
1.602319999999934907e-01
2.284720000000106666e-01
4.728899999999214288e-02
9.995400000001097851e-02
1.604219999999969559e-01
2.533249999999895863e-01
7.400600000001134049e-02
6.005599999998878502e-02
1.291810000000168657e-01
2.620499999999026386e-02
1.453429999999968913e-01
7.546899999999823194e-02
1.548060000000077707e-01
1.535839999999950578e-01
1.011719999999911579e-01
1.214400000000068758e-01
1.363460000000173977e-01
1.756449999999887268e-01
8.901299999999423562e-02
1.232770000000016353e-01
1.451350000000104501e-01
1.417629999999974189e-01
1.116229999999944766e-01
1.447639999999950078e-01
1.355080000000015161e-01
1.268570000000011078e-01
3.346700000000168984e-02
1.863510000000019318e-01
1.705010000000015680e-01
1.253909999999933689e-01
3.522500000001116405e-02
7.631099999998980365e-02
1.279719999999997526e-01
1.544389999999964402e-01
1.532700000000062346e-01
5.401700000000175805e-02
1.606840000000033797e-01
1.449179999999898882e-01
1.494370000000060372e-01
1.739259999999944739e-01
2.204420000000055779e-01
1.550969999999978199e-01
2.232460000000031641e-01
1.476140000000043528e-01
1.832320000000038362e-01
1.920209999999968886e-01
1.484209999999848151e-01
1.650230000000050268e-01
2.290330000000011523e-01
1.524120000000124264e-01
1.373209999999858155e-01
2.499710000000021637e-01
1.496690000000029386e-01
1.427300000000002456e-01
2.255810000000053606e-01
1.482900000000029195e-01
1.580729999999874735e-01
2.280870000000021491e-01
1.434110000000003993e-01
1.600930000000033715e-01
7.511799999998913790e-02
1.322360000000060154e-01
5.506099999999491956e-02
9.030800000000738237e-02
1.612640000000027385e-01
2.283000000000043883e-01
1.669199999999904094e-01
1.336170000000009850e-01
2.539699999999811553e-02
2.097480000000047085e-01
1.418589999999966267e-01
1.535240000000044347e-01
9.975199999999517786e-02
1.306440000000037571e-01
3.452699999999708780e-02
1.100240000000098917e-01
1.624779999999930169e-01
1.494840000000010605e-01
5.484199999999361808e-02
3.007300000001578155e-02
1.225729999999884967e-01
1.767179999999939355e-01
2.090630000000004429e-01
1.505520000000046821e-01
1.674190000000095324e-01
2.128879999999924166e-01
1.527659999999997353e-01
2.653739999999942256e-01
1.029680000000041673e-01
1.657179999999982556e-01
1.431630000000012615e-01
6.535600000000840737e-02
1.703589999999906013e-01
1.154729999999943857e-01
2.814200000000255386e-02
2.378199999999992542e-01
1.255530000000106838e-01
1.397489999999947941e-01
1.538800000000009049e-01
2.156299999999902184e-01
1.394600000000139062e-01
1.846239999999994552e-01
2.301179999999902748e-01
1.479730000000074597e-01
9.069499999999663942e-02
6.942300000000045657e-02
9.911700000000678301e-02
1.141719999999963875e-01
1.500849999999900319e-01
1.164850000000114960e-01
1.893939999999929569e-01
5.052899999999738156e-02
4.971299999999700958e-02
1.433990000000164855e-01
1.268309999999956972e-01
3.404499999999188731e-02
1.224270000000018399e-01
1.009330000000119298e-01
1.368579999999894881e-01
1.601020000000090704e-01
7.773899999999400734e-02
4.658299999999826468e-02
8.343700000000353612e-02
5.698699999999234933e-02
1.012420000000133768e-01
1.044379999999875963e-01
5.677400000000432101e-02
5.411999999999750344e-02
3.688300000000310774e-02
1.235799999999898091e-01
1.458970000000050504e-01
1.121540000000038617e-01
4.018999999999550710e-02
2.340319999999991296e-01
1.448919999999986885e-01
1.535040000000122973e-01
4.927799999998683234e-02
1.478550000000069531e-01
1.595269999999970878e-01
2.961600000000430555e-02
8.366900000000043747e-02
4.746600000000000819e-02
1.024150000000076943e-01
3.981599999998763906e-02
2.005300000000005411e-01
1.720630000000085147e-01
8.393299999998760086e-02
3.544999999999731699e-02
9.726500000000726232e-02
2.998499999999637566e-02
1.203900000000004411e-01
3.586099999999703414e-02
1.177770000000037953e-01
3.755200000000513683e-02
1.773500000000041155e-01
1.592649999999906640e-01
1.551100000000076307e-01
9.008999999998934527e-02
3.557700000000352247e-02
8.571800000001417175e-02
1.453500000000076398e-01
7.995199999997737450e-02
7.931200000000160344e-02
9.398500000001774879e-02
7.244299999999270767e-02
5.434299999998870589e-02
1.368020000000029768e-01
7.248700000000951604e-02
9.015399999998408020e-02
1.887950000000131467e-01
5.563899999999932788e-02
1.101830000000063592e-01
1.519279999999980646e-01
1.879659999999887532e-01
2.735600000001170429e-02
1.457790000000045438e-01
2.899299999998561361e-02
1.250699999999937972e-01
5.351799999999684587e-02
1.786100000000061527e-01
1.579930000000047130e-01
1.425059999999973570e-01
6.242299999999545435e-02
8.709100000000091768e-02
1.204499999999910642e-01
8.527399999999829561e-02
1.848500000000115051e-01
2.448339999999973315e-01
3.501500000000135060e-02
1.257039999999989277e-01
7.099400000001310218e-02
5.043899999999723605e-02
1.316290000000037708e-01
1.034499999999951569e-01
1.558459999999968204e-01
1.349249999999955207e-01
1.219190000000054397e-01
1.175229999999913844e-01
1.350759999999979755e-01
2.683500000001970420e-02
1.159499999999979991e-01
1.155569999999954689e-01
1.247240000000005011e-01
1.132510000000053196e-01
2.622439999999954807e-01
2.898499999999160082e-02
1.128410000000030777e-01
1.433000000000106411e-01
1.524550000000033378e-01
1.081149999999837519e-01
1.164600000000177715e-01
1.537129999999820029e-01
1.544219999999967285e-01
1.138770000000022264e-01
1.034020000000026585e-01
2.653200000000310865e-02
1.096129999999959637e-01
1.716130000000077871e-01
8.241299999998830117e-02
1.294060000000030186e-01
1.449410000000028731e-01
2.428249999999962938e-01
1.370040000000045666e-01
1.455350000000095179e-01
1.554209999999898173e-01
2.273919999999947095e-01
1.489860000000078344e-01
1.702020000000032951e-01
3.612099999999429656e-02
5.279299999999409465e-02
1.305630000000093105e-01
1.269500000000078899e-01
3.757899999997960094e-02
1.213640000000140162e-01
8.798599999998657495e-02
1.319610000000039918e-01
3.688400000001479384e-02
9.339299999999184365e-02
2.315110000000117907e-01
4.573699999998837029e-02
1.224969999999956372e-01
1.263090000000062219e-01
5.502800000000718228e-02
1.057279999999991560e-01
7.620000000000004547e-02
4.025899999999182910e-02
1.173160000000024183e-01
1.442399999999963711e-01
1.867850000000146338e-01
6.051999999999679858e-02
1.332879999999789788e-01
1.141300000000029513e-01
4.897499999999865850e-02
1.174550000000067485e-01
1.016109999999912361e-01
1.057789999999982911e-01
1.467360000000184073e-01
1.573980000000005930e-01
9.706099999998230032e-02
1.311830000000071550e-01
1.315340000000020382e-01
1.524319999999903530e-01
8.204900000002623983e-02
1.475139999999868223e-01
1.589749999999980901e-01
1.320919999999858874e-01
9.202400000000920954e-02
3.172000000002128672e-02
1.224629999999820029e-01
1.389639999999872089e-01
1.455490000000025930e-01
1.114290000000011105e-01
1.176060000000092032e-01
1.414050000000059981e-01
1.478869999999830043e-01
8.237400000000150158e-02
3.061100000000749333e-02
1.322290000000094778e-01
1.386679999999955726e-01
1.544519999999920401e-01
1.415270000000106165e-01
9.486399999998695876e-02
1.537509999999997490e-01
1.436670000000219716e-01
8.981299999997816030e-02
1.522520000000042728e-01
1.455950000000001410e-01
5.629700000000070759e-02
1.005900000000110595e-01
9.754900000000077398e-02
1.215729999999979327e-01
1.412979999999919301e-01
2.709600000000165210e-01
1.353279999999728034e-01
1.258160000000145828e-01
1.579189999999925931e-01
5.518999999999607553e-02
4.973100000000840737e-02
1.333400000000040109e-01
1.244480000000010023e-01
1.409260000000074342e-01
1.479959999999920228e-01
8.662599999999542888e-02
4.699099999999134525e-02
1.061970000000087566e-01
1.351199999999863621e-01
1.336519999999978836e-01
1.346770000000105938e-01
1.198329999999998563e-01
1.897160000000042146e-01
8.345699999999567353e-02
5.133800000001542685e-02
8.002799999998444491e-02
4.298400000000413002e-02
8.843300000000908767e-02
1.506530000000054770e-01
2.295529999999956772e-01
1.494189999999946394e-01
1.827679999999958227e-01
1.010210000000029140e-01
1.215329999999994470e-01
1.722469999999987067e-01
1.064159999999958472e-01
5.889500000002101388e-02
5.578399999997429859e-02
1.061260000000032733e-01
1.510470000000054824e-01
2.822199999998531439e-02
1.394810000000177297e-01
4.161400000000980981e-02
5.089499999999702595e-02
1.314560000000000173e-01
1.367049999999778720e-01
1.519940000000161717e-01
1.150260000000002947e-01
1.250510000000133459e-01
1.513359999999863703e-01
1.336790000000007694e-01
1.214959999999933871e-01
1.352570000000099526e-01
1.355729999999937263e-01
1.271629999999959182e-01
1.231870000000014898e-01
1.185720000000003438e-01
1.410830000000089512e-01
2.653030000000029531e-01
1.347359999999895308e-01
1.236370000000022173e-01
1.635309999999776664e-01
7.141800000002263005e-02
3.297100000000341424e-02
9.932000000000584805e-02
1.519130000000075142e-01
2.358949999999992997e-01
3.070199999999090323e-02
1.445190000000025066e-01
2.931599999999434658e-02
9.517699999997830673e-02
1.510310000000174568e-01
8.354099999999675674e-02
1.276979999999809934e-01
1.383350000000120872e-01
1.563390000000026703e-01
7.694600000002083107e-02
1.576249999999959073e-01
1.389939999999967313e-01
1.463779999999985648e-01
1.128159999999809315e-01
1.191960000000165110e-01
1.443170000000009168e-01
1.328859999999849606e-01
1.223340000000234795e-01
1.488469999999892934e-01
3.238100000001509216e-02
1.123249999999984539e-01
2.428740000000004784e-01
1.111989999999991596e-01
1.207499999999868123e-01
2.632979999999918164e-01
2.585600000000454202e-02
1.163569999999936044e-01
1.508739999999875181e-01
1.440860000000157015e-01
2.363909999999975753e-01
1.464929999999924348e-01
1.654120000000034452e-01
9.731000000002154593e-02
1.266029999999886968e-01
3.579300000001239823e-02
9.606899999999995998e-02
1.570709999999735373e-01
1.012010000000032051e-01
1.255470000000116215e-01
1.336880000000064683e-01
1.937910000000044874e-01
7.630299999999579086e-02
1.038100000000099499e-01
1.554730000000006385e-01
1.469389999999748397e-01
8.078300000002514025e-02
4.576999999997610757e-02
1.144909999999867978e-01
1.339410000000214040e-01
3.731700000000159889e-02
1.029580000000009932e-01
1.143969999999967513e-01
1.239119999999900301e-01
3.924200000002997513e-02
1.043289999999785778e-01
1.350380000000086511e-01
1.040059999999982665e-01
1.267499999999870397e-01
4.379199999999627835e-02
9.569899999999620377e-02
1.520760000000223044e-01
9.876699999998095336e-02
1.051950000000090313e-01
3.009800000000950604e-02
1.380029999999976553e-01
1.428279999999801930e-01
2.287070000000142045e-01
1.340940000000045984e-01
2.712299999998890598e-02
1.319249999999954071e-01
1.230700000000126693e-01
1.043420000000025993e-01
3.073699999998780186e-02
9.826700000002119850e-02
1.706839999999658630e-01
1.273360000000138825e-01
9.420800000000895125e-02
1.345239999999989777e-01
1.584660000000042146e-01
1.155850000000100408e-01
7.699999999999818101e-02
5.588199999996845690e-02
1.284080000000074051e-01
4.940900000002557135e-02
5.713299999996479528e-02
3.975100000002385059e-02
1.388699999999971624e-01
1.154909999999915726e-01
1.333810000000141827e-01
1.566500000000132786e-01
9.542299999998249405e-02
1.372240000000033433e-01
1.396279999999876509e-01
3.388499999999794454e-02
1.039440000000126929e-01
1.040979999999933625e-01
1.158210000000110540e-01
1.489879999999743632e-01
9.849800000000641376e-02
4.805200000001264016e-02
1.023329999999873507e-01
7.516800000001921944e-02
6.143399999999132888e-02
1.329080000000146811e-01
4.772499999998558451e-02
3.401999999999816282e-02
6.744299999999725514e-02
1.134160000000008495e-01
2.888500000000249202e-02
8.713400000002025081e-02
1.649649999999667216e-01
1.378260000000182117e-01
9.838799999997149826e-02
1.144030000000100245e-01
1.500160000000221316e-01
1.513909999999896172e-01
9.587999999999397005e-02
4.748900000001299304e-02
8.554599999999368265e-02
1.335980000000063228e-01
1.154160000000103992e-01
5.419299999996951556e-02
9.044000000002938577e-02
1.490819999999928314e-01
1.286699999999711963e-01
1.009020000000191430e-01
3.127699999998867497e-02
1.092010000000129821e-01
1.355240000000037526e-01
2.634799999998449493e-02
9.943400000000224281e-02
1.696689999999989595e-01
1.021739999999908832e-01
1.322450000000401360e-01
1.294529999999838310e-01
1.431190000000128748e-01
2.960099999998533349e-02
8.928199999999719694e-02
1.150250000000028194e-01
1.526149999999972806e-01
2.070809999999880802e-01
4.138100000000122236e-02
1.164410000000088985e-01
1.431350000000009004e-01
1.203629999999975553e-01
7.936000000000831278e-02
1.780989999999746942e-01
1.553700000000333148e-01
1.442309999999906722e-01
1.019959999999855427e-01
1.369019999999920856e-01
1.253790000000094551e-01
1.525670000000332038e-01
3.665699999996263614e-02
6.921900000000391628e-02
1.116590000000030614e-01
1.436750000000017735e-01
1.565769999999986339e-01
9.569700000000125328e-02
1.326960000000099171e-01
1.299009999999896081e-01
4.059699999999111242e-02
1.095830000000148630e-01
1.111040000000116379e-01
1.234379999999930533e-01
1.497479999999882239e-01
1.332500000000038654e-01
1.010240000000237615e-01
1.363470000000006621e-01
1.006729999999720349e-01
4.113699999999198553e-02
1.336009999999987485e-01
1.041590000000098826e-01
1.273630000000025575e-01
1.397170000000187429e-01
1.473989999999787415e-01
5.874600000001350963e-02
4.582600000000525142e-02
1.142649999999889587e-01
1.459089999999889642e-01
1.531580000000190012e-01
7.595799999998575913e-02
2.867399999999520332e-02
1.329770000000110031e-01
1.350830000000087239e-01
1.396760000000085711e-01
8.493999999998891326e-02
4.144200000001774242e-02
1.073439999999834527e-01
2.759100000000103137e-02
3.181899999998449857e-02
8.709899999999493048e-02
1.561220000000105301e-01
1.101670000000183336e-01
1.088249999999959527e-01
2.533399999998664498e-02
1.158680000000060772e-01
1.541300000000092041e-01
3.107099999999718420e-02
6.804299999998875137e-02
1.290290000000027248e-01
6.367399999999179272e-02
4.957600000000184082e-02
7.517000000001416993e-02
9.672899999998207932e-02
1.179390000000068994e-01
1.264680000000169002e-01
1.419899999999927331e-01
1.512179999999716529e-01
3.256700000002865636e-02
7.506499999999505235e-02
7.597300000000473119e-02
5.876799999998638668e-02
1.163620000000094024e-01
7.723999999998909516e-02
9.244200000000546424e-02
1.203130000000101063e-01
1.112969999999791071e-01
1.436769999999967240e-01
1.573790000000201417e-01
9.903399999998896419e-02
1.301420000000064192e-01
1.278829999999970823e-01
1.592689999999947759e-01
2.431980000000066866e-01
1.478389999999762949e-01
1.546040000000061809e-01
9.891700000002856541e-02
1.352109999999981937e-01
1.411799999999914235e-01
1.487869999999986703e-01
1.155249999999909960e-01
1.084769999999934953e-01
1.470630000000312521e-01
2.576089999999737756e-01
1.316249999999854481e-01
1.398480000000290602e-01
1.626699999999914326e-01
2.379850000000089949e-01
1.454390000000103100e-01
1.587319999999863285e-01
1.157829999999933079e-01
1.375360000000114269e-01
1.394149999999854117e-01
1.429699999999911597e-01
1.208120000000292293e-01
1.064790000000073178e-01
9.723799999997595478e-02
5.437200000000075306e-02
2.629530000000102063e-01
1.290719999999794254e-01
7.323600000000851651e-02
5.472100000000068576e-02
1.320269999999936772e-01
2.634270000000071832e-01
1.345810000000255968e-01
1.549289999999814427e-01
1.092690000000118289e-01
1.263819999999782340e-01
1.446940000000154214e-01
4.798499999998284693e-02
2.020060000000114542e-01
1.296659999999860702e-01
1.402940000000114651e-01
2.673939999999959127e-01
1.332450000000164891e-01
1.263439999999889096e-01
3.579000000001997250e-02
1.147729999999853590e-01
1.082599999999729334e-01
1.210470000000043456e-01
1.378559999999993124e-01
1.715310000000158652e-01
9.490400000001386616e-02
1.428029999999864685e-01
1.093740000000025248e-01
4.735099999999192733e-02
1.143990000000201235e-01
4.873499999996511178e-02
5.931700000002138040e-02
1.178089999999940574e-01
1.311479999999960455e-01
3.193200000001183980e-02
9.463800000000333057e-02
4.791000000000167347e-02
8.775900000000547152e-02
1.357869999999650190e-01
5.240000000000577529e-02
8.581400000002759043e-02
4.247399999999856846e-02
5.419699999998783824e-02
3.569999999999140528e-02
1.176470000000051641e-01
7.025200000001063927e-02
5.646000000001549779e-02
1.330759999999884258e-01
1.488500000000101409e-01
1.106449999999767897e-01
1.225560000000029959e-01
1.434930000000065320e-01
1.431139999999970769e-01
7.689200000001505941e-02
3.627599999998665226e-02
1.195579999999836218e-01
3.559000000001333319e-02
1.063779999999781012e-01
1.472350000000233194e-01
6.890799999999330794e-02
4.246399999999539432e-02
1.058199999999942520e-01
8.243200000001138505e-02
6.374000000002411070e-02
1.229189999999960037e-01
3.100100000000338696e-02
2.077799999999854208e-01
1.580559999999877618e-01
1.129789999999957217e-01
3.315400000002455272e-02
8.300699999998073508e-02
7.839300000000548607e-02
7.894600000000195905e-02
3.887699999998517342e-02
4.518000000001620720e-02
8.063999999998827661e-02
9.288000000000806722e-02
1.398810000000025866e-01
9.810400000000640830e-02
1.484879999999861866e-01
2.417429999999853862e-01
1.303070000000161599e-01
1.485160000000007585e-01
1.430770000000052278e-01
1.212470000000109849e-01
1.159059999999669799e-01
1.360040000000140026e-01
1.560790000000054079e-01
1.024779999999907432e-01
1.324760000000253513e-01
1.561049999999966076e-01
1.252639999999871634e-01
1.296189999999910469e-01
1.009530000000040673e-01
1.438900000000273849e-01
2.571789999999793963e-01
1.316349999999886222e-01
1.278970000000185792e-01
1.523199999999746979e-01
2.362680000000239033e-01
1.611200000000110322e-01
1.467229999999801748e-01
1.032040000000051805e-01
1.401329999999916254e-01
1.528560000000140917e-01
1.247489999999800148e-01
1.016920000000141044e-01
6.020000000000891305e-02
7.600299999998583189e-02
1.420290000000079544e-01
2.522659999999916636e-01
1.393950000000074851e-01
1.225680000000011205e-01
1.543899999999780448e-01
2.390370000000245909e-01
1.481749999999806278e-01
8.279699999999934334e-02
1.835650000000157434e-01
1.341889999999921201e-01
1.343500000000119599e-01
1.542780000000050222e-01
1.045989999999790143e-01
4.394800000000032014e-02
7.147299999999745523e-02
1.452189999999973224e-01
2.560780000000022483e-01
1.352050000000133423e-01
1.328060000000164109e-01
7.912599999997382838e-02
7.194300000000453110e-02
2.462790000000154578e-01
1.433229999999809934e-01
9.531899999998927342e-02
4.050300000002948764e-02
1.173309999999787578e-01
1.452230000000156451e-01
3.167700000000195359e-02
1.323779999999885604e-01
1.269539999999835800e-01
4.795400000000427099e-02
6.561800000002904198e-02
1.118909999999857519e-01
1.394060000000081345e-01
2.584239999999908832e-01
1.398039999999980409e-01
1.374600000000043565e-01
1.523799999999937427e-01
2.068270000000040909e-01
4.193799999998759631e-02
1.478550000000211639e-01
1.280799999999828742e-01
1.351590000000157943e-01
1.255710000000078708e-01
1.457549999999798729e-01
1.474970000000155324e-01
1.216349999999692955e-01
4.417500000002405613e-02
4.098299999998289422e-02
1.665910000000110358e-01
2.520469999999761512e-01
1.305870000000197706e-01
1.479500000000086857e-01
1.256270000000085929e-01
2.477480000000014115e-01
1.323079999999947631e-01
1.569879999999841402e-01
1.337350000000014916e-01
1.214140000000156761e-01
1.421589999999923748e-01
1.231170000000076925e-01
1.114350000000001728e-01
1.314469999999801075e-01
1.493770000000154141e-01
1.377669999999966421e-01
9.198399999999651300e-02
3.255400000000463479e-02
1.206970000000069376e-01
7.851499999998168278e-02
5.246999999999957254e-02
1.513430000000255404e-01
2.447819999999865104e-01
1.551959999999894535e-01
1.007130000000131531e-01
4.341800000000262116e-02
8.953999999999950887e-02
1.553039999999725751e-01
2.380120000000260916e-01
1.553120000000092205e-01
7.327999999998269232e-02
3.186800000000289401e-02
1.252049999999940155e-01
2.669820000000129312e-01
1.346049999999934244e-01
1.205970000000036180e-01
1.636120000000005348e-01
8.271799999999984720e-02
4.931599999997615669e-02
1.001640000000350028e-01
1.239649999999699048e-01
1.797679999999957090e-01
6.989300000003595414e-02
3.171899999998117892e-02
1.376950000000078944e-01
1.055219999999792435e-01
4.067100000000323234e-02
1.417509999999992942e-01
7.305099999999242755e-02
3.482600000000957152e-02
1.049749999999960437e-01
1.380440000000078271e-01
1.513140000000134933e-01
1.064219999999806987e-01
1.259090000000071541e-01
1.291789999999934935e-01
1.490700000000231285e-01
1.212349999999844385e-01
1.271690000000091914e-01
1.325879999999983738e-01
1.611780000000067048e-01
8.930099999997764826e-02
1.381149999999990996e-01
1.630910000000085347e-01
1.111160000000097625e-01
1.249969999999791526e-01
1.111000000000217369e-01
1.714369999999973970e-01
2.150879999999801839e-01
1.401820000000100208e-01
1.364370000000008076e-01
1.340600000000051750e-01
1.219399999999950523e-01
1.308510000000069340e-01
1.451419999999927768e-01
1.336990000000071177e-01
1.163849999999797546e-01
1.318590000000199325e-01
1.355749999999886768e-01
1.346880000000112432e-01
1.234729999999899519e-01
1.155029999999896972e-01
1.433250000000043656e-01
1.358460000000150103e-01
1.167340000000081091e-01
1.306130000000109703e-01
1.288039999999739393e-01
3.508600000000683394e-02
1.172709999999881347e-01
1.626980000000060045e-01
2.303770000000042728e-01
2.303029999999921529e-01
1.503399999999999181e-01
1.516990000000077998e-01
8.223399999999969623e-02
5.154899999999429383e-02
1.210650000000157434e-01
7.634400000000596265e-02
1.488589999999874181e-01
2.320459999999968659e-01
4.513499999998771273e-02
1.144120000000157233e-01
1.415859999999895535e-01
1.380780000000072505e-01
2.500610000000165201e-01
1.486119999999857555e-01
2.444140000000061264e-01
3.724099999999452848e-02
9.842399999999429383e-02
1.019970000000114396e-01
5.957799999998769636e-02
2.329770000000053187e-01
1.089320000000100208e-01
1.504030000000113887e-01
2.638109999999755928e-01
1.316799999999886950e-01
1.442540000000178679e-01
1.496970000000032996e-01
2.231399999999723605e-01
1.658780000000206201e-01
1.345110000000033779e-01
1.143359999999802312e-01
1.253110000000106083e-01
1.363609999999937372e-01
2.445370000000082200e-01
1.300510000000087985e-01
1.431419999999832271e-01
2.539620000000013533e-01
1.349990000000218515e-01
1.312269999999955417e-01
1.161800000000141608e-01
3.306099999997513805e-02
2.438380000000108794e-01
1.397779999999784195e-01
2.664000000001465196e-02
1.424820000000011078e-01
1.007359999999835054e-01
1.248110000000224318e-01
3.830300000001329863e-02
8.380599999998139538e-02
1.667980000000000018e-01
1.122170000000153323e-01
6.261899999998377098e-02
4.184399999999754982e-02
1.483529999999859683e-01
1.794210000000191485e-01
8.678599999998937164e-02
1.288290000000245072e-01
1.288059999999688898e-01
1.461610000000064247e-01
1.196459999999888169e-01
3.466800000001057924e-02
1.049810000000093169e-01
1.286350000000027194e-01
1.456560000000024502e-01
1.176989999999875636e-01
7.471200000000521868e-02
6.654799999998317617e-02
1.107800000000054297e-01
2.669299999999452666e-02
4.579599999999572901e-02
8.611900000002492561e-02
1.079949999999882948e-01
1.194629999999961001e-01
1.268230000000016844e-01
4.658800000001406261e-02
8.450799999999958345e-02
3.367899999997803206e-02
9.620900000001597618e-02
5.964499999998906787e-02
7.375100000001566514e-02
1.280559999999866250e-01
3.767700000000218097e-02
1.156530000000088876e-01
1.151450000000124874e-01
1.174049999999908778e-01
1.549339999999972406e-01
1.356289999999944484e-01
1.167780000000107066e-01
1.318269999999870379e-01
1.384610000000066066e-01
1.490469999999959327e-01
1.062300000000107048e-01
1.101539999999943120e-01
1.488420000000019172e-01
1.491049999999916054e-01
1.088269999999909032e-01
1.357630000000256132e-01
1.331359999999790489e-01
1.293739999999843349e-01
1.289150000000347518e-01
1.416619999999682022e-01
7.985400000001163789e-02
1.610469999999963875e-01
4.251100000001883927e-02
1.227020000000038635e-01
1.271710000000041418e-01
7.735499999998296516e-02
5.420399999999858665e-02
1.137439999999969586e-01
1.379540000000076816e-01
5.047300000001087028e-02
5.017099999997753912e-02
1.175200000000131695e-01
1.720329999999989923e-01
1.099580000000059954e-01
6.605599999997480154e-02
5.905300000000579530e-02
1.218360000000302534e-01
1.617099999999709325e-01
1.806019999999932679e-01
4.955400000002896377e-02
1.246669999999880929e-01
1.748979999999846768e-01
1.093820000000107484e-01
5.834999999999013198e-02
6.619800000001418994e-02
4.864300000002685920e-02
5.746699999997417763e-02
2.704600000001278204e-02
1.467879999999865959e-01
1.115389999999933934e-01
9.994800000001191620e-02
3.359499999999115971e-02
1.088029999999946540e-01
1.582280000000082509e-01
1.024079999999969459e-01
1.234849999999880765e-01
1.262820000000317577e-01
6.795999999999935426e-02
8.727299999998194835e-02
2.319620000000099935e-01
1.431939999999940483e-01
1.593210000000055970e-01
6.712200000001189437e-02
4.010899999997263876e-02
1.199930000000222208e-01
1.276589999999941938e-01
2.930499999999369720e-02
1.413380000000188375e-01
9.823899999997820487e-02
1.040870000000211348e-01
1.394279999999810116e-01
4.051699999999414104e-02
2.097020000000213713e-01
1.423690000000021882e-01
1.340199999999924785e-01
5.189199999998095336e-02
1.027579999999943539e-01
2.321780000000046584e-01
1.536729999999977281e-01
1.268560000000320542e-01
1.290259999999818774e-01
1.216169999999863194e-01
1.975390000000345481e-01
1.006059999999706633e-01
9.008099999999785723e-02
1.129820000000165692e-01
1.382419999999910942e-01
2.921299999999860120e-02
2.344470000000171694e-01
1.371460000000013224e-01
1.239219999999932043e-01
1.499560000000030868e-01
2.377839999999764586e-01
1.578719999999975698e-01
1.483950000000220371e-01
1.235039999999969496e-01
1.345719999999914762e-01
2.711400000000026012e-01
4.240200000000982072e-02
7.975799999999821921e-02
1.041250000000104592e-01
6.362599999999929423e-02
7.492600000000493310e-02
2.868599999996490624e-02
1.148280000000170276e-01
4.480200000000422733e-02
8.224199999997949817e-02
1.311709999999948195e-01
1.337540000000103646e-01
1.264229999999884058e-01
3.621500000002697561e-02
2.282639999999958036e-01
1.601109999999721367e-01
1.333950000000356795e-01
3.688500000001226908e-02
8.843199999998319072e-02
1.349869999999953052e-01
1.692790000000172768e-01
9.633999999996945007e-02
3.652900000000158798e-02
7.951900000000478030e-02
6.018900000000826367e-02
4.891799999998625026e-02
9.026500000001647095e-02
5.510300000000256659e-02
1.527639999999905740e-01
1.043949999999824740e-01
3.466700000004152571e-02
9.854799999999386273e-02
3.336899999999332067e-02
9.596700000000168984e-02
4.103100000000381442e-02
1.146889999999700649e-01
3.196600000001126318e-02
9.431399999999712236e-02
4.662700000002928391e-02
7.373899999998911881e-02
1.258449999999697866e-01
1.874490000000434975e-01
9.004499999997506166e-02
1.431059999999888532e-01
1.228950000000281761e-01
6.508699999994860264e-02
1.029070000000444907e-01
1.163640000000043528e-01
1.041209999999921365e-01
1.453710000000114633e-01
2.498499999999808097e-01
1.325530000000014752e-01
8.264900000000352520e-02
5.066500000000928594e-02
1.617160000000126274e-01
2.378459999999904539e-01
1.161099999999635202e-01
3.696900000002756315e-02
1.541699999999934789e-01
1.142849999999953070e-01
1.397100000000079945e-01
1.011000000000024102e-01
3.530299999997055238e-02
1.301570000000538130e-01
1.000009999999633692e-01
1.376500000000078217e-01
1.212960000000009586e-01
1.486010000000135278e-01
1.281139999999538759e-01
1.145580000000165910e-01
1.305480000000045493e-01
1.322649999999896409e-01
3.506200000001058470e-02
8.394700000002330853e-02
2.974199999999882493e-02
1.105459999999993670e-01
1.282160000000089894e-01
2.816999999996028237e-02
9.771200000002977504e-02
5.697000000000684850e-02
7.864699999996105362e-02
1.385439999999960037e-01
1.221620000000314121e-01
1.508139999999968950e-01
1.031969999999660104e-01
1.376550000000520413e-01
1.343850000000088585e-01
1.397409999999581487e-01
1.189439999999990505e-01
1.287550000000123873e-01
1.303850000000181808e-01
1.500679999999761094e-01
1.096240000000250348e-01
1.272199999999656939e-01
1.326320000000293930e-01
1.338540000000136843e-01
1.305249999999773536e-01
1.206150000000150158e-01
1.382569999999816446e-01
1.264760000000251239e-01
1.144029999999816027e-01
1.280990000000201690e-01
1.387079999999514257e-01
2.251180000000090331e-01
1.517220000000349955e-01
3.199499999996646693e-02
5.784700000000952969e-02
3.924099999997565646e-02
1.300850000000082218e-01
8.708799999999428110e-02
4.918000000003530658e-02
9.420099999996978113e-02
1.591959999999801312e-01
1.422620000000165419e-01
8.779800000002069282e-02
2.607499999999163265e-02
1.266689999999925931e-01
1.394990000000291275e-01
3.181999999995355211e-02
1.192290000000184591e-01
1.167079999999884876e-01
1.041700000000389537e-01
1.390289999999936299e-01
1.471090000000003783e-01
1.193789999999808060e-01
1.325680000000204473e-01
1.241139999999631982e-01
1.510410000000206310e-01
5.937700000001200351e-02
1.593470000000252185e-01
1.543589999999710471e-01
7.139399999999795909e-02
5.250899999998637213e-02
5.021800000000098407e-02
6.327700000002778324e-02
1.446889999999996235e-01
1.420869999999752054e-01
1.355720000000246728e-01
1.158849999999915781e-01
1.135889999999619704e-01
1.418490000000360851e-01
1.016500000000064574e-01
1.415789999999788051e-01
1.416529999999909251e-01
1.247110000000475338e-01
1.577629999999885513e-01
2.404839999999808242e-01
1.584229999999990923e-01
1.471019999999896299e-01
1.112590000000466262e-01
1.372879999999838674e-01
1.641659999999660613e-01
1.128180000000043037e-01
1.219049999999981537e-01
1.073740000000213968e-01
1.380640000000141754e-01
2.575809999999876254e-01
1.333079999999711163e-01
3.652000000002431079e-02
9.670800000000667751e-02
1.356159999999988486e-01
2.333239999999818792e-01
1.358100000000206364e-01
3.566299999997113446e-02
1.472339999999974225e-01
1.116380000000276596e-01
1.331020000000080472e-01
1.064079999999592019e-01
3.118400000002452543e-02
1.260259999999959746e-01
1.349969999999984793e-01
1.062839999999880547e-01
1.461860000000001492e-01
1.471070000000338496e-01
1.002919999999960510e-01
1.342119999999908941e-01
2.912799999998583189e-02
1.024240000000133932e-01
1.476619999999684296e-01
1.119790000000193686e-01
5.559000000002356501e-02
7.962399999999547617e-02
1.279260000000022046e-01
1.495259999999802858e-01
3.910299999998301246e-02
8.052400000002535307e-02
1.192879999999831853e-01
1.741590000000314831e-01
1.028149999999925512e-01
1.084929999999815209e-01
1.164700000000209457e-01
3.448700000001281296e-02
1.017539999999996780e-01
3.502100000000041291e-02
1.211449999999558713e-01
1.209700000000282216e-01
1.180290000000070449e-01
1.276879999999778192e-01
1.476729999999975007e-01
1.490110000000015589e-01
9.487100000004033973e-02
1.160429999999621486e-01
5.056099999998764360e-02
9.842600000001766603e-02
3.771000000000412911e-02
4.317399999999338434e-02
4.959800000000313958e-02
1.424530000000174823e-01
1.735989999999674183e-01
8.530799999999771899e-02
1.032260000000349009e-01
1.254230000000120526e-01
1.334989999999720567e-01
1.044419999999774973e-01
1.610110000000304353e-01
1.409130000000118343e-01
3.966199999999275860e-02
8.712099999999622923e-02
1.302730000000167365e-01
1.357099999999604734e-01
1.326510000000098444e-01
9.805199999999558713e-02
3.940099999999802094e-02
4.156500000001983608e-02
9.540400000000204273e-02
1.103529999999750544e-01
1.349950000000319505e-01
4.195000000001414264e-02
1.025079999999434222e-01
1.441880000000423934e-01
1.038679999999772008e-01
1.148320000000069285e-01
1.454250000000172349e-01
1.329920000000015534e-01
1.294089999999812335e-01
1.057040000000029067e-01
1.394970000000057553e-01
1.606259999999792853e-01
9.436900000000036925e-02
1.323090000000206601e-01
1.428369999999858919e-01
1.817590000000279815e-01
1.008329999999659776e-01
1.212950000000034834e-01
1.356790000000103191e-01
3.785400000001004628e-02
1.036299999999812371e-01
6.587700000000040745e-02
5.312800000001516310e-02
1.103889999999694282e-01
1.378030000000194377e-01
1.420910000000219497e-01
1.157619999999610627e-01
1.154090000000280725e-01
1.371750000000133696e-01
1.501219999999534593e-01
2.194450000000358614e-01
3.646399999996674524e-02
1.246800000000121145e-01
1.684529999999995198e-01
6.106899999997494888e-02
1.521190000000558484e-01
1.437489999999570500e-01
1.353680000000281325e-01
3.405499999999506144e-02
8.163599999997472878e-02
6.909900000002267006e-02
5.055200000001036642e-02
1.253580000000056316e-01
1.123359999999706815e-01
6.638700000002017987e-02
9.838199999998664680e-02
1.220660000000179934e-01
1.429379999999866868e-01
1.525019999999983611e-01
8.493700000002490924e-02
3.088799999997604573e-02
1.268950000000188538e-01
1.180589999999881456e-01
1.608809999999891716e-01
1.275310000000047239e-01
1.214270000000112759e-01
4.256899999998609019e-02
9.708599999999023566e-02
1.509650000000135606e-01
1.235619999999926222e-01
1.058690000000126474e-01
2.956499999999095962e-02
8.354199999996581028e-02
3.088900000003036439e-02
1.454099999999982629e-01
1.131790000000023610e-01
1.174930000000244945e-01
1.481829999999604297e-01
1.306220000000166692e-01
1.128309999999999036e-01
1.165459999999995944e-01
2.760000000000673026e-02
9.967900000000895488e-02
2.601799999996501356e-02
1.568550000000357159e-01
1.096509999999568663e-01
1.132470000000296295e-01
4.315699999997946179e-02
1.151979999999923621e-01
1.587420000000179243e-01
9.585300000000529508e-02
1.198219999999707852e-01
1.417330000000163182e-01
1.389140000000281816e-01
1.360039999999855809e-01
6.484399999999368447e-02
5.704600000001391891e-02
1.368970000000047094e-01
1.417770000000189157e-01
2.259599999999579722e-01
1.684290000000032705e-01
2.233479999999872234e-01
1.602230000000020027e-01
2.932699999999499596e-02
7.315600000001154513e-02
1.469209999999918637e-01
1.365340000000401233e-01
1.028759999999806496e-01
1.432359999999732736e-01
2.527019999999993161e-01
1.276040000000193686e-01
1.286599999999964439e-01
1.506490000000439977e-01
1.406779999999514530e-01
1.000930000000437303e-01
1.432719999999676475e-01
1.336209999999766751e-01
2.617200000003094829e-02
1.038580000000024484e-01
1.057969999999954780e-01
2.646700000002510933e-02
2.939499999996542101e-02
1.017660000000262244e-01
2.453949999999736065e-01
1.229910000000131731e-01
1.432149999999978718e-01
2.884900000000811815e-02
1.116899999999816373e-01
1.269310000000132277e-01
1.142859999999927823e-01
1.415379999999970551e-01
1.504450000000190357e-01
5.080099999997855775e-02
3.316000000000940418e-02
2.728800000002706838e-02
4.550999999995042344e-02
5.555100000003676541e-02
4.502299999998626845e-02
1.172640000000342297e-01
1.303929999999695610e-01
4.265900000001465742e-02
8.344800000000418549e-02
1.283909999999650609e-01
1.210760000000163927e-01
1.783009999999762840e-01
1.003050000000484943e-01
1.112379999999859592e-01
1.408869999999922129e-01
2.399570000000039727e-01
1.454220000000248092e-01
1.273939999999811334e-01
1.520999999999901320e-01
9.683599999999614738e-02
4.013799999998468593e-02
1.080479999999965912e-01
1.257490000000416330e-01
2.357889999999542852e-01
1.503240000000118926e-01
2.952599999997573832e-02
1.013190000000463442e-01
2.332770000000152777e-01
1.386639999999488282e-01
1.304550000000403998e-01
2.557209999999940919e-01
1.419909999999617867e-01
1.283570000000509026e-01
1.508189999999842712e-01
9.429099999999834836e-02
4.279299999998897874e-02
1.057720000000017535e-01
1.416030000000034761e-01
1.013289999999926749e-01
2.876000000000544787e-02
3.551400000000626278e-02
9.829200000001492299e-02
1.059809999999856700e-01
1.330920000000048731e-01
4.380800000001272565e-02
1.206709999999873162e-01
8.284000000000446562e-02
3.512699999998858402e-02
1.064469999999744232e-01
4.714000000004148205e-02
5.180400000000418004e-02
2.521899999999277497e-02
2.412769999999966331e-01
3.332599999998819840e-02
8.958799999999200736e-02
3.453600000003120840e-02
1.083739999999693282e-01
1.419340000000204327e-01
7.461499999999432475e-02
1.777100000000189084e-01
1.419279999999787378e-01
1.471600000000137243e-01
1.068620000000066739e-01
1.305079999999634310e-01
1.365880000000174732e-01
1.616449999999929332e-01
9.739799999999831925e-02
1.146640000000047621e-01
1.401149999999802276e-01
2.518580000000270047e-01
1.331329999999866232e-01
6.661700000000791988e-02
6.099100000000134969e-02
1.470359999999857337e-01
7.653500000000690306e-02
4.801999999997974555e-02
1.145380000000386644e-01
1.334029999999870597e-01
1.544319999999856918e-01
1.082900000000108776e-01
1.374260000000049331e-01
1.088599999999928514e-01
1.798100000000317777e-01
9.916999999995823600e-02
1.166130000000293876e-01
5.469599999997853956e-02
9.140500000000884029e-02
2.579719999999952051e-01
1.034470000000169421e-01
2.633900000000721775e-02
1.317339999999944666e-01
1.369550000000003820e-01
2.410939999999754946e-01
1.438040000000455620e-01
1.536289999999667089e-01
9.499399999998558997e-02
1.433409999999639695e-01
2.949399999999968713e-02
9.899700000005395850e-02
3.269900000003644891e-02
4.004099999991694858e-02
1.728270000000406981e-01
1.368259999999850152e-01
1.450550000000134787e-01
2.711439999999925021e-01
1.261180000000194923e-01
1.292799999999942884e-01
1.291140000000154942e-01
2.619409999999788852e-01
1.491579999999999018e-01
1.718479999999544816e-01
4.028200000004744652e-02
5.411799999995992039e-02
1.307600000000093132e-01
1.313440000000127839e-01
4.202700000001868830e-02
8.447899999998753628e-02
3.891300000003639070e-02
1.070239999999671454e-01
3.382900000002564411e-02
7.565399999998589919e-02
1.440160000000219043e-01
2.539969999999698302e-01
1.330780000000117980e-01
1.332649999999944157e-01
1.524469999999951142e-01
6.960300000002916931e-02
5.250200000000404543e-02
1.359639999999444626e-01
4.288300000001754597e-02
8.824700000002394518e-02
1.570449999999823376e-01
1.195479999999520260e-01
1.280560000000150467e-01
1.470570000000179789e-01
3.887600000001611988e-02
1.089340000000333930e-01
1.195759999999381762e-01
1.085840000000075634e-01
1.002760000000080254e-01
4.666700000001355875e-02
1.378980000000069595e-01
1.272109999999884167e-01
1.131249999999681677e-01
1.504220000000486834e-01
1.321409999999900720e-01
2.569110000000023319e-01
1.343839999999545398e-01
1.639610000000288892e-01
1.101079999999683423e-01
1.227780000000393557e-01
1.428500000000099135e-01
1.508860000000140644e-01
1.007109999999897809e-01
1.166809999999713909e-01
1.441360000000031505e-01
2.672550000000342152e-01
1.256520000000023174e-01
1.316039999999816246e-01
1.488919999999893662e-01
2.465980000000058681e-01
1.453079999999999927e-01
1.769290000000296459e-01
9.873399999997900522e-02
1.193759999999883803e-01
2.966700000001765147e-02
2.480400000000031469e-01
1.305509999999685533e-01
1.190760000000068430e-01
3.453799999999773718e-02
1.049069999999687752e-01
2.737870000000270920e-01
1.246849999999994907e-01
4.315600000001040826e-02
9.175299999998287603e-02
1.385189999999738575e-01
1.702870000000302753e-01
7.911599999999907595e-02
7.642500000002883098e-02
8.416499999998450221e-02
1.343390000000113105e-01
1.203980000000228756e-01
1.108059999999682077e-01
4.285099999998465137e-02
6.222800000000461296e-02
5.283800000000837827e-02
1.523040000000150940e-01
7.241899999996803672e-02
4.453900000004296089e-02
1.159639999999626525e-01
5.673500000000331056e-02
7.789999999999963620e-02
1.603630000000180189e-01
9.398299999998016574e-02
1.399949999999989814e-01
1.210350000000062209e-01
1.498690000000237887e-01
1.109559999999873980e-01
1.283539999999447900e-01
1.261890000000107648e-01
1.566080000000624750e-01
1.316729999999779466e-01
1.260200000000395448e-01
1.206229999999663960e-01
1.470380000000091059e-01
1.173719999999889296e-01
1.119710000000395667e-01
1.480049999999550892e-01
1.613600000000019463e-01
9.825799999998707790e-02
1.270079999999893516e-01
1.280930000000353175e-01
1.497709999999869979e-01
2.315459999999802676e-01
1.488090000000283908e-01
1.383089999999924657e-01
1.387980000000084146e-01
1.054189999999834981e-01
5.277999999998428393e-02
2.980600000000777072e-02
5.637000000001535227e-02
1.387870000000361870e-01
1.194029999999770553e-01
7.957599999997455598e-02
1.709220000000186701e-01
1.408579999999801657e-01
4.554700000005595939e-02
6.031499999994593963e-02
9.037399999999706779e-02
1.742550000000164800e-01
1.422230000000013206e-01
3.879899999998315252e-02
1.628210000000080981e-01
4.880900000000565342e-02
9.004699999997001214e-02
2.523600000006354094e-02
1.729639999999790234e-01
1.079569999999989705e-01
5.780199999998103522e-02
5.899400000004106914e-02
1.168219999999564607e-01
1.626379999999585380e-01
5.842300000006162009e-02
4.608200000001261287e-02
6.888199999997368650e-02
4.178799999999682768e-02
1.291390000000092186e-01
1.767429999999876600e-01
5.894799999998667772e-02
9.483000000000174623e-02
5.868200000003298555e-02
1.209479999999985012e-01
1.567069999999830543e-01
2.244049999999901956e-01
1.555630000000292057e-01
1.249949999999557804e-01
1.151770000000169603e-01
1.461300000000278487e-01
1.317530000000033397e-01
3.632899999996652696e-02
1.086080000000038126e-01
1.061920000000213804e-01
1.146309999999743923e-01
1.397870000000125401e-01
2.426379999999994652e-01
5.819400000001451190e-02
7.897099999996726183e-02
1.204950000000621912e-01
1.512139999999249085e-01
2.194470000000592336e-01
1.541859999999815045e-01
6.794500000000880391e-02
7.663900000000012369e-02
1.267669999999725405e-01
9.917700000005424954e-02
1.460519999999974061e-01
1.193929999999454594e-01
1.197800000000484033e-01
3.395899999998164276e-02
1.079809999999952197e-01
1.312139999999999418e-01
2.524409999999761567e-01
1.349900000000161526e-01
1.290960000000040964e-01
1.524869999999509673e-01
1.284750000000371983e-01
1.109010000000125729e-01
1.435879999999656320e-01
1.435060000000021319e-01
1.133070000000202526e-01
1.282380000000102882e-01
1.362149999999928696e-01
1.386229999999954998e-01
1.006929999999783831e-01
4.990200000003142122e-02
7.754199999999400461e-02
4.098299999998289422e-02
1.045389999999883912e-01
1.181740000000672808e-01
3.351899999995566759e-02
9.224599999998872590e-02
1.210130000000049222e-01
1.595300000000179352e-01
3.436199999998734711e-02
1.019570000000271648e-01
1.107639999999605607e-01
1.020120000000019900e-01
3.927900000002182423e-02
1.344399999999836837e-01
4.738900000000967339e-02
1.008930000000418659e-01
1.062670000000025539e-01
1.191909999999438696e-01
1.378559999999993124e-01
3.774300000003449895e-02
9.381299999995462713e-02
8.424200000001746957e-02
3.262100000000600630e-02
5.870700000002671004e-02
5.646000000001549779e-02
5.037399999997660416e-02
8.839399999999386637e-02
6.599399999998922794e-02
1.007130000000415748e-01
6.902699999994865721e-02
5.598700000001599619e-02
9.540599999996857150e-02
1.351129999999898246e-01
5.855100000002266825e-02
8.713300000005119728e-02
8.902699999998731073e-02
1.298209999999926367e-01
1.596589999999764586e-01
4.321400000003450259e-02
1.699159999999437787e-01
3.801900000007663039e-02
1.178229999999871325e-01
1.456629999999563552e-01
3.216000000003305104e-02
3.133299999996097540e-02
8.434299999998984276e-02
8.725000000004001777e-02
1.340919999999528045e-01
1.346410000000446416e-01
4.874999999998408384e-02
9.008499999998775820e-02
9.672199999999975262e-02
1.269030000000270775e-01
1.518770000000131404e-01
1.424619999999663378e-01
1.319440000000327018e-01
1.194709999999759020e-01
1.409409999999979846e-01
1.321570000000065193e-01
3.058699999996861152e-02
1.100550000000453110e-01
3.725899999994908285e-02
7.930900000008023198e-02
8.877899999993132951e-02
3.891900000002124216e-02
1.603309999999851243e-01
1.052420000000324762e-01
1.235750000000166438e-01
5.365199999999958891e-02
8.505099999996446059e-02
1.382810000000063155e-01
1.216850000000135879e-01
1.161629999999718166e-01
1.370160000000169020e-01
1.148560000000315995e-01
3.510799999992286757e-02
1.295570000000338950e-01
1.162310000000275068e-01
1.448509999999600950e-01
1.335160000000428226e-01
4.552799999999024294e-02
8.046400000000630826e-02
1.297189999999659449e-01
1.344160000000442778e-01
2.622799999994640530e-02
1.277290000000448345e-01
7.659399999994320751e-02
5.072400000005927723e-02
9.586500000000341970e-02
1.369509999999536376e-01
1.205800000000181171e-01
8.573599999999714782e-02
5.406199999998761996e-02
9.879800000004479443e-02
9.902699999997821578e-02
6.097099999999500142e-02
4.174399999999423017e-02
9.138799999999491774e-02
1.128009999999903812e-01
1.300850000000082218e-01
1.203730000000291511e-01
1.699669999999855463e-01
1.051360000000158834e-01
6.457399999999324791e-02
6.034299999998893327e-02
4.833200000001625085e-02
7.214199999998527346e-02
4.816799999997556370e-02
1.249530000000049768e-01
8.671000000003914465e-02
1.082289999999943575e-01
1.406139999999709289e-01
1.297969999999963875e-01
4.761999999999488864e-02
7.744500000001153239e-02
1.266569999999660467e-01
1.325190000000020518e-01
2.559200000007422204e-02
1.246309999999652973e-01
1.481309999999780302e-01
1.062079999999809843e-01
2.749300000004950562e-02
8.481299999999691863e-02
3.792499999997289706e-02
1.162220000000502296e-01
1.043089999999438078e-01
1.307970000000295840e-01
1.338109999999801403e-01
3.219799999999395368e-02
1.288049999999998363e-01
8.240200000000186265e-02
1.377610000000686341e-01
1.329439999999522115e-01
1.324630000000297514e-01
6.275499999998146450e-02
3.229900000002317029e-02
3.229699999997137638e-02
1.225979999999822212e-01
1.343360000000188847e-01
1.269899999999779538e-01
2.556730000000015934e-01
1.426020000000107757e-01
1.228739999999675092e-01
2.776500000004489266e-02
1.184769999999844003e-01
1.294700000000261753e-01
8.402699999999185820e-02
5.306600000000116779e-02
3.596099999998614294e-02
1.070910000000253604e-01
5.677299999996421320e-02
5.187599999999292777e-02
1.185810000000060427e-01
3.392500000001064109e-02
9.983900000003131936e-02
1.233109999999442152e-01
1.393720000000371328e-01
8.672300000000632281e-02
1.659020000000168693e-01
1.453839999999786414e-01
2.448959999999829051e-01
1.489629999999806387e-01
1.533959999999865431e-01
1.104380000000446671e-01
1.265849999999772990e-01
1.280830000000037217e-01
2.195950000000266300e-01
5.772999999999228748e-02
1.075799999999844658e-01
1.129799999999931970e-01
1.407910000000356376e-01
2.785999999997557097e-02
9.782999999998764906e-02
1.233339999999998327e-01
1.469300000000544060e-01
3.992699999997739724e-02
8.493199999998068961e-02
1.456450000000018008e-01
1.238369999999804349e-01
1.231900000000223372e-01
1.522879999999986467e-01
1.029250000000274667e-01
1.274729999999522079e-01
1.425030000000333530e-01
1.345259999999939282e-01
1.041789999999878091e-01
1.107890000000111286e-01
3.340199999996684710e-02
1.067190000000550754e-01
1.511929999999779284e-01
5.950699999999642387e-02
4.601199999996197221e-02
1.351730000000088694e-01
1.183530000000132532e-01
1.318870000000629261e-01
1.172079999999482425e-01
3.594099999997979467e-02
1.106070000000158871e-01
1.454620000000090840e-01
1.497190000000045984e-01
9.260599999998930798e-02
3.322400000001834997e-02
9.883600000000569707e-02
1.196160000000077162e-01
1.579329999999572465e-01
1.187810000000126820e-01
1.060800000000199361e-01
1.374759999999923821e-01
1.320430000000101245e-01
4.860999999999648935e-02
6.960600000002159504e-02
1.010109999999713182e-01
3.600699999998369094e-02
1.337599999999952161e-01
5.715000000003556124e-02
6.340999999997620762e-02
1.646080000000438304e-01
1.104459999999676256e-01
3.708699999998543717e-02
9.747300000003633613e-02
1.468029999999771462e-01
1.130069999999818720e-01
1.311320000000364416e-01
9.536399999996092447e-02
3.056300000002920569e-02
1.262770000000159598e-01
7.053499999994983227e-02
5.825199999998176281e-02
1.246030000000359905e-01
1.288629999999670872e-01
1.262210000000436594e-01
1.336620000000152686e-01
1.002599999999915781e-01
2.663100000000895307e-02
1.346989999999550491e-01
1.442120000000386426e-01
2.444079999999644315e-01
1.414639999999849351e-01
1.330920000000332948e-01
1.275959999999827232e-01
1.253239999999777865e-01
1.444530000000554537e-01
4.357099999998581552e-02
9.161299999999528154e-02
1.199640000000385953e-01
1.046329999999215943e-01
1.433820000000309847e-01
1.462880000000268410e-01
1.055059999999912179e-01
6.064199999997299528e-02
4.781000000002677552e-02
1.273729999999773099e-01
8.519100000000889850e-02
6.252799999998615021e-02
2.785100000005513721e-02
1.752109999999902357e-01
4.648399999996399856e-02
1.293539999999779866e-01
1.622040000000311011e-01
4.712200000000166256e-02
5.309699999997974373e-02
7.873299999999971988e-02
4.810400000002346133e-02
1.150710000000003674e-01
3.167200000001457738e-02
1.195349999999848478e-01
1.198289999999815336e-01
6.161900000000741784e-02
5.236300000001392618e-02
1.060400000000072396e-01
2.593699999999898864e-02
1.474299999999857391e-01
1.145149999999830470e-01
5.750100000005886614e-02
3.352999999992789526e-02
1.336340000000291184e-01
3.308499999997138730e-02
1.244649999999865031e-01
1.833580000000551991e-01
7.294100000001435546e-02
9.386899999998377098e-02
5.023799999997891064e-02
1.270749999999907232e-01
1.109860000000253422e-01
4.021499999998923158e-02
8.303999999998268322e-02
1.000990000000001601e-01
3.336600000000089494e-02
1.119280000000344444e-01
1.418349999999577449e-01
7.536700000002838351e-02
1.548400000000356158e-01
1.351009999999632782e-01
1.134979999999927713e-01
1.204149999999799547e-01
1.492690000000607142e-01
1.226679999999760184e-01
1.567009999999982028e-01
9.586199999995415055e-02
4.600900000002638990e-02
1.052149999999869578e-01
1.425490000000309010e-01
1.154650000000287946e-01
5.458399999997709529e-02
7.179700000000366344e-02
1.078059999999823049e-01
2.674899999999524880e-02
1.532720000000153959e-01
8.143499999999903594e-02
1.610890000000040345e-01
3.428199999996195402e-02
7.957800000002634988e-02
1.432049999999662759e-01
1.130750000000375621e-01
9.075899999999137435e-02
3.690399999999272040e-02
1.388860000000136097e-01
9.617500000001655280e-02
5.395299999997860141e-02
2.414580000000228210e-01
1.444240000000149848e-01
1.449230000000056862e-01
1.165369999999370521e-01
1.110050000000342152e-01
1.395489999999881547e-01
1.605260000000043874e-01
1.092469999999821084e-01
1.107340000000363034e-01
1.382609999999999673e-01
1.427659999999946194e-01
4.498499999994010068e-02
5.624300000005177935e-02
3.704099999998788917e-02
8.125499999999874490e-02
7.546099999996158658e-02
5.470000000002528395e-02
1.378510000000119362e-01
1.320440000000075997e-01
9.486499999997022314e-02
1.372290000000475629e-01
1.284489999999891552e-01
3.417999999999210559e-02
1.016230000000177824e-01
4.291299999994180325e-02
9.683300000006056507e-02
1.202089999999316206e-01
4.744100000004891626e-02
1.124990000000138934e-01
1.009250000000179170e-01
1.139059999999858519e-01
1.360530000000039763e-01
1.146959999999808133e-01
3.097099999996544284e-02
9.654100000005882976e-02
1.278279999999654137e-01
9.130800000002636807e-02
4.273699999998825660e-02
3.384999999997262421e-02
1.090790000000083637e-01
1.368320000000267100e-01
9.805899999997791383e-02
1.386669999999980973e-01
1.289300000000253021e-01
1.249680000000239488e-01
5.389499999995450708e-02
7.413300000001754597e-02
1.234259999999949287e-01
4.228000000000520231e-02
1.116470000000049367e-01
9.910500000000865839e-02
1.169749999999680767e-01
1.197210000000268337e-01
1.403159999999843421e-01
5.644399999999905049e-02
5.744899999996277984e-02
1.342630000000326618e-01
1.354489999999941574e-01
1.452540000000226428e-01
1.187580000000139080e-01
1.108179999999947540e-01
1.469029999999520442e-01
1.259060000000431501e-01
3.863100000000940781e-02
8.907999999996718543e-02
1.299180000000319524e-01
8.971999999994295649e-02
5.859400000002779052e-02
1.247720000000072105e-01
8.159699999998792919e-02
4.685400000005301990e-02
1.091649999999617648e-01
1.359400000000050568e-01
1.389229999999770371e-01
1.268569999999726861e-01
8.721900000000459841e-02
1.597960000000284708e-01
1.243820000000255277e-01
2.694430000000238579e-01
1.430089999999495376e-01
1.444850000000315049e-01
1.170589999999833708e-01
1.318449999999984357e-01
1.335149999999885040e-01
1.489510000000109358e-01
9.764399999994566315e-02
1.259330000000318250e-01
1.402249999999867214e-01
1.111180000000331347e-01
3.980799999999362626e-02
1.043349999999918509e-01
8.678299999996852421e-02
1.714290000000460168e-01
1.339679999999816573e-01
2.382759999999848333e-01
1.514099999999984902e-01
1.252880000000118343e-01
3.071199999999407737e-02
9.640600000000176806e-02
6.501900000000659929e-02
6.283400000000938235e-02
1.376329999999938991e-01
1.501450000000090768e-01
9.839099999999234569e-02
1.144679999999880238e-01
1.375939999999786778e-01
1.607690000000161490e-01
8.984600000002274101e-02
1.260260000000243963e-01
1.229089999999359861e-01
1.496120000000473738e-01
1.196180000000026666e-01
1.104489999999600514e-01
1.487600000000384171e-01
1.464589999999930114e-01
1.003460000000018226e-01
1.198749999999790816e-01
1.466460000000324726e-01
1.424440000000117834e-01
1.107929999999441861e-01
1.102270000000089567e-01
1.343910000000505534e-01
1.570869999999899846e-01
3.272299999997585473e-02
5.683500000003505193e-02
1.262779999999565916e-01
1.345200000000090768e-01
1.542440000000055988e-01
2.338320000000067012e-01
1.460149999999771353e-01
1.350510000000326727e-01
3.628700000001572334e-02
8.841300000000273940e-02
1.282809999999585671e-01
7.645200000001750595e-02
5.440599999997175473e-02
1.388519999999857646e-01
1.118500000000040018e-01
8.401400000002468005e-02
3.858399999995754115e-02
1.345540000000369218e-01
1.298940000000357031e-01
4.021999999997660780e-02
9.091599999999289139e-02
9.294599999998354178e-02
2.883400000001756780e-02
1.253619999999955326e-01
1.436830000000099972e-01
2.523049999999784632e-01
1.441020000000321488e-01
1.524390000000153123e-01
8.347299999996948827e-02
1.485160000000291802e-01
1.285399999999867759e-01
1.260060000000180480e-01
2.753999999998768544e-02
9.152499999999008651e-02
1.241870000000062646e-01
1.384009999999875618e-01
1.553949999999986176e-01
9.715600000004087633e-02
9.444499999995059625e-02
3.741700000000491855e-02
3.670900000003030073e-02
9.167599999994990867e-02
4.808400000001711305e-02
1.008840000000077453e-01
4.663099999999076317e-02
7.046100000002297747e-02
3.270099999997455598e-02
9.820799999999962893e-02
3.707099999996898987e-02
8.773200000007363997e-02
1.635769999999752145e-01
9.249299999999038846e-02
1.243989999999826068e-01
4.488100000003214518e-02
9.936999999996487531e-02
3.188099999999849388e-02
1.152570000000423533e-01
7.820799999996097540e-02
4.115400000000590808e-02
7.911400000000412547e-02
1.318630000000098335e-01
1.593269999999620268e-01
1.281040000000075452e-01
7.958800000000110231e-02
3.619200000002820161e-02
3.686199999998507337e-02
1.024709999999799948e-01
1.114249999999969987e-01
2.459560000000351465e-01
1.276990000000068903e-01
1.532750000000078217e-01
1.043789999999944484e-01
1.284190000000080545e-01
3.547399999996514453e-02
1.086189999999760403e-01
3.674400000005562106e-02
1.138300000000072032e-01
9.075699999993958045e-02
1.136910000000170839e-01
6.280000000003838068e-02
7.623399999994262544e-02
3.691700000007358540e-02
1.118960000000015498e-01
9.690599999993310121e-02
1.088320000000635446e-01
1.575339999999414431e-01
1.302740000000426335e-01
2.519560000000069522e-01
1.500099999999520151e-01
3.744799999998349449e-02
1.044270000000437904e-01
8.565900000002102388e-02
4.172999999997273335e-02
1.257190000000036889e-01
8.772200000004204412e-02
5.349499999994122845e-02
1.344380000000455766e-01
5.417699999998148996e-02
7.425000000000636646e-02
9.956399999998666317e-02
1.363870000000133587e-01
9.852999999998246494e-02
3.739699999999857027e-02
1.282689999999888641e-01
8.578799999997954728e-02
2.694200000007640483e-02
1.490440000000035070e-01
4.660899999993262099e-02
4.030000000000200089e-02
5.157100000002401430e-02
2.311579999999935353e-01
1.658820000000105210e-01
1.143319999999903303e-01
2.841399999999794090e-02
8.992599999999129068e-02
2.642300000002251181e-02
1.059890000000223154e-01
1.213109999999915090e-01
4.339899999996532642e-02
6.594999999998663043e-02
5.969700000002831075e-02
9.600199999999858846e-02
1.255409999999983484e-01
1.357059999999705724e-01
1.266860000000633590e-01
9.544099999993704841e-02
3.583500000002004526e-02
4.298799999997982013e-02
3.034000000002379238e-02
3.956599999997933992e-02
1.001640000000065811e-01
4.162200000001803346e-02
3.768600000000787986e-02
9.474799999998140265e-02
8.401000000003477908e-02
9.082300000000032014e-02
7.008899999993900565e-02
1.136890000000221335e-01
2.997000000004845788e-02
7.833799999997381747e-02
5.541699999997717896e-02
1.128729999999791289e-01
1.220770000000470645e-01
1.427050000000349428e-01
3.213699999992059020e-02
1.023090000000479449e-01
7.796999999999343345e-02
2.840900000001056469e-02
6.345099999998637941e-02
4.234500000001162334e-02
3.771599999998898056e-02
9.166599999997515624e-02
7.551499999999577994e-02
8.017800000004626781e-02
8.995899999996481711e-02
9.663900000003877722e-02
8.502199999998083513e-02
9.193499999997811756e-02
1.458210000000121909e-01
9.218200000003662353e-02
7.994899999994231621e-02
7.254800000004024696e-02
1.281749999999988177e-01
4.180999999999812644e-02
8.123199999999997090e-02
2.594499999997879058e-02
5.486799999999902866e-02
5.675500000000965883e-02
1.047940000000266991e-01
9.224899999998115163e-02
6.737300000003187961e-02
1.170599999999240026e-01
1.430620000000430991e-01
2.598199999999906140e-02
7.232300000003988316e-02
1.086489999999571410e-01
3.275400000001127410e-02
4.531099999996968108e-02
1.015890000000467808e-01
1.172459999999659885e-01
4.847999999998364729e-02
4.479200000002947490e-02
3.506499999997458872e-02
1.345299999999838292e-01
1.269290000000182772e-01
8.501800000004777758e-02
9.653899999995019243e-02
5.734900000004472531e-02
1.555589999999824613e-01
9.595999999999094143e-02
3.031499999997322448e-02
1.077950000000100772e-01
8.450299999998378553e-02
5.184200000007876952e-02
1.073719999999411812e-01
3.340100000002621528e-02
1.048079999999913525e-01
1.018959999999538013e-01
2.953900000005660331e-02
8.692400000001043736e-02
2.912199999997255873e-02
9.475100000003067180e-02
3.966599999995423786e-02
8.805499999999710781e-02
1.268420000000105574e-01
3.963500000003250534e-02
9.542599999997491977e-02
3.093800000004875983e-02
1.279989999999315842e-01
1.413790000000290092e-01
9.969599999999445572e-02
1.333339999999907377e-01
1.177410000000236323e-01
1.547649999999975989e-01
1.118459999999572574e-01
1.243210000000090076e-01
1.308040000000119107e-01
1.356059999999956744e-01
1.002450000000294494e-01
1.217540000000099099e-01
3.451799999993454549e-02
1.126530000000229848e-01
2.669500000001789886e-02
9.175199999998540079e-02
6.372299999998176645e-02
7.004300000005514448e-02
1.151179999999953907e-01
1.459479999999757638e-01
1.336100000000328691e-01
2.069119999999315951e-01
1.628810000000271430e-01
1.558449999999993452e-01
1.124900000000366163e-01
6.671099999994112295e-02
5.017100000003438254e-02
1.137309999999729371e-01
3.008099999999558349e-02
1.374750000000517502e-01
1.009799999999358988e-01
6.145100000003367313e-02
4.364400000002888191e-02
1.270430000000146720e-01
1.598549999999363536e-01
1.090210000000411128e-01
8.450900000002548040e-02
4.333299999996143015e-02
1.246659999999906177e-01
1.078990000000317195e-01
4.830599999996820770e-02
1.867330000000038126e-01
1.600240000000212603e-01
1.639799999999809188e-01
1.006580000000099062e-01
7.073500000001331500e-02
6.527499999998553903e-02
5.102900000002819070e-02
5.659199999996644692e-02
3.135499999996227416e-02
1.264640000000554210e-01
1.060469999999895663e-01
6.083999999998468411e-02
5.769099999997706618e-02
1.063369999999963511e-01
1.604680000000371365e-01
1.156750000000101863e-01
6.636099999997213672e-02
5.782700000003160312e-02
9.870899999998528074e-02
1.653009999999994761e-01
1.973830000000020846e-01
1.571010000000114815e-01
1.538899999999898682e-01
9.641799999997147097e-02
1.025930000000130349e-01
1.547920000000431173e-01
3.402399999993122037e-02
1.947950000000560067e-01
1.212569999999573156e-01
1.391040000000316468e-01
1.466819999999984248e-01
9.892700000000331784e-02
1.303509999999619140e-01
1.274880000000280234e-01
1.377320000000281652e-01
1.145999999999958163e-01
1.238799999999855572e-01
1.345519999999851279e-01
2.223940000000084183e-01
1.364510000000223044e-01
1.431929999999397296e-01
1.553670000000124674e-01
1.885159999999928004e-01
1.309520000000361506e-01
4.721899999998413477e-02
6.105900000005703987e-02
1.362219999999751963e-01
2.845499999995126927e-02
7.680900000002566230e-02
2.853700000002845627e-02
3.410700000000588261e-02
9.812399999992749144e-02
1.237550000000737782e-01
1.311919999999417996e-01
1.288020000000074106e-01
1.084420000000250184e-01
2.901099999996858969e-02
1.273019999999860374e-01
3.323800000003984678e-02
7.173099999999976717e-02
1.183909999999741558e-01
1.534730000000195105e-01
2.128809999999816682e-01
4.479500000002190063e-02
9.144099999997479244e-02
1.006740000000263535e-01
4.012599999998656131e-02
1.264280000000326254e-01
9.084899999999151987e-02
2.508199999999760621e-02
1.097929999999678330e-01
1.435830000000350992e-01
4.708899999997129271e-02
8.007400000002462548e-02
9.569699999997283157e-02
3.056600000002163142e-02
1.054699999999684223e-01
1.318090000000324835e-01
1.668659999999704269e-01
9.229100000004564208e-02
9.487699999999676947e-02
3.368299999999635475e-02
1.282790000000204600e-01
2.156519999999773063e-01
1.294889999999782049e-01
1.404530000000363543e-01
1.335040000000162763e-01
4.884999999995898179e-02
3.879800000004252070e-02
1.434469999999237189e-01
3.850800000003573587e-02
8.858700000001817898e-02
6.173899999998866406e-02
8.430099999998219573e-02
9.728900000004614412e-02
1.247029999999540451e-01
1.350160000000073524e-01
1.748069999999870561e-01
2.618899999998802741e-02
5.212400000004890899e-02
3.759299999995846520e-02
8.795500000002220986e-02
1.370110000000295258e-01
1.520419999999944594e-01
3.476099999994630707e-02
6.404800000001387161e-02
8.700199999998403655e-02
1.507840000000442160e-01
1.448359999999979664e-01
1.129919999999628999e-01
8.368300000000772343e-02
2.503600000000005821e-02
1.392280000000596374e-01
1.465829999999641586e-01
1.929869999999596075e-01
1.410940000000096006e-01
3.819300000003522655e-02
1.204070000000001528e-01
1.232110000000261607e-01
7.861799999994900645e-02
4.809799999998176645e-02
3.212100000001782973e-02
7.919200000003456807e-02
1.470539999999687097e-01
9.576400000003104651e-02
1.167589999999449901e-01
1.248450000000502769e-01
1.638030000000298969e-01
9.040299999998069325e-02
1.065709999999739921e-01
1.510309999999890351e-01
1.441829999999981737e-01
1.000420000000303844e-01
3.009100000002717934e-02
2.242049999999267129e-01
1.312540000000126383e-01
1.181890000000294094e-01
1.335949999999570537e-01
3.216200000002800152e-02
7.321100000001479202e-02
3.881899999998950079e-02
1.135940000000346117e-01
1.031989999999609608e-01
1.140369999999961692e-01
3.078700000003209425e-02
9.845999999993182428e-02
2.561120000000300934e-01
1.225990000000365399e-01
1.296969999999646461e-01
1.306410000000255422e-01
1.206599999999866668e-01
1.177279999999996107e-01
8.913699999999380452e-02
4.015299999997523628e-02
1.295240000000603686e-01
4.824800000000095679e-02
6.221899999997049235e-02
1.403589999999894644e-01
4.279999999999972715e-02
6.831300000004603135e-02
3.311099999996258703e-02
1.270210000000133732e-01
1.062809999999672073e-01
1.132140000000276814e-01
1.212659999999914362e-01
1.263529999999946085e-01
1.190129999999953725e-01
1.373370000000022628e-01
1.107630000000199288e-01
1.451259999999479078e-01
1.153180000000588734e-01
1.236259999999447246e-01
1.160560000000145919e-01
1.265670000000227446e-01
2.740299999999251668e-02
9.820200000001477747e-02
4.066599999998743442e-02
8.885099999997692066e-02
3.191500000002633897e-02
6.966699999998127169e-02
3.808900000001358421e-02
8.961099999999078136e-02
1.172750000000064574e-01
1.270240000000057989e-01
1.233020000000237815e-01
1.277789999999754400e-01
3.702599999996891711e-02
8.938200000005736001e-02
1.134929999999485517e-01
1.371570000000588152e-01
1.469040000000063628e-01
2.055419999999799074e-01
1.350729999999771280e-01
1.860540000000128202e-01
9.873199999998405474e-02
6.567100000000891669e-02
5.798700000002554589e-02
3.208499999999503416e-02
8.777399999996760016e-02
1.380780000000072505e-01
1.095429999999737447e-01
7.946500000002743036e-02
3.450099999997746636e-02
1.265930000000707878e-01
1.639599999999177271e-01
8.071200000000544605e-02
8.949500000005627953e-02
2.545099999997546547e-02
1.398289999999633437e-01
1.382260000000314903e-01
2.033299999999940155e-01
2.573300000000244836e-02
1.201290000000199143e-01
1.491819999999961510e-01
9.784100000001672015e-02
1.363039999999955398e-01
3.195499999998219209e-02
9.849399999995966937e-02
1.378880000000322070e-01
8.942400000000816362e-02
1.164740000000392683e-01
1.289469999999255378e-01
2.967900000004419780e-02
1.439109999999459433e-01
6.999500000006264600e-02
3.075299999994740574e-02
9.157800000002680463e-02
1.258429999999748361e-01
1.428620000000364598e-01
1.279930000000035761e-01
9.736099999997804844e-02
1.235430000000405926e-01
1.281069999999431275e-01
9.110500000002730303e-02
2.524299999998902422e-02
3.559100000001080844e-02
7.038099999999758438e-02
5.042300000002342131e-02
8.548199999995631515e-02
4.350800000003118839e-02
7.071600000000444197e-02
2.561399999996183396e-02
4.118800000003375317e-02
8.366999999998370185e-02
1.248219999999946594e-01
1.187400000000025102e-01
1.339250000000333785e-01
1.156619999999861648e-01
1.096019999999953143e-01
1.216509999999857428e-01
1.320210000000088257e-01
9.696999999999889042e-02
1.323320000000194341e-01
1.392339999999876454e-01
1.082989999999881547e-01
2.553900000003750392e-02
1.025829999999814390e-01
1.371500000000196451e-01
1.062639999999532847e-01
1.397560000000339642e-01
1.228219999999851098e-01
1.080870000000118125e-01
1.285480000000234213e-01
1.431609999999636784e-01
8.898300000004155663e-02
1.368379999999547181e-01
1.224009999999680076e-01
1.187300000000277578e-01
1.292970000000082109e-01
1.360050000000114778e-01
9.498899999999821375e-02
2.569099999999480133e-02
1.126849999999990359e-01
1.099159999999983484e-01
1.250019999999949505e-01
1.306500000000028194e-01
2.875199999999722422e-02
1.228649999999902320e-01
9.641000000004851245e-02
1.130109999999717729e-01
1.028870000000097207e-01
1.238710000000082800e-01
1.078099999999722058e-01
5.687299999999595457e-02
9.048799999999346255e-02
1.242740000000139844e-01
5.215900000001738590e-02
8.508999999997968189e-02
1.168370000000322761e-01
1.179629999999747270e-01
1.281759999999962929e-01
1.544480000000021391e-01
9.102999999998928615e-02
1.223759999999742831e-01
4.380800000001272565e-02
9.311900000000150612e-02
1.551070000000436266e-01
6.516399999998157000e-02
4.810199999997166742e-02
8.043900000001258377e-02
1.143190000000231521e-01
3.517499999998108251e-02
1.233899999999721331e-01
7.680700000003071182e-02
5.035099999997783016e-02
3.162200000002712841e-02
7.768699999996897532e-02
1.235080000000152722e-01
1.225410000000124455e-01
2.434920000000033724e-01
1.297349999999823922e-01
1.455710000000181026e-01
1.008950000000368163e-01
1.168129999999791835e-01
4.295600000000376895e-02
8.110799999997198029e-02
2.369949999999789725e-01
1.247320000000513573e-01
1.303419999999846368e-01
2.411889999999630163e-01
1.230720000000360415e-01
1.255589999999529027e-01
3.170100000005504626e-02
1.092989999999645079e-01
9.092300000003206151e-02
1.423039999999673455e-01
1.630390000000261352e-01
1.240349999999921238e-01
2.716099999997823033e-02
7.156600000001844819e-02
1.059589999999843712e-01
5.015900000000783621e-02
9.482500000001437002e-02
1.632130000000415748e-01
1.663039999999682550e-01
1.492659999999546017e-01
1.491149999999947795e-01
1.072870000000420987e-01
8.626600000002326851e-02
6.029699999993454185e-02
9.172000000006619302e-02
4.295799999999871943e-02
1.043939999999565771e-01
2.034250000000383807e-01
1.529179999999996653e-01
1.326429999999731990e-01
1.294970000000148502e-01
6.520899999998164276e-02
3.250000000002728484e-02
1.262499999999704414e-01
3.594199999997726991e-02
1.266250000000468390e-01
9.573699999998552812e-02
6.776500000000851287e-02
3.331199999996670158e-02
1.324960000000032778e-01
1.458790000000362852e-01
9.234700000001794251e-02
1.053409999999530555e-01
1.356200000000171713e-01
1.470560000000205036e-01
1.381079999999883512e-01
1.000389999999811153e-01
1.070579999999949905e-01
7.777299999997921987e-02
1.767410000000495529e-01
1.269919999999729043e-01
1.325700000000438195e-01
1.449449999999501415e-01
1.128580000000170003e-01
1.069899999999961437e-01
1.329499999999939064e-01
5.494300000003704554e-02
7.910899999995990584e-02
9.996599999999489228e-02
1.380490000000236250e-01
9.951799999998911517e-02
1.619680000000016662e-01
5.617900000004283356e-02
4.806499999995139660e-02
2.899899999999888678e-02
9.961900000001833178e-02
1.196610000000077889e-01
1.463269999999852189e-01
9.997100000003911191e-02
1.348259999999754655e-01
1.003590000000258442e-01
1.559939999999642168e-01
1.141790000000355576e-01
1.082739999999375868e-01
1.266700000000469117e-01
7.823799999999891952e-02
4.449199999999109423e-02
3.099700000001348599e-02
9.746099999995294638e-02
1.308240000000182590e-01
1.178499999999758074e-01
1.487539999999967222e-01
5.705700000004299000e-02
1.048289999999951760e-01
7.011599999998452404e-02
8.914999999996098268e-02
1.640580000000113614e-01
1.287420000000452092e-01
3.504700000002003435e-02
3.442399999994449900e-02
5.339100000003327295e-02
5.386099999998350540e-02
4.944999999997889972e-02
1.540200000000027103e-01
8.201700000000755608e-02
4.608900000005178299e-02
8.441799999997101622e-02
1.171840000000088367e-01
2.460790000000088185e-01
1.143649999999638567e-01
1.417000000000143700e-01
1.500220000000354048e-01
1.077739999999494103e-01
3.404700000004368121e-02
7.888399999995954204e-02
7.879000000002633897e-02
4.270600000000968066e-02
1.341509999999743741e-01
1.207919999999944594e-01
3.892000000001871740e-02
8.930500000002439265e-02
6.604599999997162740e-02
8.468399999998155181e-02
7.782000000003108653e-02
3.242599999998674321e-02
8.611200000001417720e-02
9.234199999997372288e-02
3.087900000002719025e-02
1.340099999999893043e-01
1.428070000000047912e-01
9.537599999998747080e-02
6.539299999997183477e-02
6.747899999999162901e-02
1.311260000000515902e-01
1.436199999999416832e-01
1.474110000000337095e-01
7.761900000002697197e-02
5.598099999997430132e-02
4.745600000001104490e-02
3.369599999996353290e-02
1.579460000000381115e-01
9.873499999997648047e-02
2.621300000004112007e-02
9.796799999998029307e-02
2.933400000000574437e-02
1.019190000000094187e-01
1.339039999999727115e-01
9.373800000003029709e-02
1.269979999999577558e-01
3.231600000003709283e-02
9.820700000000215368e-02
2.470649999999636748e-01
9.584999999998444764e-02
3.020400000002609886e-02
1.262770000000159598e-01
1.410220000000208529e-01
7.216799999997647319e-02
1.589890000000195869e-01
1.282729999999787651e-01
1.547019999999861284e-01
9.159100000005082620e-02
1.391229999999836764e-01
1.101319999999645916e-01
2.517990000000054351e-01
1.101810000000114087e-01
5.660199999999804277e-02
7.571999999998979547e-02
5.448400000000219734e-02
1.019559999999728461e-01
9.000400000002173329e-02
5.727400000000670843e-02
6.907100000000809814e-02
1.301619999999843458e-01
1.383989999999926113e-01
1.555140000000392320e-01
7.195000000001527951e-02
1.057379999999739084e-01
2.636400000000094224e-02
1.650970000000029358e-01
8.984700000002021625e-02
1.285560000000032232e-01
1.251169999999888205e-01
1.545929999999771098e-01
9.051399999998466228e-02
1.176159999999981665e-01
1.309069999999792344e-01
1.102910000000179025e-01
2.552900000000590808e-02
4.244699999998147177e-02
6.623899999999594002e-02
1.299700000000711952e-01
1.143199999999637839e-01
4.832899999996698170e-02
1.156950000000165346e-01
1.056360000000040600e-01
1.317879999999718166e-01
1.239220000000500477e-01
9.553099999999403735e-02
9.603500000002895831e-02
8.165599999995265534e-02
1.193949999999972533e-01
1.395930000000475957e-01
1.300219999999399079e-01
1.241260000000465880e-01
8.720599999998057683e-02
1.556250000000432010e-01
1.314939999999751308e-01
1.186909999999556931e-01
1.288870000000201799e-01
1.244570000000067012e-01
1.466819999999984248e-01
2.296279999999910615e-01
1.012719999999944775e-01
1.804290000000037253e-01
2.510600000005069887e-02
7.143499999995128746e-02
4.904999999996562110e-02
6.715500000007068593e-02
1.628789999999753491e-01
1.300489999999854263e-01
1.163150000000428008e-01
1.105359999999677711e-01
1.370380000000182008e-01
1.277709999999956381e-01
1.260729999999625761e-01
1.188160000000380023e-01
1.335080000000061773e-01
1.290259999999534557e-01
1.409870000000523760e-01
9.847899999999754073e-02
1.310369999999920765e-01
1.438139999999634711e-01
3.048100000000886212e-02
7.306099999999560168e-02
1.299309999999991305e-01
1.177670000000148320e-01
6.668000000001939043e-02
9.730099999995900362e-02
1.147450000000276304e-01
1.031569999999533138e-01
1.328880000000367545e-01
1.316920000000436630e-01
1.196629999999458960e-01
1.291980000000307882e-01
1.207029999999349457e-01
1.365040000000590226e-01
1.640679999999861138e-01
9.658699999999953434e-02
8.580899999998337080e-02
3.703799999999546344e-02
1.339280000000258042e-01
1.083429999999907523e-01
1.107020000000034088e-01
1.454130000000191103e-01
1.280319999999619540e-01
1.222490000000675536e-01
1.216739999999276733e-01
5.995200000000977525e-02
6.086000000004787580e-02
3.941099999997277337e-02
8.595300000001770968e-02
1.393469999999865649e-01
1.205160000000091713e-01
1.212540000000217333e-01
1.479479999999853135e-01
8.022499999998444764e-02
4.824800000000095679e-02
1.024810000000115906e-01
1.369889999999713837e-01
1.345350000000280488e-01
1.328659999999786123e-01
9.738399999997682244e-02
3.338200000007418566e-02
1.004049999999665488e-01
1.547009999999886531e-01
1.292280000000118889e-01
8.593300000001136141e-02
1.471399999999789543e-01
1.413620000000150867e-01
1.037149999999655847e-01
1.125729999999975917e-01
1.407790000000090913e-01
1.337310000000115906e-01
1.454899999999952342e-01
9.006400000004077810e-02
1.402859999999463980e-01
3.356100000002015804e-02
1.025669999999649917e-01
1.082820000000310756e-01
1.247740000000021610e-01
1.351980000000025939e-01
1.393180000000029395e-01
1.052270000000135042e-01
1.110149999999521242e-01
1.413330000000314612e-01
1.306870000000230903e-01
1.223309999999742104e-01
9.960100000000693399e-02
1.639230000000111431e-01
1.423679999999762913e-01
2.331460000000333821e-01
1.362219999999751963e-01
1.167169999999941865e-01
1.332439999999905922e-01
1.313430000000153086e-01
1.167219999999815627e-01
1.533689999999978681e-01
1.153580000000147265e-01
1.069630000000074688e-01
3.078799999997272607e-02
9.917800000005172478e-02
1.374500000000011823e-01
1.057889999999588326e-01
1.242310000000088621e-01
1.311460000000010950e-01
1.404229999999984102e-01
7.998800000001438093e-02
2.811900000000377986e-02
1.171029999999859683e-01
1.081510000000207583e-01
4.084699999998520070e-02
3.536400000001549415e-02
1.087019999999938591e-01
9.886199999999689680e-02
9.748499999994919563e-02
1.567110000000297987e-01
1.354380000000219297e-01
9.935600000000022192e-02
1.280339999999569045e-01
5.304500000005418769e-02
8.267499999999472493e-02
1.514739999999505926e-01
9.536600000001271837e-02
1.305950000000279942e-01
1.283639999999763859e-01
3.179199999999582360e-02
1.023069999999961510e-01
8.704800000003842797e-02
7.119099999999889405e-02
8.510200000000622822e-02
1.361849999999549254e-01
1.296350000000074942e-01
1.167990000000145301e-01
1.267079999999509710e-01
9.691300000002911474e-02
3.148400000003448440e-02
6.416999999993322490e-02
7.946400000008679854e-02
1.178249999999820830e-01
9.641799999997147097e-02
1.374710000000050059e-01
6.677400000000943692e-02
8.913699999999380452e-02
9.739600000000336877e-02
1.245819999999753236e-01
1.322999999999865395e-01
5.083400000006577102e-02
8.396499999997786290e-02
1.463110000000256150e-01
8.018299999997680061e-02
1.285939999999641259e-01
1.488350000000764339e-01
1.165599999999358261e-01
9.835099999997964915e-02
1.569100000000389628e-01
5.186300000002574961e-02
7.138299999996888801e-02
1.243099999999799365e-01
1.080129999999712709e-01
1.264560000000756190e-01
1.498419999999782704e-01
1.125040000000012697e-01
1.154939999999555766e-01
1.480670000000259279e-01
1.193109999999819593e-01
1.725730000000567088e-01
6.837200000001075750e-02
1.220819999999775973e-01
1.393769999999676656e-01
1.342620000000351865e-01
8.739699999995309554e-02
3.546299999999291686e-02
8.795600000007652852e-02
4.892199999994772952e-02
1.029790000000048167e-01
1.466450000000349974e-01
9.621600000002672459e-02
1.295409999999037609e-01
1.482920000000831351e-01
9.755499999999983629e-02
1.215579999999931715e-01
1.194239999999240354e-01
6.101100000000769796e-02
7.126700000003438618e-02
1.602089999999520842e-01
9.129800000005161564e-02
1.160879999999906431e-01
1.744590000000130203e-01
9.480999999993855454e-02
1.067380000000639484e-01
1.437920000000190157e-01
1.292069999999512220e-01
1.167699999999740612e-01
1.186820000000352593e-01
6.250199999999495049e-02
8.210700000000770160e-02
1.048530000000482687e-01
1.293249999999943611e-01
1.262339999999539941e-01
1.047620000000506479e-01
9.328299999998534986e-02
7.274200000000519140e-02
8.199199999995698818e-02
5.051600000001599255e-02
1.045219999999744687e-01
1.590990000000260807e-01
1.251870000000394612e-01
1.088069999999561333e-01
1.259089999999787324e-01
1.449010000000612308e-01
4.242099999999027204e-02
9.035299999993640085e-02
1.131490000000212603e-01
9.333500000002459274e-02
1.376479999999560278e-01
1.265970000000038453e-01
1.138810000000489708e-01
1.258849999999824831e-01
1.129720000000133950e-01
3.980799999993678284e-02
1.124220000000946129e-01
1.570289999999658903e-01
8.289299999995591861e-02
1.303450000000339060e-01
1.403319999999439460e-01
1.136620000000334585e-01
1.257879999999431675e-01
1.185880000001020562e-01
4.893699999990985816e-02
9.227000000004181857e-02
1.140140000000542386e-01
1.085649999999418469e-01
1.115650000000414366e-01
4.660000000001218723e-02
1.164179999999532811e-01
1.029459999999744468e-01
1.163110000000528998e-01
1.169419999999945503e-01
1.577189999999291103e-01
8.011300000009669020e-02
4.778300000003810055e-02
8.537799999993467281e-02
1.611089999999535394e-01
1.330550000000698674e-01
1.085969999999747415e-01
1.242960000000152831e-01
1.332150000000069667e-01
1.305009999999811043e-01
1.086010000000214859e-01
1.089499999999929969e-01
1.408639999999650172e-01
1.132570000000328037e-01
2.913399999994226164e-02
1.127680000000736982e-01
1.198119999999107677e-01
1.304410000000189029e-01
1.245230000000674409e-01
1.723089999999842803e-01
7.107799999999997453e-02
1.306999999999902684e-01
1.346739999999613246e-01
9.045100000008687857e-02
1.210529999999039319e-01
1.184820000000286200e-01
3.382400000003826790e-02
1.036080000000083601e-01
3.167999999999437932e-02
7.943299999999453576e-02
1.233649999999215652e-01
1.468250000000352884e-01
1.375209999999924548e-01
1.008909999999900720e-01
1.199790000000007240e-01
1.288700000000062573e-01
1.433690000000638065e-01
1.563840000000027430e-01
9.193499999992127414e-02
1.315230000000724431e-01
1.415559999999800311e-01
1.064069999999901484e-01
1.340380000000322980e-01
1.184539999999856263e-01
4.434699999995928010e-02
8.878700000002481829e-02
1.275690000000508917e-01
1.056519999999636639e-01
1.321749999999610736e-01
1.388460000000009131e-01
1.081410000000460059e-01
1.246230000000423388e-01
1.295039999998834901e-01
1.385780000000522705e-01
1.272329999999897154e-01
2.598199999999906140e-02
3.448500000001786248e-02
5.907700000000204454e-02
2.635199999997439591e-02
1.038080000000149994e-01
1.235360000000014224e-01
1.123489999999378597e-01
1.273950000000354521e-01
1.205020000000445179e-01
1.294689999999718566e-01
1.280780000000163454e-01
1.102839999999787324e-01
1.358069999999997890e-01
1.349519999999984066e-01
1.196720000000368600e-01
1.204210000000216496e-01
1.325649999999427564e-01
3.551199999998289059e-02
9.925200000009226642e-02
1.539609999999242973e-01
7.439900000002808156e-02
1.374570000000403525e-01
1.154299999999466309e-01
1.210969999999633728e-01
1.197960000000080072e-01
1.346120000000041728e-01
1.318240000000514556e-01
1.186529999999947904e-01
9.895099999999956708e-02
1.431639999999561041e-01
1.341570000000160690e-01
1.030849999999645661e-01
1.184030000000575455e-01
1.269909999999754291e-01
1.498010000000249420e-01
1.041539999999940846e-01
8.040799999997716441e-02
1.494999999999890861e-01
1.657240000000683722e-01
1.833779999998910171e-01
1.470710000000394757e-01
1.273640000000568762e-01
3.147599999994099562e-02
7.235700000006772825e-02
9.343499999994264726e-02
1.465110000000322543e-01
2.364799999999718239e-01
1.438039999999887186e-01
1.280690000000959117e-01
1.384809999999561114e-01
8.111500000001115041e-02
4.961799999995264443e-02
9.068300000001272565e-02
1.559839999999894644e-01
1.489870000000337313e-01
1.101699999999823376e-01
1.216979999999807660e-01
1.430799999999976535e-01
1.330680000000370455e-01
1.164660000000026230e-01
8.873699999992368248e-02
1.437900000000809086e-01
1.300629999999500797e-01
1.107420000000161053e-01
1.257350000000201362e-01
1.214469999999892025e-01
3.677000000004682079e-02
1.071309999999243701e-01
6.662900000003446621e-02
8.993899999995846883e-02
8.512500000000500222e-02
1.448149999999941429e-01
1.073099999999840293e-01
3.460700000005090260e-02
1.114339999999742759e-01
9.853200000003425885e-02
1.189190000000053260e-01
1.344849999999837564e-01
1.287599999999429201e-01
9.258700000003727837e-02
5.458100000004151298e-02
8.013899999997420309e-02
1.332830000000058135e-01
1.002979999999524807e-01
1.290510000000608670e-01
1.247920000000135587e-01
6.556699999998727435e-02
8.215599999994083191e-02
1.616799999999898318e-01
7.205100000010133954e-02
1.605729999999425672e-01
1.332370000000082655e-01
1.117389999999431893e-01
1.121330000000284599e-01
1.618740000000116197e-01
1.109910000000127184e-01
1.048679999999535539e-01
1.016140000000973487e-01
1.383239999998977510e-01
1.413900000000580803e-01
1.000960000000077343e-01
1.232349999999655665e-01
1.163650000000302498e-01
1.515079999999784377e-01
8.311300000002574961e-02
7.071299999995517283e-02
8.503000000001748049e-02
1.451979999999934989e-01
1.203500000000303771e-01
1.140589999999974680e-01
1.383129999999823667e-01
1.181109999999989668e-01
6.222400000007155541e-02
7.973199999992175435e-02
1.201609999999959655e-01
9.676500000006171831e-02
2.540499999997791747e-02
1.099040000000286454e-01
1.341229999999313804e-01
1.003930000000536893e-01
1.313389999999685642e-01
1.278439999999818610e-01
1.508779999999774191e-01
1.539520000000607070e-01
8.429300000000239379e-02
1.340879999999629035e-01
1.494009999999548199e-01
1.063640000000987129e-01
1.213569999999322135e-01
1.348990000000185319e-01
1.383350000000405089e-01
1.096259999999915635e-01
1.008740000000329928e-01
6.610799999992877929e-02
7.676400000002558954e-02
1.272889999999620159e-01
1.104080000000067230e-01
1.270710000000008222e-01
1.345490000000495456e-01
1.355269999999109132e-01
1.494870000000219079e-01
9.341600000004746107e-02
1.356870000000185428e-01
1.377019999999333777e-01
1.027310000000625223e-01
1.152040000000056352e-01
1.329439999999522115e-01
5.475400000000263390e-02
8.189700000002630986e-02
1.080910000000585569e-01
1.124059999999076354e-01
1.279400000000805449e-01
1.260009999999738284e-01
1.164889999999445536e-01
1.304850000000783439e-01
1.184669999999528045e-01
1.456890000000043983e-01
1.164559999999710271e-01
4.576900000000705404e-02
8.118499999994810423e-02
1.327200000000630098e-01
1.249640000000340478e-01
1.148939999999356587e-01
1.273509999999760112e-01
1.450800000001208900e-01
1.293589999999653628e-01
1.296839999999974680e-01
8.433600000000751606e-02
1.506369999999037645e-01
1.221770000000788059e-01
1.184299999999893771e-01
1.157780000000343534e-01
1.352529999999774191e-01
1.366619999999443280e-01
1.537739999999985230e-01
7.332200000001876106e-02
1.466140000000564214e-01
1.223749999999768079e-01
1.210120000000074469e-01
1.210169999999948232e-01
1.398509999999646425e-01
1.276429999999777465e-01
1.161560000000463333e-01
1.005210000000147375e-01
1.379859999999553111e-01
1.176850000000513319e-01
1.245839999999702741e-01
1.297230000000695327e-01
1.306999999999902684e-01
1.544929999999453685e-01
1.557210000000281980e-01
1.075280000000020664e-01
1.066069999999399442e-01
1.221230000000446125e-01
9.298599999993939491e-02
1.067450000000462751e-01
1.751649999999926877e-01
1.127299999999991087e-01
1.582490000000120745e-01
1.039030000000593645e-01
1.195259999999507272e-01
9.768999999994321115e-02
6.305400000002236993e-02
2.544100000000071304e-02
1.583940000000438886e-01
8.473300000002836896e-02
1.339849999999387364e-01
6.449789999999779866e-01
2.120421000000021650e+00
1.450780000000122527e-01
1.561149999999429383e-01
2.926370000000133587e-01
1.663120000000049004e-01
8.708000000001447916e-02
4.134960000000091895e-01
1.744879999999398024e-01
1.458870000000160871e-01
nan
