5.541750000000000842e-01
3.768109999999995630e-01
3.173850000000002503e-01
5.247850000000000570e-01
3.997880000000000322e-01
5.494250000000002743e-01
4.005369999999999209e-01
3.198159999999994341e-01
5.419960000000001443e-01
3.949160000000002668e-01
5.785619999999997987e-01
2.699390000000008172e-01
1.331349999999984490e-01
3.045270000000011024e-01
5.512820000000004939e-01
3.963089999999995783e-01
5.465770000000009787e-01
3.943929999999991054e-01
3.086559999999991533e-01
5.569939999999995450e-01
4.039350000000005991e-01
2.495860000000007517e-01
3.063249999999992923e-01
4.053780000000006822e-01
3.067080000000004247e-01
5.424810000000004351e-01
3.967629999999982005e-01
5.571540000000005932e-01
4.051359999999988304e-01
3.319250000000000256e-01
5.583700000000018093e-01
4.001819999999991495e-01
5.807190000000002073e-01
2.536130000000014206e-01
1.968199999999988847e-01
3.114140000000009678e-01
1.154479999999971085e-01
1.065430000000020527e-01
1.331349999999993372e-01
1.875990000000022917e-01
2.010769999999979518e-01
1.987360000000002458e-01
1.022040000000004056e-01
4.555270000000000152e-01
4.036509999999999820e-01
1.812409999999999854e-01
1.383149999999986335e-01
5.549930000000031782e-01
3.725979999999964321e-01
5.441610000000025593e-01
2.825859999999984495e-01
1.342040000000004341e-01
3.057300000000005014e-01
1.056839999999965585e-01
4.538750000000000284e-01
1.532950000000035118e-01
2.290019999999977074e-01
5.452249999999985164e-01
4.085000000000000853e-01
3.078750000000027853e-01
5.192990000000001771e-01
3.929830000000009704e-01
5.469919999999994786e-01
2.340060000000008245e-01
1.760009999999958552e-01
3.129550000000023147e-01
1.417329999999985546e-01
3.797470000000018331e-01
1.975369999999969650e-01
1.934570000000022105e-01
1.112670000000015591e-01
4.282819999999993854e-01
3.999759999999987770e-01
3.149359999999994386e-01
5.315530000000023847e-01
3.967929999999988411e-01
5.348460000000017089e-01
2.662000000000013245e-01
1.475589999999975532e-01
3.078900000000004411e-01
5.366829999999964684e-01
1.510370000000058610e-01
2.320929999999989946e-01
1.120680000000007226e-01
4.395819999999979188e-01
4.135839999999966210e-01
3.117870000000024788e-01
5.124689999999993972e-01
4.023150000000015325e-01
3.392049999999997567e-01
2.004099999999979786e-01
1.988790000000051350e-01
2.158579999999972188e-01
3.163209999999949673e-01
5.200680000000019731e-01
1.822660000000055902e-01
2.098060000000003811e-01
1.468969999999956144e-01
1.385999999999967258e-01
2.645900000000054320e-01
1.341399999999950410e-01
2.478730000000055611e-01
2.901489999999995462e-01
5.454000000000007731e-01
3.768779999999978259e-01
3.040639999999967813e-01
2.491980000000069140e-01
1.919639999999915858e-01
1.956680000000048381e-01
3.098910000000003606e-01
1.035350000000008208e-01
4.174909999999982801e-01
3.864719999999977063e-01
1.054760000000030118e-01
1.768669999999943343e-01
2.317000000000035698e-01
2.107869999999962829e-01
1.773890000000051259e-01
3.045410000000003947e-01
5.301589999999976044e-01
3.788290000000031910e-01
2.917819999999977654e-01
2.564440000000018927e-01
1.386159999999989623e-01
2.490919999999974266e-01
3.099700000000069622e-01
1.291639999999958377e-01
3.948910000000012133e-01
1.566410000000004743e-01
2.324399999999968713e-01
2.909629999999978622e-01
2.383530000000035898e-01
1.595450000000013802e-01
2.471189999999978681e-01
3.110399999999984288e-01
5.430570000000045638e-01
3.833380000000019550e-01
2.728089999999951942e-01
2.773639999999986117e-01
1.372929999999996653e-01
2.487119999999976017e-01
1.618220000000079040e-01
1.479969999999966035e-01
5.217320000000000846e-01
1.734480000000004907e-01
2.146100000000004115e-01
3.153609999999957836e-01
2.253710000000026525e-01
1.625140000000016016e-01
2.264689999999944803e-01
3.025990000000078339e-01
5.358889999999973952e-01
3.939340000000015607e-01
3.080959999999990373e-01
2.506970000000023902e-01
1.885769999999951096e-01
1.968199999999953320e-01
3.105910000000093873e-01
1.091169999999976881e-01
2.517539999999982570e-01
1.605230000000048562e-01
1.344799999999963802e-01
2.509560000000021773e-01
2.916850000000010823e-01
2.484329999999914662e-01
1.417060000000063269e-01
2.467579999999998108e-01
3.021609999999981255e-01
5.301700000000053592e-01
3.900369999999995230e-01
2.979279999999917550e-01
2.443350000000066302e-01
1.538759999999896877e-01
2.311450000000121463e-01
3.092989999999957718e-01
5.202530000000038513e-01
1.683049999999894908e-01
2.048070000000095092e-01
3.026199999999974466e-01
2.451790000000002578e-01
1.846569999999942979e-01
1.992100000000007753e-01
3.037470000000084269e-01
5.344869999999986021e-01
3.792929999999969937e-01
2.832859999999968181e-01
2.396220000000042205e-01
1.356409999999925731e-01
2.467160000000063746e-01
1.660609999999991260e-01
1.461170000000038272e-01
2.290619999999989886e-01
1.478329999999985489e-01
1.501030000000014297e-01
3.741399999999970305e-01
1.583870000000047185e-01
2.003089999999971837e-01
2.018739999999965562e-01
3.055969999999987863e-01
1.035950000000056548e-01
1.273359999999996717e-01
1.471670000000031564e-01
2.031339999999985935e-01
1.539890000000028181e-01
1.710149999999970305e-01
2.093350000000029354e-01
1.413339999999934093e-01
1.700030000000012365e-01
2.425429999999977326e-01
1.123109999999982733e-01
1.643230000000102109e-01
2.450719999999932952e-01
1.392260000000007381e-01
1.624179999999952884e-01
2.062900000000027489e-01
1.500509999999977140e-01
1.452410000000128321e-01
1.085530000000005657e-01
2.553469999999862239e-01
1.583470000000062328e-01
2.023149999999986903e-01
1.467410000000057835e-01
2.736159999999898673e-01
1.097139999999967586e-01
1.551320000000089294e-01
1.547519999999877882e-01
2.061650000000128102e-01
1.461369999999959646e-01
2.431899999999984630e-01
1.546199999999942065e-01
1.044880000000034670e-01
2.138210000000100308e-01
1.752359999999981710e-01
1.325349999999900774e-01
2.736650000000082628e-01
1.072269999999946322e-01
1.597270000000037271e-01
1.493770000000012033e-01
2.166480000000063910e-01
1.705649999999820920e-01
1.285130000000123118e-01
1.447270000000031587e-01
2.183200000000056207e-01
1.691259999999772390e-01
1.319050000000174805e-01
2.126540000000005648e-01
1.519219999999990023e-01
2.438549999999963802e-01
1.499620000000021491e-01
1.461949999999916372e-01
2.219680000000039399e-01
1.376819999999980837e-01
1.557900000000103091e-01
3.656029999999930169e-01
1.624720000000081654e-01
2.099159999999926640e-01
1.500009999999889487e-01
2.576320000000151822e-01
1.324379999999933943e-01
1.451130000000091513e-01
1.586619999999925312e-01
1.981109999999972615e-01
1.535080000000021982e-01
1.697300000000012687e-01
1.044100000000014461e-01
1.165029999999944721e-01
1.342530000000010659e-01
1.711710000000010723e-01
1.950530000000014752e-01
1.670699999999953889e-01
1.196000000000054797e-01
1.339940000000012787e-01
1.215149999999880492e-01
1.475820000000140908e-01
1.667999999999949523e-01
2.063009999999962929e-01
1.487380000000086966e-01
1.786859999999990123e-01
1.163619999999951915e-01
2.433949999999924785e-01
1.587090000000159762e-01
2.130079999999878737e-01
1.674980000000090286e-01
1.072959999999909542e-01
2.718909999999965521e-01
1.853459999999955699e-01
1.261310000000150922e-01
2.185560000000066339e-01
1.450889999999844804e-01
1.556149999999973943e-01
1.724940000000145801e-01
1.791699999999991633e-01
1.604199999999877946e-01
2.199770000000000891e-01
1.440420000000131040e-01
1.506099999999861438e-01
2.423700000000081900e-01
1.438299999999941292e-01
1.642910000000057380e-01
2.107409999999987349e-01
1.553019999999918355e-01
1.514070000000060645e-01
1.344530000000077052e-01
2.261819999999943320e-01
1.733359999999919410e-01
2.027740000000051168e-01
1.512000000000028876e-01
2.437749999999994088e-01
1.450470000000052551e-01
1.441179999999917527e-01
1.492380000000110840e-01
2.193439999999924339e-01
1.338640000000026475e-01
1.391529999999931988e-01
1.077500000000100044e-01
1.287080000000031532e-01
1.404059999999986985e-01
2.307050000000003820e-01
1.559349999999994907e-01
1.328709999999944102e-01
3.801509999999979073e-01
1.602589999999963766e-01
1.536030000000039308e-01
2.088760000000036143e-01
1.441099999999977399e-01
1.430599999999913052e-01
3.740100000000126101e-01
1.572979999999972733e-01
2.150390000000044211e-01
1.501899999999949387e-01
1.486819999999937636e-01
1.117059999999980846e-01
1.366600000000062209e-01
1.358390000000042619e-01
1.699940000000026430e-01
1.711109999999962383e-01
1.881400000000041928e-01
1.452619999999882339e-01
1.063180000000158998e-01
1.247429999999951633e-01
1.210089999999865995e-01
1.664560000000108175e-01
2.264519999999947686e-01
1.462760000000002947e-01
4.087179999999932534e-01
1.369100000000003092e-01
1.766580000000175232e-01
2.037009999999952470e-01
1.537589999999937618e-01
1.476219999999983656e-01
1.067060000000026321e-01
2.547750000000092996e-01
1.761479999999977508e-01
2.145799999999837837e-01
1.457960000000184664e-01
2.533489999999858355e-01
1.388239999999996144e-01
1.406680000000051223e-01
1.583059999999960610e-01
2.101640000000060127e-01
1.474860000000006721e-01
1.566760000000044784e-01
2.095969999999880429e-01
1.569210000000111904e-01
1.994909999999947559e-01
1.748910000000023501e-01
1.345609999999908268e-01
3.277430000000123300e-01
2.203809999999890579e-01
1.626640000000065811e-01
2.202139999999985776e-01
1.478479999999962047e-01
1.702940000000126020e-01
2.049209999999987986e-01
1.373409999999921638e-01
1.660860000000070613e-01
2.319150000000007594e-01
1.588849999999979445e-01
3.905159999999909815e-01
1.372499999999945430e-01
1.631080000000082464e-01
2.136349999999964666e-01
1.464760000000069340e-01
1.484119999999933270e-01
2.411060000000020409e-01
1.322620000000114260e-01
1.633219999999937500e-01
2.075710000000015043e-01
1.450709999999872934e-01
1.689500000000094815e-01
2.198530000000005202e-01
1.678890000000023974e-01
1.617629999999934398e-01
2.071880000000021482e-01
1.451500000000010004e-01
1.448180000000007794e-01
1.047399999999925058e-01
2.702070000000134087e-01
1.703089999999889415e-01
2.005670000000066011e-01
1.541529999999937672e-01
3.970840000000066539e-01
1.399229999999960228e-01
1.687490000000053669e-01
2.194559999999938782e-01
1.434970000000106438e-01
2.699629999999899610e-01
1.166770000000099117e-01
1.425379999999876190e-01
2.085190000000096688e-01
1.802449999999851116e-01
1.337290000000024293e-01
2.434200000000004138e-01
1.293009999999981119e-01
1.362840000000176133e-01
1.968079999999901020e-01
2.031360000000006494e-01
1.300959999999946604e-01
1.643899999999973716e-01
2.396120000000081518e-01
1.397950000000065529e-01
1.571519999999964057e-01
2.133539999999953807e-01
1.488969999999909533e-01
1.125390000000123791e-01
1.893939999999929569e-01
1.064760000000006812e-01
1.425230000000112796e-01
1.595179999999913889e-01
1.184269999999969514e-01
1.093200000000109640e-01
1.340149999999908914e-01
1.545580000000086329e-01
1.261389999999948941e-01
2.398490000000066402e-01
2.153319999999894208e-01
1.746550000000013370e-01
1.413540000000068630e-01
1.448929999999961638e-01
2.318339999999921019e-01
1.531550000000123646e-01
1.945189999999854535e-01
1.626440000000144437e-01
1.787649999999985084e-01
1.267239999999958400e-01
1.084669999999903212e-01
2.620320000000049276e-01
1.534280000000052269e-01
1.175789999999921065e-01
1.217120000000022628e-01
1.236200000000025057e-01
3.940450000000055297e-01
1.395049999999997681e-01
1.600840000000118835e-01
2.027359999999873708e-01
1.573580000000021073e-01
1.401949999999914098e-01
1.664280000000104565e-01
1.911449999999916827e-01
1.658100000000075624e-01
1.937339999999920792e-01
1.617049999999977672e-01
1.869360000000170885e-01
2.020159999999862066e-01
1.566770000000019536e-01
1.253509999999948832e-01
2.296440000000075088e-01
1.582939999999837255e-01
1.368100000000112004e-01
1.527439999999984366e-01
2.126779999999968140e-01
1.777790000000152304e-01
2.497709999999955244e-01
2.802929999999861366e-01
1.254380000000168138e-01
1.034499999999951569e-01
1.608159999999969614e-01
1.299549999999953798e-01
1.265690000000034843e-01
1.306519999999977699e-01
1.441320000000132495e-01
1.159499999999979991e-01
1.455249999999921329e-01
1.072859999999877800e-01
1.255180000000137852e-01
2.764020000000044774e-01
1.179629999999889378e-01
2.861000000000046839e-01
1.098800000000039745e-01
1.176859999999919637e-01
1.635470000000083246e-01
1.451639999999940756e-01
1.105610000000183391e-01
1.290979999999848360e-01
2.763740000000041164e-01
1.152659999999912088e-01
1.034000000000077080e-01
1.457549999999940837e-01
2.412240000000025475e-01
1.378909999999962110e-01
1.385880000000128121e-01
1.615269999999924266e-01
2.308369999999939637e-01
1.431520000000006121e-01
1.664850000000086538e-01
1.151679999999970505e-01
1.141989999999992733e-01
2.760030000000028849e-01
1.303119999999893253e-01
2.361499999999949750e-01
2.652250000000009322e-01
1.215340000000111331e-01
1.780850000000100408e-01
1.098619999999783658e-01
1.123250000000126647e-01
1.173160000000024183e-01
1.478199999999958436e-01
2.479239999999975907e-01
1.318290000000104101e-01
1.603649999999845477e-01
1.240120000000217715e-01
1.061959999999970705e-01
1.101969999999994343e-01
1.460759999999936554e-01
1.424980000000033442e-01
1.027759999999915408e-01
1.337919999999996890e-01
1.274939999999986640e-01
1.536120000000096297e-01
2.297929999999865913e-01
1.626410000000220180e-01
1.227319999999707534e-01
1.279800000000079763e-01
1.251460000000008677e-01
1.397759999999976799e-01
1.548240000000049577e-01
1.098719999999957508e-01
1.082900000000108776e-01
1.552740000000056853e-01
2.448879999999888923e-01
1.362680000000153768e-01
1.363349999999883266e-01
1.543259999999975207e-01
1.359290000000044074e-01
1.015600000000063119e-01
1.573629999999894835e-01
2.231719999999910442e-01
1.710180000000036671e-01
1.831260000000014543e-01
1.005900000000110595e-01
1.084999999999922693e-01
1.167619999999942593e-01
1.583390000000122200e-01
2.528589999999866222e-01
1.409040000000061355e-01
1.200870000000122673e-01
1.584789999999998145e-01
1.074659999999880711e-01
1.326810000000051559e-01
1.231520000000045911e-01
1.419219999999938864e-01
1.565099999999830516e-01
1.213160000000215177e-01
2.435270000000002710e-01
1.338939999999979591e-01
1.355619999999788661e-01
1.132100000000093587e-01
2.773840000000120654e-01
1.328139999999962129e-01
1.302979999999962502e-01
1.516820000000080881e-01
2.380529999999936308e-01
1.420470000000051414e-01
1.760709999999932052e-01
1.072929999999985284e-01
1.187070000000005621e-01
1.799460000000010496e-01
1.101740000000006603e-01
1.050610000000062882e-01
1.080000000000040927e-01
1.721099999999751162e-01
1.810950000000275395e-01
1.855439999999930478e-01
1.434889999999882093e-01
1.489860000000078344e-01
1.080570000000022901e-01
1.250510000000133459e-01
1.554689999999823158e-01
1.514079999999893289e-01
1.055940000000248347e-01
1.324309999999826459e-01
2.734430000000145355e-01
1.161689999999850897e-01
1.156129999999961910e-01
1.390559999999965157e-01
2.685830000000208884e-01
1.327299999999951297e-01
1.221409999999991669e-01
1.672429999999991423e-01
2.064839999999890097e-01
1.560929999999984830e-01
2.582860000000266609e-01
1.435559999999895808e-01
1.435819999999807806e-01
1.289340000000152031e-01
1.130249999999932697e-01
1.053159999999877527e-01
1.541710000000193759e-01
2.161600000000021282e-01
1.583119999999951233e-01
1.389479999999991833e-01
1.457319999999810989e-01
1.070080000000075415e-01
1.310660000000041236e-01
1.381400000000212458e-01
1.379879999999786833e-01
1.174920000000270193e-01
1.461269999999785796e-01
1.414730000000190557e-01
2.469599999999729789e-01
1.150499999999965439e-01
1.311500000000194177e-01
2.784350000000017644e-01
1.157790000000034070e-01
1.477139999999792508e-01
1.456030000000225755e-01
2.409089999999878273e-01
1.406190000000151485e-01
2.629519999999843094e-01
1.291860000000042419e-01
1.383219999999880656e-01
1.495510000000024320e-01
1.022859999999923275e-01
1.254729999999995016e-01
1.319190000000105556e-01
2.697930000000212658e-01
1.303019999999719403e-01
1.289610000000038781e-01
1.461970000000007985e-01
1.225799999999992451e-01
1.215239999999937481e-01
1.642250000000160526e-01
1.103209999999990032e-01
1.110199999999963438e-01
1.301870000000064920e-01
1.576139999999952579e-01
2.320200000000056662e-01
1.157759999999825595e-01
1.562710000000322452e-01
2.446019999999862193e-01
1.252299999999877400e-01
1.351200000000005730e-01
1.520240000000114833e-01
2.215829999999812117e-01
1.609709999999893171e-01
1.442040000000019973e-01
1.091040000000305099e-01
1.341400000000021464e-01
2.658519999999668926e-01
1.323710000000346554e-01
1.061839999999847350e-01
1.330600000000004002e-01
1.488119999999923948e-01
1.139610000000175205e-01
1.389069999999890115e-01
1.263210000000185573e-01
1.514029999999877418e-01
1.337010000000020682e-01
1.318210000000021864e-01
1.270119999999792526e-01
1.385410000000319997e-01
1.019899999999722695e-01
1.336030000000221207e-01
1.705669999999770425e-01
1.068999999999959982e-01
1.067840000000046530e-01
1.160969999999963420e-01
1.527140000000031250e-01
2.462150000000065120e-01
1.399450000000115324e-01
1.265589999999860993e-01
1.509960000000205582e-01
1.076379999999801385e-01
1.230820000000107939e-01
1.656360000000063337e-01
2.326280000000053860e-01
1.392829999999776192e-01
1.344530000000077052e-01
2.405719999999860192e-01
1.353100000000040382e-01
1.414089999999816882e-01
2.490380000000129712e-01
1.465149999999937336e-01
1.337090000000102918e-01
1.493100000000140426e-01
2.192809999999951742e-01
1.537170000000003256e-01
1.417339999999853717e-01
1.126810000000091350e-01
1.252479999999991378e-01
1.611150000000236560e-01
1.079469999999957963e-01
1.257959999999798129e-01
1.150900000000092405e-01
1.483660000000099899e-01
2.101689999999791780e-01
1.579550000000153887e-01
1.530510000000049331e-01
1.367439999999930933e-01
2.387329999999678876e-01
1.469530000000247583e-01
1.528469999999799711e-01
2.281380000000297059e-01
2.749860000000126092e-01
1.137619999999799347e-01
1.104780000000005202e-01
1.446499999999844022e-01
2.486169999999958691e-01
1.316980000000000928e-01
1.749470000000030723e-01
1.063039999999944030e-01
1.145660000000248147e-01
1.323789999999860356e-01
1.380980000000135988e-01
2.362859999999784577e-01
1.443610000000319360e-01
2.664889999999786596e-01
1.265340000000207965e-01
1.058879999999930988e-01
1.405749999999841293e-01
2.047469999999975698e-01
1.605410000000233595e-01
1.658189999999990505e-01
1.319599999999923057e-01
1.176210000000139644e-01
1.185649999999895954e-01
1.309320000000013806e-01
2.246159999999974843e-01
1.797789999999963584e-01
2.716379999999958272e-01
1.360559999999964020e-01
1.082700000000045293e-01
1.219609999999988759e-01
2.523970000000019809e-01
1.340260000000057516e-01
1.845299999999951979e-01
1.045980000000099608e-01
1.037169999999889569e-01
1.414739999999881093e-01
1.334890000000257260e-01
2.571789999999793963e-01
1.347609999999974661e-01
2.011050000000125237e-01
1.064010000000052969e-01
1.080249999999978172e-01
1.033799999999871488e-01
1.549679999999966640e-01
2.436020000000098662e-01
1.303499999999928605e-01
1.282790000000204600e-01
1.606449999999881584e-01
2.366269999999985885e-01
1.530480000000125074e-01
1.493949999999699685e-01
1.038460000000043237e-01
1.338739999999916108e-01
2.863750000000209184e-01
1.202150000000017371e-01
1.097310000000106811e-01
1.489329999999711163e-01
2.542400000000384352e-01
1.375929999999812026e-01
1.345359999999971023e-01
1.628309999999828506e-01
2.329650000000356158e-01
3.100279999999884240e-01
1.144720000000063465e-01
1.358089999999663178e-01
2.831280000000049313e-01
1.220900000000142427e-01
1.070180000000107157e-01
1.483679999999765187e-01
2.648830000000259588e-01
1.272469999999827905e-01
1.366260000000067976e-01
1.465039999999930842e-01
2.377970000000004802e-01
1.438810000000216860e-01
2.589509999999961565e-01
1.251709999999945921e-01
1.542239999999992506e-01
2.432900000000017826e-01
1.318359999999927368e-01
1.431939999999940483e-01
2.633879999999919619e-01
1.296690000000069176e-01
1.589750000000265118e-01
1.200039999999944484e-01
1.109469999999816991e-01
1.131289999999864904e-01
1.437420000000315667e-01
1.656449999999836109e-01
1.010919999999941865e-01
1.396420000000091477e-01
1.537959999999998217e-01
1.143010000000117543e-01
1.204060000000026776e-01
1.195839999999748215e-01
1.238320000000214804e-01
1.197569999999927859e-01
1.480839999999830070e-01
1.414729999999906340e-01
1.697770000000105028e-01
1.016300000000001091e-01
1.067960000000027776e-01
1.226739999999892916e-01
1.347650000000157888e-01
1.498139999999921201e-01
1.107269999999971333e-01
1.479439999999954125e-01
1.179520000000024993e-01
1.407430000000147174e-01
1.213099999999940337e-01
1.128600000000119508e-01
1.362789999999733936e-01
2.233400000000358432e-01
1.471099999999694319e-01
1.607730000000344717e-01
1.403249999999900410e-01
2.140029999999910615e-01
1.537959999999998217e-01
2.259980000000041400e-01
1.616490000000112559e-01
1.600089999999738666e-01
1.044109999999989213e-01
1.268850000000156797e-01
1.057059999999978572e-01
1.430369999999925312e-01
2.416489999999953397e-01
1.311300000000130694e-01
1.465159999999912088e-01
1.500320000000101572e-01
1.216050000000166165e-01
1.157259999999666888e-01
1.486900000000161981e-01
1.372609999999951924e-01
1.011609999999905085e-01
1.312090000000125656e-01
1.693909999999902993e-01
1.086740000000077089e-01
1.344670000000007803e-01
1.031559999999842603e-01
1.497330000000260952e-01
2.487659999999891625e-01
1.302320000000065647e-01
1.338669999999808624e-01
1.490030000000217569e-01
2.305369999999982156e-01
1.670609999999896900e-01
1.485340000000121563e-01
1.004939999999976408e-01
1.384050000000058844e-01
1.495419999999967331e-01
1.247489999999800148e-01
1.618920000000230175e-01
2.180319999999937863e-01
2.564229999999838583e-01
1.384970000000009804e-01
2.791660000000035780e-01
2.491420000000061918e-01
2.153999999999882675e-01
1.877340000000060627e-01
1.332659999999918909e-01
1.464699999999936608e-01
1.389120000000332311e-01
1.485469999999793345e-01
2.250040000000126383e-01
2.524369999999862557e-01
1.337359999999989668e-01
1.385010000000193031e-01
1.537879999999915981e-01
2.346630000000118343e-01
1.510829999999714346e-01
1.280620000000283198e-01
1.218869999999867559e-01
1.438180000000102154e-01
2.878579999999715255e-01
1.175970000000177151e-01
1.129310000000032232e-01
1.453129999999873689e-01
2.514199999999959800e-01
1.438170000000127402e-01
1.337100000000077671e-01
1.536949999999990268e-01
2.552849999999864394e-01
1.466629999999895517e-01
1.401780000000201198e-01
1.251259999999945194e-01
1.146329999999977645e-01
1.600229999999953634e-01
1.428349999999909414e-01
1.542030000000238488e-01
2.189920000000142863e-01
2.468209999999828597e-01
1.429949999999848842e-01
1.334630000000061045e-01
1.282789999999920383e-01
2.486530000000186647e-01
1.314610000000016043e-01
1.569609999999954653e-01
1.325850000000059481e-01
1.222199999999986630e-01
1.687300000000107048e-01
1.126509999999996126e-01
1.058429999999930260e-01
1.206090000000017426e-01
1.432499999999947704e-01
1.444250000000124601e-01
1.227139999999735664e-01
1.307010000000161654e-01
1.410879999999963275e-01
1.435689999999851807e-01
2.342520000000263281e-01
1.556949999999801548e-01
1.002550000000042019e-01
1.396909999999991214e-01
1.450650000000166528e-01
2.414440000000013242e-01
1.542099999999777538e-01
1.052620000000104028e-01
1.256339999999909196e-01
2.667089999999916472e-01
1.370900000000290220e-01
1.212559999999882621e-01
1.600289999999802149e-01
1.267009999999970660e-01
1.064310000000148193e-01
1.236749999999915417e-01
2.503860000000202035e-01
1.709659999999928459e-01
3.594619999999792981e-01
1.377380000000130167e-01
1.406740000000183954e-01
2.589949999999987540e-01
1.205029999999851498e-01
1.360340000000235250e-01
1.444049999999776901e-01
1.216180000000122163e-01
1.214549999999974261e-01
1.461099999999930787e-01
1.476560000000119999e-01
1.072879999999827305e-01
1.277620000000183609e-01
1.554569999999841912e-01
1.188770000000261007e-01
1.235579999999742995e-01
1.105680000000006658e-01
1.715100000000120417e-01
2.154549999999915144e-01
1.406320000000107484e-01
1.297569999999836909e-01
1.522600000000124965e-01
1.172789999999963584e-01
1.208659999999781576e-01
1.476020000000062282e-01
2.489150000000108776e-01
1.300359999999898264e-01
1.415670000000091022e-01
1.316659999999956199e-01
1.357390000000009422e-01
1.027830000000165001e-01
1.430939999999907286e-01
1.367099999999936699e-01
1.173870000000079017e-01
1.327469999999948413e-01
1.549320000000022901e-01
1.214769999999987249e-01
1.584919999999954143e-01
2.361390000000085365e-01
2.371990000000039345e-01
1.425189999999929569e-01
1.468619999999987158e-01
1.337829999999939901e-01
2.277489999999886550e-01
1.253890000000126292e-01
2.309039999999811243e-01
1.606080000000247310e-01
1.419290000000046348e-01
1.513009999999894717e-01
2.297060000000215041e-01
1.533899999999732700e-01
2.462930000000085329e-01
1.363289999999892643e-01
1.601430000000334530e-01
2.320599999999899410e-01
1.111489999999832889e-01
1.663330000000087239e-01
2.460759999999879710e-01
1.322300000000211639e-01
1.452950000000043929e-01
1.483539999999834436e-01
2.175079999999809388e-01
1.708780000000160726e-01
1.295110000000079253e-01
1.212639999999964857e-01
1.356920000000059190e-01
1.392869999999959418e-01
2.311719999999866104e-01
1.305199999999899774e-01
1.422360000000253422e-01
2.544929999999965275e-01
1.311129999999991469e-01
1.460490000000049804e-01
1.386300000000062482e-01
2.427039999999749398e-01
1.666470000000117579e-01
2.425490000000252167e-01
1.258249999999918600e-01
2.823459999999897718e-01
1.163239999999916563e-01
1.054420000000106938e-01
1.522739999999771499e-01
2.639000000000066848e-01
1.372470000000021173e-01
1.254270000000019536e-01
1.585169999999891388e-01
1.424489999999991596e-01
2.314130000000034215e-01
1.476240000000075270e-01
1.141039999999975407e-01
1.357409999999958927e-01
1.465259999999943830e-01
1.198130000000219297e-01
1.147270000000162327e-01
1.185729999999978190e-01
1.275329999999712527e-01
1.245440000000144209e-01
1.350400000000036016e-01
1.312790000000063628e-01
1.694629999999790471e-01
1.129420000000038726e-01
1.185600000000022192e-01
1.212199999999938882e-01
1.585330000000055861e-01
2.423070000000109303e-01
1.300819999999873744e-01
1.521610000000066520e-01
1.323089999999922384e-01
1.111829999999827123e-01
1.121270000000151867e-01
1.519159999999999400e-01
2.641590000000064720e-01
1.247199999999963893e-01
1.317899999999951888e-01
1.495060000000023592e-01
1.107939999999985048e-01
2.214119999999866195e-01
1.603800000000035197e-01
1.658060000000034506e-01
1.293480000000215568e-01
2.432979999999815846e-01
1.891039999999861720e-01
1.668850000000361433e-01
1.714529999999854226e-01
1.098079999999868051e-01
1.302939999999921383e-01
1.293600000000196815e-01
1.494299999999952888e-01
1.810760000000186665e-01
1.741839999999683641e-01
1.747700000000236287e-01
1.678049999999871034e-01
1.090460000000348373e-01
2.419849999999712509e-01
1.049110000000155196e-01
1.008829999999818483e-01
1.599660000000255877e-01
2.462309999999945376e-01
1.202299999999922875e-01
1.260269999999934498e-01
1.561839999999961037e-01
2.348179999999899792e-01
1.398420000000157870e-01
1.613279999999974734e-01
1.074319999999886477e-01
1.156510000000139371e-01
1.539989999999988868e-01
1.413380000000188375e-01
1.029509999999902448e-01
1.070479999999918164e-01
1.722719999999924312e-01
2.326610000000073342e-01
1.298549999999920601e-01
1.754669999999975971e-01
1.089970000000164418e-01
2.259389999999825704e-01
1.586280000000215296e-01
1.489929999999901611e-01
1.061179999999808388e-01
1.302600000000211367e-01
1.847120000000188611e-01
1.006059999999706633e-01
2.100360000000023319e-01
1.734030000000075233e-01
2.263889999999832980e-01
1.354160000000206310e-01
1.315850000000011732e-01
1.487109999999915999e-01
2.521050000000002456e-01
1.410970000000020264e-01
1.605910000000108084e-01
1.093929999999829761e-01
1.323900000000151067e-01
2.681399999999882766e-01
1.269360000000006039e-01
1.042750000000012278e-01
1.623119999999858010e-01
2.465880000000311156e-01
1.335649999999759530e-01
1.337719999999933407e-01
1.608809999999891716e-01
2.228930000000275413e-01
1.666890000000194050e-01
1.268169999999884112e-01
1.310289999999838528e-01
1.320010000000024775e-01
2.628929999999911615e-01
1.226310000000125910e-01
1.095939999999870906e-01
1.561670000000106029e-01
2.475240000000269447e-01
1.282779999999661413e-01
1.330700000000319960e-01
1.544029999999736447e-01
2.504839999999717293e-01
1.384520000000009077e-01
2.733900000000346608e-01
1.278759999999863339e-01
1.851569999999753691e-01
1.029070000000444907e-01
1.218269999999961328e-01
1.033089999999958764e-01
1.568069999999863740e-01
2.390340000000321652e-01
1.304279999999664597e-01
1.365979999999922256e-01
1.609010000000239415e-01
2.322310000000129548e-01
1.578179999999633765e-01
1.494310000000211858e-01
1.184550000000115233e-01
1.437989999999729207e-01
2.583010000000456330e-01
1.124539999999569773e-01
1.357079999999939446e-01
1.166290000000174132e-01
1.498479999999915435e-01
1.251439999999774955e-01
1.410450000000196269e-01
1.218870000000151776e-01
1.538029999999821484e-01
1.052660000000287255e-01
1.122459999999989577e-01
1.265160000000093987e-01
1.828519999999969059e-01
1.033659999999656520e-01
1.268560000000036325e-01
1.429850000000101318e-01
1.169600000000059481e-01
1.312889999999811153e-01
1.155770000000018172e-01
1.283710000000439777e-01
1.461929999999540541e-01
1.190010000000256696e-01
1.288579999999797110e-01
1.283119999999939864e-01
1.496830000000102245e-01
1.188049999999805095e-01
1.174990000000377677e-01
1.349609999999756837e-01
1.339729999999974552e-01
1.286150000000247928e-01
1.333150000000102864e-01
2.533589999999890097e-01
1.148149999999645843e-01
1.281649999999956435e-01
1.385410000000319997e-01
2.411609999999768661e-01
1.361150000000463933e-01
1.247329999999635675e-01
1.519580000000075870e-01
1.182560000000023592e-01
1.237589999999784141e-01
1.361100000000021737e-01
2.479810000000099990e-01
1.352970000000084383e-01
2.848040000000082728e-01
1.152979999999956817e-01
1.045259999999927913e-01
1.399680000000103064e-01
1.530100000000231830e-01
1.107099999999547890e-01
1.315010000000143009e-01
1.248129999999889606e-01
1.529979999999966367e-01
2.196310000000210039e-01
2.192019999999956781e-01
1.720609999999851425e-01
1.487869999999986703e-01
1.447680000000275413e-01
1.227360000000032869e-01
1.280799999999544525e-01
1.082600000000297769e-01
1.349830000000054042e-01
2.473379999999849588e-01
1.405090000000370765e-01
1.282599999999547435e-01
1.550180000000125347e-01
2.534350000000245018e-01
2.888049999999680040e-01
1.159740000000226701e-01
1.355929999999716529e-01
1.611460000000022319e-01
1.128180000000043037e-01
1.260629999999878237e-01
1.106440000000077362e-01
1.419479999999850861e-01
2.502390000000218606e-01
1.341020000000128221e-01
1.332179999999993925e-01
1.458189999999888187e-01
2.491049999999859210e-01
1.474130000000570817e-01
1.618899999999712236e-01
2.266239999999868360e-01
2.671349999999961256e-01
1.320730000000196469e-01
1.095809999999914908e-01
1.449059999999917636e-01
2.459629999999890515e-01
1.327960000000132368e-01
1.390240000000062537e-01
1.474679999999750635e-01
1.017250000000160526e-01
1.352140000000190412e-01
1.406890000000089458e-01
1.434629999999685879e-01
1.201690000000041891e-01
1.150930000000300879e-01
1.711119999999937136e-01
1.220710000000053697e-01
1.191939999999931388e-01
1.289339999999867814e-01
1.288410000000226319e-01
1.279189999999914562e-01
1.191299999999841930e-01
1.346929999999986194e-01
1.259370000000217260e-01
1.348299999999653664e-01
2.402080000000239579e-01
2.994099999999946249e-01
9.972700000000145337e-02
1.384589999999832344e-01
2.752649999999903230e-01
1.125480000000038672e-01
1.164780000000291693e-01
1.199459999999987758e-01
2.660679999999615575e-01
1.371410000000139462e-01
1.285720000000196706e-01
1.505139999999869360e-01
1.174189999999839529e-01
1.290250000000128239e-01
1.430410000000108539e-01
2.437229999999885877e-01
1.329810000000009040e-01
1.641600000000096315e-01
1.214120000000207256e-01
1.148169999999879565e-01
1.099620000000243181e-01
1.479009999999618685e-01
1.324370000000101300e-01
1.262239999999792417e-01
1.228140000000053078e-01
1.354310000000111813e-01
1.485540000000185046e-01
1.073580000000049495e-01
1.206109999999682714e-01
1.416030000000034761e-01
1.815640000000087184e-01
1.150229999999794472e-01
1.147490000000175314e-01
1.826819999999997890e-01
1.069390000000112195e-01
1.042649999999980537e-01
1.063859999999863248e-01
1.408990000000187592e-01
1.375659999999641059e-01
1.143560000000150012e-01
1.394220000000245818e-01
1.156939999999906377e-01
1.491389999999910287e-01
2.501869999999826177e-01
3.601450000000170348e-01
1.486390000000028522e-01
1.465779999999767824e-01
1.641310000000260061e-01
1.737720000000138043e-01
1.587489999999718293e-01
1.064599999999984448e-01
1.688650000000109230e-01
1.323129999999821393e-01
1.433720000000278105e-01
1.486990000000218970e-01
1.157479999999964093e-01
1.159979999999904976e-01
1.578419999999880474e-01
1.271620000000268647e-01
1.306169999999724496e-01
1.259540000000072268e-01
1.392139999999812972e-01
1.377290000000073178e-01
1.309929999999894790e-01
1.348720000000014352e-01
1.112410000000068067e-01
2.673359999999718184e-01
1.235520000000178698e-01
1.383830000000045857e-01
1.319320000000345772e-01
1.028359999999679530e-01
1.441460000000063246e-01
1.315700000000106229e-01
1.769769999999653010e-01
2.092190000000471173e-01
1.559039999999924930e-01
1.488769999999703941e-01
1.017800000000192995e-01
1.188750000000027285e-01
1.413249999999948159e-01
1.402430000000265409e-01
1.358169999999745414e-01
1.194169999999985521e-01
1.403949999999838383e-01
1.406159999999943011e-01
2.263879999999858228e-01
1.777230000000145083e-01
2.140620000000126311e-01
1.570999999999855845e-01
2.532230000000197379e-01
2.381859999999846877e-01
1.424730000000238306e-01
2.525149999999882766e-01
1.330480000000022756e-01
1.260589999999979227e-01
1.513390000000072177e-01
1.367419999999981428e-01
2.439549999999712782e-01
2.665100000000109048e-01
1.274940000000128748e-01
1.396499999999889496e-01
2.397160000000155833e-01
1.248919999999884567e-01
1.645410000000140371e-01
1.283520000000066830e-01
1.147489999999606880e-01
1.376910000000179934e-01
1.230040000000087730e-01
1.453079999999999927e-01
1.525449999999750617e-01
3.908900000000414821e-01
1.021469999999737865e-01
1.351400000000069213e-01
1.281530000000259406e-01
1.457759999999552747e-01
1.059380000000089694e-01
1.113220000000012533e-01
1.453720000000373602e-01
2.355719999999621450e-01
1.474620000000186337e-01
1.285719999999628271e-01
1.487460000000453419e-01
1.312929999999710162e-01
1.080479999999965912e-01
1.311580000000276414e-01
2.369789999999909469e-01
1.466220000000078016e-01
3.679170000000056007e-01
1.376919999999870470e-01
1.583249999999907232e-01
2.287819999999953779e-01
1.430709999999919546e-01
1.257999999999981355e-01
1.510200000000168075e-01
1.317090000000007421e-01
1.057720000000017535e-01
1.467850000000225918e-01
1.604209999999852698e-01
1.024810000000115906e-01
1.245809999999778483e-01
2.747820000000160690e-01
1.242819999999937863e-01
1.070260000000189393e-01
1.197129999999901884e-01
2.444890000000157215e-01
1.624829999999519714e-01
1.268039999999928114e-01
1.396220000000312211e-01
2.314419999999870470e-01
1.424770000000137316e-01
2.558799999999621377e-01
1.251910000000293621e-01
1.510370000000023083e-01
1.441820000000006985e-01
1.042329999999935808e-01
1.151380000000017390e-01
1.381039999999984502e-01
2.638100000000065393e-01
1.191850000000158616e-01
1.303079999999852134e-01
1.467319999999858737e-01
2.400049999999964712e-01
1.409380000000339805e-01
1.709959999999739466e-01
2.184869999999818901e-01
1.621830000000272776e-01
1.230070000000296204e-01
1.060019999999894935e-01
1.161500000000046384e-01
1.524440000000026885e-01
2.492239999999696920e-01
1.294220000000336768e-01
1.363419999999564425e-01
1.412900000000263390e-01
2.342760000000225773e-01
1.422569999999723223e-01
1.609649999999760439e-01
2.297419999999874562e-01
1.983099999999922147e-01
1.728270000000406981e-01
1.429679999999962092e-01
1.543759999999565480e-01
2.604130000000850487e-01
1.243759999999838328e-01
1.412770000000023174e-01
1.424890000000118562e-01
2.459939999999392057e-01
3.488730000000259679e-01
1.898330000000214568e-01
1.684159999999792490e-01
1.233920000000239270e-01
1.408529999999927895e-01
2.320489999999608699e-01
2.487260000000333093e-01
1.290809999999851243e-01
1.363779999999792381e-01
1.518159999999966203e-01
1.165120000000570144e-01
1.788469999999620086e-01
2.646819999999934225e-01
1.053640000000086729e-01
1.307659999999941647e-01
1.780170000000111941e-01
1.089340000000333930e-01
1.273999999999659849e-01
1.093409999999721549e-01
1.528480000000058681e-01
2.558340000000498549e-01
1.262139999999476458e-01
1.368790000000217333e-01
1.538180000000011205e-01
2.341989999999896099e-01
1.493689999999787688e-01
1.550250000000232831e-01
1.197109999999952379e-01
1.252139999999712927e-01
1.345190000000684449e-01
2.453259999999772845e-01
1.140959999999608954e-01
1.466240000000311738e-01
2.643410000000017135e-01
1.296970000000214895e-01
1.276729999999588472e-01
1.502899999999840475e-01
2.470310000000495165e-01
1.469939999999496649e-01
1.691010000000687796e-01
1.036109999999439424e-01
1.174900000000320688e-01
2.747160000000121727e-01
1.345029999999383108e-01
1.222920000000158325e-01
1.414619999999899846e-01
2.696250000000190994e-01
1.247129999999856409e-01
1.344080000000076325e-01
1.570919999999773609e-01
2.328790000000253713e-01
1.539910000000190848e-01
1.572980000000256950e-01
1.203319999999621359e-01
1.412730000000124164e-01
2.568610000000148830e-01
1.169580000000109976e-01
1.207959999999843603e-01
1.298029999999812389e-01
2.589990000000170767e-01
1.431670000000053733e-01
1.250069999999823267e-01
1.449970000000462278e-01
1.040309999999635693e-01
1.283539999999447900e-01
1.321420000000443906e-01
1.574200000000018917e-01
1.296939999999722204e-01
1.327689999999961401e-01
1.157530000000406289e-01
1.460719999999469110e-01
1.154550000000540422e-01
1.133069999999634092e-01
1.530330000000503787e-01
1.579329999999572465e-01
2.216850000000363252e-01
1.303560000000061336e-01
1.528489999999464999e-01
2.230670000000145592e-01
1.546789999999873544e-01
1.387900000000286127e-01
1.368029999999862412e-01
1.229490000000055261e-01
2.558570000000486289e-01
2.057149999999410284e-01
1.676620000000070831e-01
1.888759999999933825e-01
1.806920000000218351e-01
1.534749999999576175e-01
1.337650000000394357e-01
2.092020000000047730e-01
1.565730000000371547e-01
1.726289999999153224e-01
1.066100000000460568e-01
1.167470000000321306e-01
1.206229999999663960e-01
1.702960000000075524e-01
1.635729999999853135e-01
1.710049999999796455e-01
1.768180000000256769e-01
1.513350000000173168e-01
1.828989999999635074e-01
1.545120000000110849e-01
2.287830000000212749e-01
1.532469999999648280e-01
1.416270000000281470e-01
1.131849999999872125e-01
1.268170000000168329e-01
1.652199999999766078e-01
1.086080000000038126e-01
1.130919999999946413e-01
1.123010000000022046e-01
1.682329999999865322e-01
2.204930000000331347e-01
1.291860000000042419e-01
1.234610000000202490e-01
1.494999999999890861e-01
2.217329999999719803e-01
2.157010000000241234e-01
2.072259999999914726e-01
1.352349999999660213e-01
1.187400000000025102e-01
1.068270000000097752e-01
1.264689999999859538e-01
1.407670000000393884e-01
1.374400000000264299e-01
2.507719999999267202e-01
1.326250000000186446e-01
1.289290000000278269e-01
1.504689999999868633e-01
2.338530000000105247e-01
1.510409999999637876e-01
1.360530000000039763e-01
1.193290000000502005e-01
1.298489999999787869e-01
1.392660000000205400e-01
1.279389999999693828e-01
1.505950000000098044e-01
2.296240000000011605e-01
1.451329999999870779e-01
1.049929999999790198e-01
1.234720000000493201e-01
1.786859999999705906e-01
1.223499999999830834e-01
1.923830000000066320e-01
2.211080000000151813e-01
1.008930000000418659e-01
1.109389999999734755e-01
1.214229999999929532e-01
1.686950000000138061e-01
1.063560000000052241e-01
1.630269999999995889e-01
1.068339999999921019e-01
1.608140000000162217e-01
2.193009999999731008e-01
1.061050000000136606e-01
1.270719999999982974e-01
1.487989999999967949e-01
1.055979999999863139e-01
1.074770000000171422e-01
2.096579999999903521e-01
1.689819999999713218e-01
1.701520000000300570e-01
1.576620000000161781e-01
2.095639999999434622e-01
1.317590000000450345e-01
1.393860000000017862e-01
2.597719999999981155e-01
1.250190000000088730e-01
1.254649999999628562e-01
1.444050000000061118e-01
1.250320000000328946e-01
1.293819999999641368e-01
1.510670000000118307e-01
2.567159999999830688e-01
1.309160000000133550e-01
1.383289999999988140e-01
1.313979999999901338e-01
1.119380000000091968e-01
1.223500000000399268e-01
1.448499999999626198e-01
2.550090000000295731e-01
1.268379999999638130e-01
1.246669999999880929e-01
1.506560000000263244e-01
1.238779999999906067e-01
1.199139999999943029e-01
1.492460000000050968e-01
1.709660000000212676e-01
2.245760000000132095e-01
1.462509999999497268e-01
2.100460000000339278e-01
1.494829999999751635e-01
1.283339999999952852e-01
1.205800000000181171e-01
1.438790000000267355e-01
1.235100000000102227e-01
1.729489999999600514e-01
1.123539999999820793e-01
1.103040000000419241e-01
1.160469999999804713e-01
1.217790000000036343e-01
1.707709999999451611e-01
1.699910000000386390e-01
1.017530000000306245e-01
1.203099999999608372e-01
1.314429999999902066e-01
1.941090000000258442e-01
1.523530000000050677e-01
1.123979999999846768e-01
1.399049999999988358e-01
1.264639999999985776e-01
1.513750000000300133e-01
1.215569999999956963e-01
1.479760000000283071e-01
1.015259999999216234e-01
1.502310000000193213e-01
1.220850000000268665e-01
1.027950000000146247e-01
1.405609999999910542e-01
1.518959999999651700e-01
2.178930000000605105e-01
1.361829999999599750e-01
1.376070000000026994e-01
1.226920000000291111e-01
1.018889999999714746e-01
1.585489999999936117e-01
1.287490000000275359e-01
1.449549999999817373e-01
2.328059999999823049e-01
1.539569999999912397e-01
1.115189999999870452e-01
1.508720000000494110e-01
1.476439999999570318e-01
1.502500000000281943e-01
1.157760000000394029e-01
1.049069999999687752e-01
1.191299999999841930e-01
1.475030000000288055e-01
2.485919999999737229e-01
1.315060000000016771e-01
1.278669999999806350e-01
1.475090000000136570e-01
2.308830000000057225e-01
1.544220000000109394e-01
1.586679999999773827e-01
1.042880000000536711e-01
1.369819999999890570e-01
1.388099999999781176e-01
1.996429999999804750e-01
1.646460000000047330e-01
1.266970000000355867e-01
2.537699999999745160e-01
1.393850000000043110e-01
1.647110000000111540e-01
1.216529999999806932e-01
1.138530000000059772e-01
1.381409999999618776e-01
1.184850000000210457e-01
1.377600000000143154e-01
1.074459999999817228e-01
1.258420000000342043e-01
1.464189999999803149e-01
2.356689999999730389e-01
1.142419999999901847e-01
1.400380000000609471e-01
1.538499999999771717e-01
2.345320000000015170e-01
1.516859999999837783e-01
1.421139999999923020e-01
1.059520000000020445e-01
1.168940000000020518e-01
1.468899999999848660e-01
2.413310000000024047e-01
1.435630000000287509e-01
1.362579999999979918e-01
1.295509999999922002e-01
1.169170000000008258e-01
1.101870000000531036e-01
1.287489999999706924e-01
2.565619999999739775e-01
1.385549999999966531e-01
1.350630000000592190e-01
1.458609999999680440e-01
1.301640000000361397e-01
1.475329999999530628e-01
1.068860000000313448e-01
1.408270000000015898e-01
1.122669999999743595e-01
1.380180000000450491e-01
1.365159999999150386e-01
1.245020000000067739e-01
1.275260000000457694e-01
1.130509999999844695e-01
1.404740000000401778e-01
2.478359999999497632e-01
1.297200000000202635e-01
1.356809999999768479e-01
1.436970000000314940e-01
2.359639999999672000e-01
1.477020000000379696e-01
1.352079999999773463e-01
1.234489999999937027e-01
1.242139999999949396e-01
1.489830000000438304e-01
1.275569999999675019e-01
1.276389999999878455e-01
1.030040000000553846e-01
1.435639999999125394e-01
1.521690000000148757e-01
2.362380000000712243e-01
1.781749999999533429e-01
1.035340000000246619e-01
2.085399999999708598e-01
1.354350000000295040e-01
2.032449999999812462e-01
1.830400000000054206e-01
1.548280000000090695e-01
1.262109999999552201e-01
1.061110000000553555e-01
1.154469999999605534e-01
1.313010000000076616e-01
1.509679999999775646e-01
1.107769999999845822e-01
1.182960000000434775e-01
1.440400000000181535e-01
1.441810000000032232e-01
1.612589999999727297e-01
1.650379999999813663e-01
1.842270000000212349e-01
1.029280000000198925e-01
1.225589999999669999e-01
1.301359999999931460e-01
1.159589999999752763e-01
2.449760000000651416e-01
1.309569999999666834e-01
2.456960000000094624e-01
1.268729999999891334e-01
1.443709999999782667e-01
1.402370000000132677e-01
1.325530000000298969e-01
1.418709999999805405e-01
2.565460000000143737e-01
1.138359999999920547e-01
1.471030000000155269e-01
1.287919999999758147e-01
1.311600000000225918e-01
1.014759999999910178e-01
1.463229999999953179e-01
1.147480000000200562e-01
2.644540000000006330e-01
1.201049999999668216e-01
1.469380000000342079e-01
1.400770000000193249e-01
2.366779999999835127e-01
1.513569999999617721e-01
1.562059999999974025e-01
1.022840000000542204e-01
1.277219999999488209e-01
1.411340000000222972e-01
1.382609999999999673e-01
1.143460000000118271e-01
1.123609999999644060e-01
1.369040000000154578e-01
1.468540000000189139e-01
2.198609999999803222e-01
1.262609999999995125e-01
1.387369999999918946e-01
2.293320000000562686e-01
1.531149999999570355e-01
2.505080000000248219e-01
1.316719999999804713e-01
1.643789999999967222e-01
2.258919999999875472e-01
1.083990000000198961e-01
1.509429999999838401e-01
1.511440000000447981e-01
2.108149999999682223e-01
1.239400000000046020e-01
1.434959999999705360e-01
1.325960000000350192e-01
1.056939999999713109e-01
1.416370000000028995e-01
1.337620000000470100e-01
1.150829999999700703e-01
1.255579999999554275e-01
1.626240000000507280e-01
1.146289999999794418e-01
1.174710000000231958e-01
1.044929999999908432e-01
1.395630000000096516e-01
1.116079999999897154e-01
1.198699999999917054e-01
1.440590000000270265e-01
1.223889999999414613e-01
1.510570000000370783e-01
1.102420000000279288e-01
1.108179999999947540e-01
1.530000000000200089e-01
2.513669999999592619e-01
1.341439999999920474e-01
2.805339999999887368e-01
2.268540000000029977e-01
1.386019999999916763e-01
2.629279999999880602e-01
1.159900000000675391e-01
1.311009999999441789e-01
1.503280000000586369e-01
2.388520000000085020e-01
1.563099999999622014e-01
1.507659999999759748e-01
1.015360000000100626e-01
1.309370000000171785e-01
1.565309999999726642e-01
2.465770000000020445e-01
1.066050000000018372e-01
1.433099999999853935e-01
1.410200000000259024e-01
1.082190000000196051e-01
1.335299999999506326e-01
1.330850000000509681e-01
1.419490000000109831e-01
2.237139999999726570e-01
1.543669999999792708e-01
1.539730000000076870e-01
2.207229999999640313e-01
1.486360000000672699e-01
1.416049999999700049e-01
1.006350000000111322e-01
1.141109999999798674e-01
1.431190000000128748e-01
1.544920000000047366e-01
2.177960000000211949e-01
1.189679999999384563e-01
1.505410000000324544e-01
1.140080000000125438e-01
1.104489999999600514e-01
1.547810000000140462e-01
1.434720000000311302e-01
1.020449999999755164e-01
1.250530000000367181e-01
1.445379999999545362e-01
1.405420000000390246e-01
1.099609999999415777e-01
1.130190000000652617e-01
1.378329999999436950e-01
2.483950000000163527e-01
1.286410000000159926e-01
1.305160000000000764e-01
1.482570000000009713e-01
2.296310000000403306e-01
1.683719999999766515e-01
2.408669999999801803e-01
1.307600000000093132e-01
2.703450000000202635e-01
1.099629999999933716e-01
1.213040000000091823e-01
1.449919999999451647e-01
2.588660000000118089e-01
1.136490000000094369e-01
1.243240000000014334e-01
1.455339999999978318e-01
2.467189999999845895e-01
1.482419999999819993e-01
2.354460000000244690e-01
1.477100000000177715e-01
2.516780000000267137e-01
1.248609999999530373e-01
1.247950000000628279e-01
1.366229999999859501e-01
2.511079999999310530e-01
1.830550000000243926e-01
1.220930000000066684e-01
1.050070000000005166e-01
1.456699999999955253e-01
1.076059999999756656e-01
1.154050000000665932e-01
1.635769999999752145e-01
1.006899999999859574e-01
1.358420000000251093e-01
1.564919999999574429e-01
2.001120000000469190e-01
1.473100000000044929e-01
1.039619999999672473e-01
1.591670000000249274e-01
2.095429999999396387e-01
1.680460000000039145e-01
1.508790000000317377e-01
2.110959999999977299e-01
1.818599999999719330e-01
2.074680000000626023e-01
1.233229999999707616e-01
1.773640000000114014e-01
1.138300000000072032e-01
1.035169999999538959e-01
1.072290000000180044e-01
1.365339999999832798e-01
2.461190000000215150e-01
1.333979999999996835e-01
1.352890000000002146e-01
1.410390000000347754e-01
2.346719999999891115e-01
1.874579999999355095e-01
1.232430000000590553e-01
1.139059999999858519e-01
1.234319999999797801e-01
2.726090000000453983e-01
1.341099999999642023e-01
2.418729999999982283e-01
2.604809999999702086e-01
1.251190000000406144e-01
1.753739999999766042e-01
1.096850000000131331e-01
2.202720000000226719e-01
1.634599999999863940e-01
1.382399999999961437e-01
1.201599999999984902e-01
1.236559999999826687e-01
2.091819999999984248e-01
1.851300000000151158e-01
1.029780000000073414e-01
1.415830000000255495e-01
1.449470000000019354e-01
1.093460000000163745e-01
1.258779999999433130e-01
1.227950000000532782e-01
1.449029999999424945e-01
1.661040000000184591e-01
2.852770000000077744e-01
1.728279999999813299e-01
1.230180000000018481e-01
2.740000000000009095e-01
1.087160000000153559e-01
1.043649999999729516e-01
1.333109999999919637e-01
2.600220000000490472e-01
1.297169999999709944e-01
1.285070000000132495e-01
1.495800000000144792e-01
1.066889999999602878e-01
1.282770000000255095e-01
1.339649999999892316e-01
2.588220000000092114e-01
1.278879999999844586e-01
2.859550000000012915e-01
2.097270000000435175e-01
1.524479999999925894e-01
1.379379999999628126e-01
1.142760000000180298e-01
1.273400000000037835e-01
1.384410000000002583e-01
1.357179999999971187e-01
1.658049999999775537e-01
2.208130000000210202e-01
1.209380000000237487e-01
1.266709999999875436e-01
1.229189999999675820e-01
1.360910000000217224e-01
1.083009999999831052e-01
1.318909999999959837e-01
1.132670000000075561e-01
1.299109999999927823e-01
2.208710000000451146e-01
1.632749999999987267e-01
1.294859999999857791e-01
1.422629999999571737e-01
2.274090000000228429e-01
1.240099999999983993e-01
2.704430000000002110e-01
1.191440000000056898e-01
1.580359999999814136e-01
1.111129999999889151e-01
1.154710000000704895e-01
1.390419999999608081e-01
1.395800000000235741e-01
1.563809999999534739e-01
1.852299999999900137e-01
1.484180000000492328e-01
1.359740000000329019e-01
2.009459999999876345e-01
1.640389999999456450e-01
1.601630000000113796e-01
1.061339999999972861e-01
1.195930000000089422e-01
1.444210000000225591e-01
1.319329999999467873e-01
1.659350000000472392e-01
1.712090000000330292e-01
1.809209999999552565e-01
1.725560000000427863e-01
1.656809999999495631e-01
1.572760000000243963e-01
1.870369999999752508e-01
1.599969999999757420e-01
1.648930000000632390e-01
1.703899999999407555e-01
1.106140000000550572e-01
2.206239999999297652e-01
1.664170000000240179e-01
1.641769999999951324e-01
1.603050000000507680e-01
1.821049999999786451e-01
1.573789999999917200e-01
1.642420000000015534e-01
1.985200000000304499e-01
1.562389999999709289e-01
2.484010000000012042e-01
1.067199999999957072e-01
1.807389999999600150e-01
2.158930000000509608e-01
1.047409999999899810e-01
1.394329999999968095e-01
2.474389999999857537e-01
1.263030000000071595e-01
1.308490000000119835e-01
1.373510000000237596e-01
1.147290000000111831e-01
1.180779999999685970e-01
1.394030000000157088e-01
2.346860000000106083e-01
1.262279999999691427e-01
1.489770000000021355e-01
1.494660000000180844e-01
1.870539999999891734e-01
1.728299999999762804e-01
2.317540000000235523e-01
1.412139999999908468e-01
1.024150000000076943e-01
1.407150000000001455e-01
1.083029999999780557e-01
1.267790000000559303e-01
1.373619999999391439e-01
1.565130000000181099e-01
1.969550000000026557e-01
1.715069999999627726e-01
1.946829999999977190e-01
1.356290000000512919e-01
1.415139999999723841e-01
1.196520000000305117e-01
1.159309999999891261e-01
1.177690000000097825e-01
1.506580000000212749e-01
1.293019999999955871e-01
1.090729999999666688e-01
1.113349999999968531e-01
1.329329999999799838e-01
1.656899999999836837e-01
2.182040000000142754e-01
1.867880000000354812e-01
1.597989999999640531e-01
1.299080000000003565e-01
1.452830000000062682e-01
1.224330000000577456e-01
1.099219999999263564e-01
1.260330000000067230e-01
1.268440000000055079e-01
1.467620000000238178e-01
1.214089999999714564e-01
1.023059999999986758e-01
1.347390000000245891e-01
1.942189999999754946e-01
1.845190000000229702e-01
1.560749999999870852e-01
1.261310000000435139e-01
1.917189999999777683e-01
1.576440000000047803e-01
1.624229999999897700e-01
1.913559999999847605e-01
1.454070000000342588e-01
1.533939999999915926e-01
1.851349999999456486e-01
1.417780000000448126e-01
1.586770000000115033e-01
1.209699999999429565e-01
1.287040000000274631e-01
1.131130000000553082e-01
1.396079999999528809e-01
1.044390000000134933e-01
1.152460000000132823e-01
1.339999999999577085e-01
2.427430000000185828e-01
1.291489999999839711e-01
1.272060000000010405e-01
1.461689999999862266e-01
1.372830000000249129e-01
2.182439999999701286e-01
1.284650000000624459e-01
1.200059999999325555e-01
1.310120000000551954e-01
1.593070000000125219e-01
2.041139999999472820e-01
1.139880000000630389e-01
1.440649999999550346e-01
2.406359999999949650e-01
1.223570000000222535e-01
1.339800000000082036e-01
1.375929999999812026e-01
1.181290000000103646e-01
1.043099999999981264e-01
1.292899999999690408e-01
1.295240000000603686e-01
1.162709999999833599e-01
1.482549999999491774e-01
2.575450000000500950e-01
1.304379999999696338e-01
2.161250000000336513e-01
1.454239999999913380e-01
1.109769999999912216e-01
1.296810000000050422e-01
1.081829999999968095e-01
1.541330000000016298e-01
1.119519999999738502e-01
1.113839999999868269e-01
1.218420000000719483e-01
1.481839999999579049e-01
1.086510000000089349e-01
1.221019999999839456e-01
1.366370000000074469e-01
2.297609999999963293e-01
1.091160000000286345e-01
1.242189999999823158e-01
1.283950000000118052e-01
1.301379999999880965e-01
1.318319999999744141e-01
1.145920000000160144e-01
1.465660000000070795e-01
2.056019999999989523e-01
1.293469999999956599e-01
1.928219999999782885e-01
1.635860000000661785e-01
1.784659999999576030e-01
1.315069999999991524e-01
1.143450000000143518e-01
1.196309999999698448e-01
1.161260000000652326e-01
1.802819999999769607e-01
1.793359999999779575e-01
1.458739999999920656e-01
1.371440000000347936e-01
2.240999999999644388e-01
1.332290000000284635e-01
2.398689999999987776e-01
1.351660000000265427e-01
1.323379999999474421e-01
1.311910000000011678e-01
1.023190000000226973e-01
1.092439999999896827e-01
1.529610000000047876e-01
2.184910000000286345e-01
1.258089999999469910e-01
1.212179999999989377e-01
1.525400000000445289e-01
1.208169999999881838e-01
1.137119999999640640e-01
1.079140000000506916e-01
1.291479999999864958e-01
1.086449999999672400e-01
1.111840000000370310e-01
1.383529999999950633e-01
1.321779999999534994e-01
1.306900000000723594e-01
1.253789999999526117e-01
1.144480000000385189e-01
1.369199999999750617e-01
1.153899999999907777e-01
1.173590000000217515e-01
1.169039999999768042e-01
1.571079999999938082e-01
2.017309999999952197e-01
1.397000000000048203e-01
1.280260000000339460e-01
1.092609999999467618e-01
1.362370000000510117e-01
2.455059999999775755e-01
1.285419999999817264e-01
1.048590000000331202e-01
1.267919999999662650e-01
1.437040000000138207e-01
1.053489999999897009e-01
1.206760000000031141e-01
1.283099999999990359e-01
1.393640000000004875e-01
1.027950000000146247e-01
1.350110000000199761e-01
1.212729999999737629e-01
1.116549999999847387e-01
1.238580000000411019e-01
1.087989999999763313e-01
1.622259999999755564e-01
1.226110000000062428e-01
1.007040000000074542e-01
1.078870000000051732e-01
1.044560000000274158e-01
1.251290000000153668e-01
1.062299999999822830e-01
1.474180000000160362e-01
1.771799999999643660e-01
2.005729999999630309e-01
1.291030000000432665e-01
1.338159999999675165e-01
1.389970000000175787e-01
1.023900000000139698e-01
1.102649999999698593e-01
1.431930000000534164e-01
2.147459999999909996e-01
1.282839999999509928e-01
1.541100000000028558e-01
1.943120000000249092e-01
1.619279999999889696e-01
1.208400000000438013e-01
1.439709999999649881e-01
2.234310000000050422e-01
1.291200000000003456e-01
2.457679999999982101e-01
1.186490000000048894e-01
1.227800000000343061e-01
2.368149999999786814e-01
1.244089999999573593e-01
1.322210000000154650e-01
2.405070000000364416e-01
1.199369999999362335e-01
1.266790000000241889e-01
1.409090000000219334e-01
1.234389999999621068e-01
1.198190000000067812e-01
1.554960000000278342e-01
1.509189999999875909e-01
1.772139999999922111e-01
1.595300000000179352e-01
1.502110000000129730e-01
1.865069999999491301e-01
1.305460000000380205e-01
1.669309999999768479e-01
1.726459999999860884e-01
1.890300000000593172e-01
1.101249999999822649e-01
2.302119999999945321e-01
1.262239999999792417e-01
1.734860000000253422e-01
1.836969999999951142e-01
1.590339999999628162e-01
1.320760000000404943e-01
1.012799999999742795e-01
2.276220000000535038e-01
1.484469999999760148e-01
1.959130000000186556e-01
1.423089999999547217e-01
1.402040000000397413e-01
2.377229999999599386e-01
1.866420000000061918e-01
1.739230000000020482e-01
1.257390000000100372e-01
2.745259999999802858e-01
1.166109999999775937e-01
1.089620000000195432e-01
1.890710000000126456e-01
1.996270000000208711e-01
1.146559999999681168e-01
1.212030000000368091e-01
1.377650000000016917e-01
1.026999999999702595e-01
1.315280000000029759e-01
1.234320000000366235e-01
1.462829999999257780e-01
1.074710000000891341e-01
1.273139999999557403e-01
2.564590000000066539e-01
1.112669999999980064e-01
1.094560000000228683e-01
1.274879999999711799e-01
1.169110000000159744e-01
1.446339999999395332e-01
1.227460000000633045e-01
1.240970000000061191e-01
1.505829999999832580e-01
1.578420000000164691e-01
1.530679999999620122e-01
1.657739999999989777e-01
1.964450000000397267e-01
1.013719999999693755e-01
2.034699999999816100e-01
1.281060000000593391e-01
2.128559999999879437e-01
2.410509999999703723e-01
1.327909999999974389e-01
1.230340000000182954e-01
1.507839999999873726e-01
1.077659999999696083e-01
1.119130000000154723e-01
1.157740000000444525e-01
1.405699999999683314e-01
1.143730000000005020e-01
1.333409999999730644e-01
1.505120000000488290e-01
1.114230000000020482e-01
1.126839999999447173e-01
2.327000000000225555e-01
2.359940000000619875e-01
1.454279999999812389e-01
1.233349999999973079e-01
1.386989999999741485e-01
1.464039999999613428e-01
1.288360000000352557e-01
1.042929999999842039e-01
1.403379999999856409e-01
2.202780000000643668e-01
1.410269999999513857e-01
2.216280000000097061e-01
1.251320000000077926e-01
1.348059999999691172e-01
3.338430000000016662e-01
1.690320000000156142e-01
1.336719999999900210e-01
2.348270000000525215e-01
1.503569999999285756e-01
2.314590000000862346e-01
1.259509999999295360e-01
3.657360000000267064e-01
1.055430000000114887e-01
1.404780000000300788e-01
1.528389999999717475e-01
2.144549999999867396e-01
1.391439999999874999e-01
1.287520000000199616e-01
2.299919999999815445e-01
1.460920000000101027e-01
2.409680000000093969e-01
1.296020000000339678e-01
1.257659999999418687e-01
1.529269999999769425e-01
1.018960000000106447e-01
1.022400000000516229e-01
1.371980000000121436e-01
1.013109999999528554e-01
1.389050000000224827e-01
1.325640000000021246e-01
1.553649999999606734e-01
1.195999999999912689e-01
1.017310000000293257e-01
1.367999999999938154e-01
1.561450000000377258e-01
1.543310000000133186e-01
2.093509999999696447e-01
2.613149999999677675e-01
1.300780000000258951e-01
1.078150000000164255e-01
1.337689999999724932e-01
2.494919999999751781e-01
1.297870000000216351e-01
1.242110000000025138e-01
1.476420000000189248e-01
2.319079999999758002e-01
1.378980000000069595e-01
2.365130000000021937e-01
1.283750000000054570e-01
1.579929999999762913e-01
1.231950000000097134e-01
1.162050000000363070e-01
1.122720000000185792e-01
1.351839999999810971e-01
1.248469999999883839e-01
1.300969999999779247e-01
1.239620000000059008e-01
1.276219999999739230e-01
1.382660000000441869e-01
1.354359999999701358e-01
1.010320000000319851e-01
1.454269999999837637e-01
2.261780000000044311e-01
1.359640000000013060e-01
1.743230000000153268e-01
1.106930000000261316e-01
1.052339999999389875e-01
1.042100000000232285e-01
1.457589999999981956e-01
1.145919999999591710e-01
1.231220000000234904e-01
1.300850000000082218e-01
1.366029999999796019e-01
1.383050000000025648e-01
1.413160000000175387e-01
1.101820000000088839e-01
1.215869999999767970e-01
1.215930000000184918e-01
1.130790000000274631e-01
1.267869999999220454e-01
2.573200000000497312e-01
1.293530000000373548e-01
1.136909999999602405e-01
1.169950000000312684e-01
1.552529999999592292e-01
1.137740000000349028e-01
1.235089999999559041e-01
1.185370000000034452e-01
1.496230000000196014e-01
1.222060000000055879e-01
1.024810000000115906e-01
1.596480000000042310e-01
1.392049999999471765e-01
1.106220000000348591e-01
1.288260000000036598e-01
2.555120000000101754e-01
1.310839999999870997e-01
1.049429999999915708e-01
1.326329999999984466e-01
2.409210000000143737e-01
1.230299999999715510e-01
1.290420000000267464e-01
1.493499999999698957e-01
1.253970000000208529e-01
1.002739999999562315e-01
1.636370000000511027e-01
2.151769999999828542e-01
1.233080000000086329e-01
1.409130000000118343e-01
1.338609999999675892e-01
1.076050000000350337e-01
1.118629999999711799e-01
1.390450000000100772e-01
1.522640000000023974e-01
1.009599999999863940e-01
1.343310000000315085e-01
1.314289999999687097e-01
1.413430000000062137e-01
2.314580000000319160e-01
1.339939999999728570e-01
2.528690000000324289e-01
1.349539999999933571e-01
1.395630000000096516e-01
1.289939999999774045e-01
1.139289999999846259e-01
2.368220000000178516e-01
2.422469999999634638e-01
1.227729999999951360e-01
1.332590000000095642e-01
1.414360000000556283e-01
1.024229999999874963e-01
1.327839999999582687e-01
1.396550000000047476e-01
1.403070000000070650e-01
1.002190000000382497e-01
1.193019999999478387e-01
1.423859999999876891e-01
1.299710000000118271e-01
1.144570000000157961e-01
1.134980000000496148e-01
1.413419999999518950e-01
1.393259999999827414e-01
1.001880000000596738e-01
1.288250000000061846e-01
1.295349999999189095e-01
1.459310000000186847e-01
2.356820000000539039e-01
1.387899999999717693e-01
2.398150000000214277e-01
1.292269999999575703e-01
2.698649999999815918e-01
1.172460000000228320e-01
1.025539999999978136e-01
1.939530000000218024e-01
1.906269999999494758e-01
1.236540000000445616e-01
1.336689999999975953e-01
1.490089999999781867e-01
2.194370000000276377e-01
1.543740000000184409e-01
1.191819999999665924e-01
1.132870000000139044e-01
1.198339999999689098e-01
2.599640000000817963e-01
1.226879999999823667e-01
1.089349999999171814e-01
1.647370000000591972e-01
2.229310000000168657e-01
1.232630000000085602e-01
1.407979999999611209e-01
1.319299999999543616e-01
2.238270000000852633e-01
1.479820000000131586e-01
1.489869999999200445e-01
1.071120000000291839e-01
1.176499999999691681e-01
1.388150000000223372e-01
1.049969999999689207e-01
1.445929999999862048e-01
1.025260000000685068e-01
1.272569999999291213e-01
1.406890000000657892e-01
1.001019999999925858e-01
1.204979999999977736e-01
1.209880000000111977e-01
1.607920000000149230e-01
2.184659999999780666e-01
1.503210000000194668e-01
1.731540000000109103e-01
1.851659999999810680e-01
1.321269999999685751e-01
1.502530000000206201e-01
1.023880000000190194e-01
1.207299999999804641e-01
1.346959999999626234e-01
1.011730000000738983e-01
1.327069999999253014e-01
1.305919999999787251e-01
1.221790000000169130e-01
1.463959999999815409e-01
1.269800000000600448e-01
1.045219999999744687e-01
1.629940000000829059e-01
1.277419999999551692e-01
1.098890000000096734e-01
1.212059999999155480e-01
1.844930000000886139e-01
1.006659999999897082e-01
1.067659999999364118e-01
2.326690000000439795e-01
1.209809999999720276e-01
1.179940000000101463e-01
1.245620000000258187e-01
1.148320000000353502e-01
1.522299999999745523e-01
2.352719999999521860e-01
1.364219999999818356e-01
1.486150000000634464e-01
1.033490000000369946e-01
1.244729999999094616e-01
2.725660000000402761e-01
1.032259999999496358e-01
1.113910000000259970e-01
1.506240000000502732e-01
2.226269999999317406e-01
1.158919999999739048e-01
1.328430000000935252e-01
1.431580000000280961e-01
1.237120000000118125e-01
1.032099999999331885e-01
1.497799999999642750e-01
2.392300000000204818e-01
1.227789999999799875e-01
1.436380000000099244e-01
2.313290000000165492e-01
1.101810000000114087e-01
1.385189999999738575e-01
1.091570000000388063e-01
1.459409999999934371e-01
1.281019999999557513e-01
1.229050000000597720e-01
1.270859999999629508e-01
2.360310000000254149e-01
1.360139999999887550e-01
2.239179999999691972e-01
1.197180000000344080e-01
1.208659999999213142e-01
1.683970000000840628e-01
2.055099999999470128e-01
1.440570000000320761e-01
1.381189999999605789e-01
9.997500000002901288e-02
1.184959999999932734e-01
1.335109999999986030e-01
1.426310000000512446e-01
2.480939999999804968e-01
1.329549999999812826e-01
1.389490000000250802e-01
1.058839999999463544e-01
1.322190000000773580e-01
2.531269999999494758e-01
1.291060000000356922e-01
1.054649999999810461e-01
1.307899999999904139e-01
1.438740000000393593e-01
1.028749999999831743e-01
1.231799999999907413e-01
1.323459999999840875e-01
1.386790000000246437e-01
1.821889999999939391e-01
1.917140000000472355e-01
1.210589999999456268e-01
1.165760000000091168e-01
1.308839999999804604e-01
2.488329999999905340e-01
1.268020000000547043e-01
1.105509999999867432e-01
1.340620000000285472e-01
2.552309999999238244e-01
1.206210000000282889e-01
1.328179999999292704e-01
1.415660000000684704e-01
2.186390000000528744e-01
1.423929999999700158e-01
1.085289999999758948e-01
1.257860000000619038e-01
1.177679999999554639e-01
1.412769999999454740e-01
1.288959999999974571e-01
1.163150000000428008e-01
1.025369999999838910e-01
1.419380000000387554e-01
1.277369999999677930e-01
1.069540000000301916e-01
1.195829999999773463e-01
1.269080000000144537e-01
1.513559999999642969e-01
1.821070000000304390e-01
1.520649999999363899e-01
1.630110000000399850e-01
1.860270000000809887e-01
1.473609999999325737e-01
1.205070000000318942e-01
1.094589999999584506e-01
2.399070000000165237e-01
2.349819999999454012e-01
1.428100000000540604e-01
1.366229999999859501e-01
1.308350000000473301e-01
2.174129999999649954e-01
1.618819999999345782e-01
1.430890000000886175e-01
1.145999999999958163e-01
1.203359999999520369e-01
1.534950000000208092e-01
1.241980000000353357e-01
1.169209999999907268e-01
1.049309999999650245e-01
1.244790000000079999e-01
1.281119999999873471e-01
1.146030000000450855e-01
1.278359999999452157e-01
2.691960000000790387e-01
1.484689999999204701e-01
2.385950000000320870e-01
1.005149999999730426e-01
2.439039999999863539e-01
1.331160000000295440e-01
1.253330000000119071e-01
1.275799999999662759e-01
2.248870000000238178e-01
2.335690000000454347e-01
1.291669999999385254e-01
1.289360000000669970e-01
1.449819999999135689e-01
2.278770000000918117e-01
1.605729999999425672e-01
1.445640000000594227e-01
1.004119999998920321e-01
1.154970000000616892e-01
1.585099999999783904e-01
1.195250000000100954e-01
1.046739999999886095e-01
1.025790000000483815e-01
1.332479999999236497e-01
2.413990000000012515e-01
1.221200000000521868e-01
1.176269999999703941e-01
1.528930000000627842e-01
2.390909999999735192e-01
1.449819999999704123e-01
1.252220000000647815e-01
1.034939999999551219e-01
1.412779999999997926e-01
2.636630000000081964e-01
1.179129999999872780e-01
2.340419999999880929e-01
2.329060000000708897e-01
1.344569999999407628e-01
1.273110000000201580e-01
1.490599999999631109e-01
2.356499999999641659e-01
1.365900000000692671e-01
1.440559999999209140e-01
1.107100000000968976e-01
1.200079999999843494e-01
1.460199999999076681e-01
1.265880000000834116e-01
1.113550000000032014e-01
1.038439999999241081e-01
1.405210000000352011e-01
1.316810000000145919e-01
1.053620000000137225e-01
1.313959999999951833e-01
1.317240000000197142e-01
1.361909999999397769e-01
2.495680000000675136e-01
1.299179999999751089e-01
1.323219999999878382e-01
1.050710000000094624e-01
1.141430000000127620e-01
2.739260000000172113e-01
1.051039999999829888e-01
1.160189999999374777e-01
1.236610000000268883e-01
1.278530000000728251e-01
1.143019999999523861e-01
1.351400000000353430e-01
1.147889999999733845e-01
1.467409999999631509e-01
1.110600000000090404e-01
1.309980000000336986e-01
1.415839999999661813e-01
1.253990000000158034e-01
1.058250000000384716e-01
1.260719999999651009e-01
1.468110000000137916e-01
1.283030000000167092e-01
2.153920000000084656e-01
1.499079999999821666e-01
1.178639999999973043e-01
1.222879999999690881e-01
1.165940000000773580e-01
1.376199999999130341e-01
1.353310000000647051e-01
2.290409999999951651e-01
1.617249999999899046e-01
2.230050000000005639e-01
1.215479999999615757e-01
1.492579999999747997e-01
1.212380000000052860e-01
1.153840000000627697e-01
1.024540000000229156e-01
1.446849999999244574e-01
1.039080000000467408e-01
1.288769999999317406e-01
1.327450000000567343e-01
1.233850000000416003e-01
1.593789999998875828e-01
1.508350000000859836e-01
1.135919999999828178e-01
3.156519999999432002e-01
1.072420000000988694e-01
2.873979999999392021e-01
1.582490000000120745e-01
1.039030000000593645e-01
1.195259999999507272e-01
1.607439999999655811e-01
1.047531999999989694e+00
2.120421000000021650e+00
1.450780000000122527e-01
1.561149999999429383e-01
2.926370000000133587e-01
2.533920000000193795e-01
4.134960000000091895e-01
1.744879999999398024e-01
1.458870000000160871e-01
-4.640471299999995836e+01
1.202920000000062828e-01
1.402540000000271903e-01
9.675999999996065526e-02
1.470090000000254804e-01
1.348479999999767642e-01
1.056140000000027612e-01
1.178929999999809297e-01
8.921800000001667286e-02
9.565399999996770930e-02
8.583600000002888919e-02
1.177170000000273831e-01
9.015399999998408020e-02
1.444469999999569154e-01
1.489350000000513319e-01
1.031819999999470383e-01
1.227430000000708787e-01
1.791870000000130858e-01
1.034329999999386018e-01
1.268430000000648761e-01
9.623299999998380372e-02
1.270010000000070249e-01
1.457249999999703505e-01
1.134179999999673782e-01
1.169510000000855143e-01
1.819679999999834763e-01
7.809599999995953112e-02
1.237309999999638421e-01
1.043520000000626169e-01
1.393549999999663669e-01
1.344700000000216278e-01
1.189830000000142718e-01
1.215939999999591237e-01
1.521220000000766959e-01
1.206169999999815445e-01
1.546329999999898064e-01
9.670299999993403617e-02
1.204549999999926513e-01
1.261530000000448126e-01
1.292659999999727916e-01
1.183210000000372020e-01
1.437419999999747233e-01
1.020030000000247128e-01
1.501269999999408356e-01
9.260399999999435749e-02
1.258230000000821747e-01
1.503379999999765460e-01
1.035049999999841930e-01
1.113850000000411455e-01
1.766269999999394713e-01
9.761200000002645538e-02
1.459769999999593892e-01
1.093520000000580694e-01
1.170820000000389882e-01
1.544699999998897511e-01
9.144200000002911111e-02
1.161010000000715081e-01
1.379349999999703869e-01
1.479020000000446089e-01
9.903999999994539394e-02
1.227299999999900137e-01
1.399800000000368527e-01
9.358199999996941187e-02
1.328919999999698121e-01
1.306280000000015207e-01
9.637800000007246126e-02
9.328299999998534986e-02
7.909799999993083475e-02
7.563600000003134483e-02
1.771370000000160871e-01
1.415020000000026812e-01
1.277839999999628162e-01
1.210409999999910724e-01
1.103110000000242508e-01
1.844380000000001019e-01
1.010450000000560067e-01
1.061540000000036343e-01
8.878699999996797487e-02
1.443259999999781940e-01
1.423139999999989413e-01
9.757000000001880835e-02
1.235219999999799256e-01
1.490589999999656357e-01
1.188780000000519976e-01
1.505730000000085056e-01
9.168399999998655403e-02
1.286460000000033688e-01
1.352360000000203399e-01
1.159239999999499560e-01
1.252450000000067121e-01
1.638099999999553802e-01
1.005310000000463333e-01
1.113000000000283762e-01
1.120710000000144646e-01
1.232299999999781903e-01
1.586129999999457141e-01
9.240200000004961112e-02
1.143089999999915563e-01
1.407639999999901192e-01
1.363390000000777036e-01
1.455129999999371648e-01
1.020139999999969405e-01
1.280780000000163454e-01
1.448040000000219152e-01
1.067530000000260770e-01
1.105949999999324973e-01
1.432850000000485124e-01
1.317579999999907159e-01
9.942699999993465099e-02
1.103180000000065775e-01
1.385290000000054533e-01
1.533680000000572363e-01
1.014959999999973661e-01
1.240809999999328284e-01
2.544579999999996289e-01
1.640200000000504588e-01
8.302999999995108737e-02
1.262219999999842912e-01
1.341700000000400905e-01
8.926999999999907232e-02
1.189299999999775537e-01
1.486400000000571708e-01
1.447939999999334759e-01
8.641699999998309067e-02
1.141030000000569089e-01
1.453060000000618857e-01
1.396179999999276333e-01
9.869700000001557783e-02
1.180680000000506880e-01
1.389169999999921856e-01
1.367409999999154024e-01
1.492640000000733380e-01
1.072159999999939828e-01
1.253619999999955326e-01
1.400729999999725806e-01
1.052070000000071559e-01
1.313969999999926586e-01
1.590049999999791908e-01
9.823000000000092768e-02
1.321039999999698011e-01
9.803500000009535142e-02
1.318729999999277425e-01
1.383789999999862630e-01
1.095440000000849068e-01
1.212029999999799657e-01
1.334759999999732827e-01
1.372410000000172658e-01
1.470049999999787360e-01
1.199139999999943029e-01
1.070629999999823667e-01
1.423100000000658838e-01
9.588099999996302358e-02
1.273249999999848114e-01
2.563880000000153814e-01
1.224770000000034997e-01
1.102639999999723841e-01
1.355250000000296495e-01
1.379830000000197288e-01
1.195999999999912689e-01
1.168739999999957035e-01
1.626599999999598367e-01
1.055330000000367363e-01
1.476799999999798274e-01
8.290899999997236591e-02
1.350240000000439977e-01
1.387930000000210384e-01
9.715699999998150815e-02
1.178659999999922547e-01
1.425520000000233267e-01
1.351930000000152177e-01
1.084999999999922693e-01
1.104979999999500251e-01
1.340570000000411710e-01
1.421369999999910760e-01
1.043910000000209948e-01
1.077569999999354877e-01
1.282490000000393593e-01
1.498909999999682441e-01
9.700000000003683454e-02
8.529199999998127169e-02
1.519040000000018154e-01
1.630820000000312575e-01
1.844639999999913016e-01
1.585829999999646134e-01
1.502169999999978245e-01
7.853500000004487447e-02
7.863599999996040424e-02
1.541230000000268774e-01
2.338429999999789288e-01
1.425860000000511718e-01
1.379819999999085667e-01
1.295520000000465188e-01
1.259919999999965512e-01
1.132790000000341024e-01
1.400570000000129767e-01
1.662579999999138636e-01
9.941500000002179149e-02
1.123049999999921056e-01
1.536380000000008295e-01
1.253750000000195541e-01
1.170979999999985921e-01
8.144799999996621409e-02
1.497400000000652653e-01
1.257099999999695683e-01
1.249190000000339751e-01
1.167709999999715365e-01
1.514070000000629079e-01
1.188699999999016654e-01
1.473510000000715081e-01
9.686399999998229760e-02
1.418280000000322616e-01
1.306429999999636493e-01
1.171410000000037144e-01
9.659199999998691055e-02
1.331780000000435393e-01
1.240309999999453794e-01
1.284259999999903812e-01
1.399300000000494038e-01
8.619899999996505358e-02
1.569650000000137879e-01
7.617099999998799831e-02
1.286010000000032960e-01
1.851940000000240616e-01
8.870799999999690044e-02
1.551279999999337633e-01
1.011130000001116969e-01
1.403769999999440188e-01
1.302639999999541942e-01
1.290470000000709661e-01
9.446399999995946928e-02
1.570900000000392538e-01
1.194869999999923493e-01
1.030250000000023647e-01
1.272479999999518441e-01
1.113469999999665561e-01
1.483750000000441105e-01
9.190300000000206637e-02
1.222719999999526408e-01
2.703490000000670079e-01
1.474629999999592656e-01
9.381100000001652006e-02
1.443849999999997635e-01
1.202209999999581669e-01
1.153360000000702712e-01
1.330290000000218242e-01
1.765030000000251675e-01
8.816599999988739000e-02
1.169130000000677683e-01
1.169840000000021973e-01
1.169819999999504034e-01
1.425619999999980791e-01
9.932800000001407170e-02
1.226090000000112923e-01
1.389419999999859101e-01
1.403010000000790569e-01
1.477089999999634529e-01
9.199599999999463762e-02
1.307439999999360225e-01
1.490600000000767977e-01
1.082029999999463143e-01
1.192230000000336076e-01
1.506080000000338259e-01
1.251899999999182000e-01
1.082610000000272521e-01
1.620599999999967622e-01
8.205799999996088445e-02
1.369820000000459004e-01
1.010900000000560794e-01
1.305819999999471293e-01
1.397350000000301407e-01
1.280120000000124492e-01
1.589649999999664942e-01
8.916400000003932291e-02
1.296499999999696229e-01
1.408949999999435931e-01
9.791599999999789361e-02
1.145390000000929831e-01
1.839449999999374086e-01
9.326599999997142731e-02
1.028730000000450673e-01
1.097920000000272012e-01
1.287349999999491956e-01
1.325120000000197251e-01
1.097419999999829088e-01
1.348200000000474574e-01
1.157849999999598367e-01
1.461579999999571555e-01
1.560070000000450818e-01
9.336799999999811916e-02
1.328820000000519030e-01
1.270669999999540778e-01
1.059160000000360924e-01
1.256459999999606225e-01
1.480429999999728352e-01
1.299430000000825203e-01
1.283529999999473148e-01
9.057500000000118234e-02
1.456489999999917018e-01
1.455360000000496257e-01
8.923899999996365295e-02
1.198530000000346263e-01
1.444129999999859137e-01
1.284139999999638349e-01
1.473869999999806168e-01
8.170700000005126640e-02
1.464759999999500906e-01
1.328830000000493783e-01
1.176580000000058135e-01
1.109950000000026193e-01
1.493429999999875690e-01
1.215599999999312786e-01
1.133120000000076288e-01
1.012959999999907268e-01
1.354440000000636246e-01
1.547030000000404470e-01
9.139699999997219493e-02
1.387330000000019936e-01
2.739040000000159125e-01
1.506769999999164611e-01
1.068430000000830660e-01
1.066069999999399442e-01
1.221230000000446125e-01
9.382699999997612395e-02
1.059040000000095461e-01
1.751649999999926877e-01
1.295210000000110995e-01
1.422630000000140171e-01
1.038289999999619795e-01
1.195260000000075706e-01
9.695899999996981933e-02
8.849500000002308298e-02
1.583940000000438886e-01
8.473300000002836896e-02
1.339849999999387364e-01
6.456589999999664542e-01
2.879883000000006632e+00
5.025790000000256441e-01
1.766469999999458196e-01
1.445060000000921718e-01
