6.361999999999934374e-02
1.245690000000001518e-01
3.013849999999997920e-01
1.659290000000002152e-01
2.847099999999969100e-02
1.512190000000002144e-01
3.014860000000005869e-01
4.842999999999886285e-02
2.744540000000004198e-01
1.815889999999997784e-01
1.628819999999997492e-01
1.771750000000000824e-01
1.851190000000002556e-01
1.230500000000001037e-01
4.561000000000081656e-02
1.571239999999987091e-01
4.769700000000032247e-02
1.243449999999999278e-01
1.323150000000010706e-01
1.980159999999999698e-01
1.780069999999991381e-01
1.193670000000004450e-01
2.067089999999991434e-01
1.717710000000014503e-01
1.235520000000001062e-01
1.771250000000001990e-01
1.275499999999993861e-01
3.222899999999917497e-02
1.120110000000007489e-01
9.654999999999880345e-02
1.506270000000018427e-01
1.566359999999988872e-01
1.904300000000009874e-01
1.586579999999990775e-01
1.708730000000002747e-01
1.395420000000004990e-01
1.981149999999995970e-01
1.825449999999992912e-01
1.578739999999996257e-01
1.524880000000017333e-01
1.751279999999990622e-01
1.822400000000001796e-01
1.544799999999995066e-01
1.496890000000004051e-01
1.761049999999997340e-01
1.817270000000004160e-01
5.368900000000031980e-02
1.262559999999997018e-01
1.479789999999994166e-01
1.495160000000002043e-01
3.691399999999944725e-02
1.761030000000012308e-01
1.576279999999989911e-01
1.692199999999992599e-01
1.558890000000001663e-01
1.982850000000002666e-01
1.644740000000020075e-01
1.288699999999973755e-01
2.028600000000011505e-01
1.852300000000006719e-01
1.464479999999994675e-01
1.627930000000006316e-01
3.372599999999792431e-02
1.164850000000008379e-01
2.527200000000107138e-02
1.843439999999993972e-01
3.461300000000022692e-02
7.566000000000094872e-02
4.780000000000050875e-02
3.805199999999864247e-02
7.723700000000022214e-02
2.987699999999904321e-02
5.269300000000143314e-02
1.170169999999988164e-01
3.801499999999968793e-02
1.311990000000022860e-01
3.180899999999908800e-02
1.671489999999984377e-01
1.071559999999998070e-01
2.143910000000008864e-01
1.799619999999997333e-01
1.637399999999988864e-01
1.302620000000018763e-01
6.163799999999852730e-02
1.319150000000011147e-01
1.945019999999999527e-01
1.350769999999990034e-01
2.662000000000119826e-02
1.510180000000005407e-01
1.563939999999988117e-01
1.847619999999992046e-01
1.811450000000007776e-01
1.464719999999992694e-01
1.568719999999999004e-01
4.675800000000052137e-02
1.709139999999997883e-01
1.566030000000004918e-01
1.692130000000027223e-01
1.474589999999977863e-01
3.493299999999877059e-02
1.747030000000009409e-01
1.383839999999985082e-01
1.605790000000020257e-01
1.941699999999997317e-01
1.707369999999990284e-01
1.491550000000003706e-01
1.707940000000007785e-01
1.458159999999999457e-01
1.837959999999974059e-01
1.631940000000007274e-01
1.695279999999996789e-01
1.617810000000012849e-01
4.118199999999916372e-02
4.659700000000199793e-02
9.511400000000236332e-02
2.897059999999989088e-01
4.933499999999924057e-02
1.074839999999994689e-01
2.983100000000149521e-02
4.351499999999930424e-02
1.530480000000018492e-01
1.800459999999972638e-01
3.734899999999896636e-02
5.295399999999972351e-02
3.973399999999926990e-02
3.559200000000473096e-02
1.608769999999957179e-01
1.933690000000005682e-01
1.063260000000028072e-01
5.978499999999797865e-02
1.402330000000020505e-01
1.443059999999967147e-01
4.185400000000072396e-02
1.773020000000009588e-01
1.404560000000003583e-01
1.669230000000005987e-01
1.812499999999985789e-01
3.382150000000017087e-01
1.538889999999959457e-01
1.273230000000040718e-01
6.684800000000024056e-02
1.843119999999984771e-01
1.591209999999989577e-01
1.114749999999986585e-01
3.465600000000179648e-02
1.907870000000002619e-01
3.292070000000002494e-01
3.387599999999935108e-02
1.506539999999993995e-01
1.540890000000025850e-01
2.755599999999702732e-02
2.115469999999994855e-01
9.275900000000092405e-02
1.020920000000025141e-01
6.914199999999581792e-02
1.539050000000017349e-01
2.088830000000001519e-01
8.717199999999891702e-02
1.296890000000026077e-01
8.726499999999859369e-02
1.787759999999991578e-01
2.606400000000164141e-02
1.536460000000019477e-01
1.776549999999978979e-01
1.177580000000020277e-01
1.929229999999968470e-01
1.913880000000034443e-01
1.402779999999950178e-01
1.771080000000040400e-01
1.623509999999974696e-01
1.935890000000028977e-01
1.323679999999995971e-01
1.389609999999983359e-01
2.856500000000394834e-02
1.550029999999971153e-01
4.298199999999852139e-02
1.720919999999992456e-01
1.582590000000010377e-01
1.648430000000011830e-01
1.728229999999975064e-01
1.794940000000018188e-01
5.130099999999870874e-02
9.625300000000436285e-02
1.499029999999947904e-01
1.678999999999994941e-01
2.104670000000012919e-01
1.514869999999994832e-01
1.570220000000013272e-01
1.591900000000023851e-01
4.962199999999938882e-02
1.522359999999984836e-01
4.296100000000180330e-02
8.694499999999649731e-02
1.652489999999993131e-01
1.608220000000031291e-01
3.644600000000153273e-02
1.634349999999962222e-01
1.668650000000049261e-01
1.253069999999922857e-01
5.071900000000084674e-02
1.400220000000054199e-01
3.548399999999674037e-02
3.908300000000153318e-02
1.432569999999984134e-01
1.637190000000003920e-01
6.028900000000092518e-02
7.557800000000014506e-02
2.639599999999830970e-02
1.306360000000026389e-01
4.762200000000404998e-02
1.836719999999942843e-01
1.543920000000014170e-01
1.603350000000034470e-01
1.207039999999963698e-01
5.487099999999855982e-02
1.808200000000041996e-01
1.501269999999976790e-01
1.547069999999948209e-01
1.867320000000063374e-01
1.887849999999957618e-01
1.611200000000039267e-01
1.590379999999953498e-01
1.196660000000022706e-01
7.004500000000035698e-02
1.703040000000015652e-01
1.635440000000016880e-01
1.277959999999964680e-01
6.632599999999655438e-02
1.653720000000049595e-01
1.256419999999991433e-01
7.889300000000076807e-02
1.314780000000013160e-01
1.579610000000002401e-01
1.553960000000031982e-01
2.916599999999647252e-02
2.039389999999983161e-01
1.344399999999978945e-01
1.323259999999990555e-01
2.007260000000030686e-01
8.619199999999693773e-02
9.172099999999971942e-02
1.372289999999978249e-01
2.839100000000627233e-02
1.507319999999978677e-01
1.790820000000010737e-01
1.824930000000009045e-01
1.541909999999973024e-01
1.189310000000034506e-01
2.055479999999931806e-01
2.013310000000032574e-01
1.436870000000070036e-01
1.540979999999976258e-01
1.721760000000003288e-01
1.966579999999922279e-01
1.401580000000066661e-01
1.654629999999954748e-01
1.747890000000040800e-01
2.613399999999899137e-02
1.492769999999978836e-01
1.687859999999972160e-01
1.585120000000017626e-01
1.749360000000024229e-01
1.377299999999976876e-01
3.877000000000663249e-02
8.938799999999957890e-02
7.064299999999690272e-02
1.478120000000018308e-01
4.109299999999649344e-02
1.391899999999992588e-01
1.258249999999989654e-01
7.880400000000520322e-02
6.256400000000184036e-02
9.075699999999642387e-02
4.442999999999841521e-02
5.827899999999885949e-02
3.016099999999966030e-02
2.634200000000674891e-02
1.479560000000006426e-01
1.798839999999941597e-01
9.256400000000297723e-02
5.403700000000100090e-02
7.545900000000216323e-02
8.245799999999547936e-02
1.761130000000008522e-01
1.874739999999945894e-01
1.791910000000029868e-01
9.853600000000284354e-02
3.096799999999433339e-02
1.501600000000067325e-01
4.353700000000060299e-02
1.895459999999928868e-01
1.289429999999995857e-01
3.345300000000150931e-02
1.115200000000058367e-01
5.582299999999662532e-02
1.573589999999995825e-01
1.835300000000046339e-01
3.205599999999719785e-02
9.923900000000429600e-02
4.447099999999437614e-02
1.503049999999959141e-01
1.432830000000038240e-01
2.351910000000003720e-01
1.393909999999962679e-01
1.553400000000024761e-01
1.683269999999978950e-01
2.043740000000013879e-01
1.450550000000063733e-01
1.735609999999923048e-01
1.232450000000042678e-01
5.610099999999818010e-02
1.802920000000014511e-01
1.581209999999941829e-01
1.310960000000065406e-01
3.315699999999566217e-02
1.935870000000008417e-01
3.267979999999965912e-01
3.435500000000502041e-02
1.370190000000022224e-01
1.636459999999999582e-01
2.077479999999951588e-01
3.748500000000376531e-02
7.959999999999922693e-02
1.578749999999971010e-01
2.048169999999984725e-01
1.825440000000000396e-01
1.352000000000046498e-01
1.735460000000017544e-01
1.594899999999981333e-01
2.153220000000004575e-01
1.734899999999939268e-01
1.354700000000050863e-01
1.962650000000039086e-01
4.437499999999516831e-02
3.710700000000599630e-02
4.270899999999500096e-02
6.313500000000260570e-02
2.854849999999942156e-01
3.900000000000147793e-02
7.885499999999723286e-02
1.072390000000069676e-01
1.807969999999983202e-01
1.350300000000004275e-01
1.950950000000020168e-01
2.056829999999933989e-01
1.743009999999998172e-01
1.832830000000029713e-01
9.034500000000633690e-02
4.214299999999582269e-02
2.832399999999779538e-02
3.328780000000008954e-01
4.655199999999837246e-02
1.187070000000005621e-01
1.179449999999988563e-01
3.330700000000064165e-02
1.810810000000060427e-01
3.321259999999952583e-01
1.727629999999962251e-01
1.654710000000036985e-01
2.227689999999995507e-01
1.264559999999974593e-01
1.229360000000028208e-01
3.330700000000774708e-02
1.740589999999926363e-01
1.901119999999991705e-01
3.524200000000377031e-02
1.289340000000009923e-01
1.111020000000024766e-01
2.857299999999440843e-02
1.724299999999914235e-01
2.541100000001250692e-02
1.533110000000021955e-01
1.888599999999911461e-01
8.214499999999702595e-02
4.913400000000933687e-02
2.650299999999106149e-02
1.806820000000044502e-01
1.794610000000034233e-01
1.610209999999909769e-01
1.696120000000007622e-01
1.589120000000008304e-01
1.995790000000070563e-01
1.645609999999990691e-01
1.565889999999967586e-01
1.439920000000043387e-01
4.388699999999801094e-02
1.809630000000055361e-01
1.528609999999943625e-01
1.731159999999931642e-01
1.233009999999978845e-01
4.943600000000003547e-02
1.897970000000128721e-01
1.564369999999968286e-01
1.370319999999978222e-01
2.076239999999955899e-01
3.278020000000054779e-01
1.685329999999964912e-01
1.339970000000079153e-01
3.653800000000018144e-02
5.957699999999732654e-02
1.239479999999986148e-01
1.400730000000010023e-01
1.463549999999926854e-01
1.884310000000084528e-01
3.117599999999498550e-02
1.686780000000069890e-01
1.646250000000009095e-01
1.339979999999982851e-01
3.221199999999413421e-02
1.599770000000049208e-01
2.971999999999752617e-02
3.185700000000224463e-02
1.215459999999950469e-01
2.840700000000140335e-02
1.413590000000084501e-01
3.216599999998948078e-02
1.090499999999963165e-01
2.085490000000049804e-01
3.357389999999966790e-01
1.600410000000067612e-01
1.518119999999996139e-01
2.133150000000014757e-01
1.121410000000011564e-01
4.095000000000226237e-02
5.246699999999293595e-02
9.541800000000222326e-02
1.149939999999958218e-01
7.603599999999488546e-02
1.444250000000053547e-01
1.705680000000029395e-01
2.840100000000234104e-02
1.032679999999928100e-01
3.763300000000668888e-02
1.662669999999906167e-01
1.799520000000072173e-01
1.668289999999998940e-01
4.427600000000353475e-02
1.065299999999922420e-01
1.868119999999962033e-01
2.174840000000131113e-01
1.181679999999900588e-01
1.650930000000059295e-01
1.569429999999911729e-01
2.009910000000019181e-01
5.677000000000731461e-02
9.294099999999616557e-02
1.466729999999998313e-01
1.832889999999949282e-01
1.968859999999992283e-01
1.428290000000060900e-01
5.513399999999535339e-02
1.184170000000079881e-01
1.733439999999859538e-01
1.798360000000229775e-01
1.593839999999886459e-01
1.140650000000107411e-01
3.914099999998654766e-02
1.839460000000059381e-01
2.134069999999894662e-01
1.255859999999984211e-01
1.587260000000014770e-01
3.218800000000499040e-02
1.155060000000105447e-01
4.159399999998925068e-02
1.771710000000012997e-01
8.372500000000115961e-02
2.635800000000187993e-02
1.538099999999928968e-01
5.447100000000659747e-02
1.818700000000035288e-01
8.034099999999000374e-02
6.783100000001240915e-02
1.003800000000012460e-01
8.955799999999669581e-02
1.713369999999940774e-01
1.443330000000031532e-01
3.386199999999917054e-02
1.517119999999891888e-01
1.748869999999982383e-01
1.444940000000087821e-01
1.918680000000136943e-01
2.093259999999901311e-01
1.180350000000061073e-01
1.746100000000012642e-01
1.746270000000009759e-01
1.950879999999983738e-01
4.003399999999146530e-02
1.196879999999964639e-01
1.530640000000005330e-01
1.751630000000119480e-01
1.913179999999954362e-01
1.411530000000027485e-01
1.782739999999876090e-01
1.776040000000023156e-01
1.772590000000064947e-01
2.546399999999948704e-02
1.502660000000020091e-01
1.419470000000018217e-01
1.959920000000039408e-01
1.980250000000012278e-01
1.463239999999927932e-01
1.692449999999894317e-01
1.692810000000122272e-01
2.043679999999881147e-01
1.529410000000126502e-01
1.094509999999928596e-01
4.713499999999726242e-02
1.554100000000033788e-01
2.696900000000823638e-02
1.814739999999943620e-01
1.581589999999977181e-01
1.396969999999981837e-01
3.365999999999758074e-02
1.613760000000041828e-01
1.935359999999946012e-01
1.760749999999973170e-01
1.228180000000094196e-01
3.696499999999502961e-02
1.679199999999951842e-01
2.112960000000185801e-01
1.283479999999883603e-01
1.871629999999981919e-01
1.547880000000105838e-01
2.053159999999820684e-01
4.236700000001292210e-02
7.888699999999460033e-02
5.452499999999815827e-02
1.165469999999970696e-01
1.856369999999998299e-01
2.653000000000815817e-02
1.601229999999986831e-01
1.769560000000041100e-01
1.612269999999966785e-01
1.692879999999945539e-01
1.879310000000060654e-01
1.675719999999927268e-01
1.594930000000118753e-01
1.813400000000058299e-01
2.214769999999788297e-01
1.189500000000123237e-01
1.524639999999948259e-01
3.002499999999486135e-02
1.219609999999988759e-01
2.065860000000014907e-01
1.163540000000011787e-01
3.953800000000740056e-02
5.784699999999531883e-02
1.051960000000065065e-01
1.214590000000015380e-01
4.703599999999141801e-02
5.020600000000285945e-02
1.322620000000114260e-01
1.751759999999933370e-01
1.480200000000024829e-01
1.368819999999857373e-01
3.249100000000737509e-02
1.639009999999956335e-01
3.119200000000432738e-02
4.498600000000863020e-02
9.125899999999376178e-02
2.901699999999607371e-02
1.471980000000030486e-01
1.397369999999966694e-01
5.227200000000209457e-02
1.350580000000007885e-01
5.109000000000207820e-02
1.020889999999923248e-01
5.352200000000095770e-02
8.533800000000724140e-02
6.631000000000142336e-02
1.454880000000002838e-01
3.059600000000273212e-02
2.118299999999919692e-01
1.170900000000045793e-01
1.025920000000013488e-01
8.041999999998949988e-02
1.600580000000064729e-01
1.909739999999970905e-01
3.368219999999979564e-01
1.429940000000016198e-01
3.627400000000591263e-02
1.837110000000024002e-01
1.713369999999940774e-01
1.362659999999920046e-01
1.875500000000016598e-01
2.234380000000015798e-01
1.239460000000036644e-01
1.854239999999975907e-01
1.334230000000076188e-01
3.829399999999338888e-02
2.002690000000058035e-01
4.935000000000400178e-02
9.847800000000006548e-02
1.585559999999901493e-01
1.411200000000008004e-01
4.713499999999726242e-02
5.434499999999786723e-02
1.350700000000131240e-01
1.291240000000044574e-01
1.807569999999856236e-01
1.653730000000024347e-01
1.596990000000033660e-01
4.622999999999422016e-02
5.233900000000346608e-02
7.676699999998959356e-02
2.961800000001346689e-02
1.432279999999934716e-01
1.627069999999974925e-01
3.888900000001171975e-02
3.056629999999955771e-01
1.771749999999912006e-01
1.796040000000118653e-01
2.173719999999974561e-01
1.108669999999989386e-01
2.897400000000516229e-02
1.246169999999864331e-01
1.642950000000098498e-01
5.272700000000440923e-02
1.614829999999898291e-01
1.870990000000034570e-01
1.481399999999979400e-01
1.502049999999996999e-01
5.136699999999905231e-02
1.610359999999957381e-01
9.859800000000973341e-02
7.811399999999935062e-02
1.404419999999930724e-01
1.811809999999951515e-01
6.661200000000633281e-02
1.496470000000016398e-01
1.545350000000098589e-01
1.467479999999881102e-01
1.525620000000031951e-01
2.965100000000120417e-02
2.675999999999589818e-02
1.479470000000020491e-01
1.877170000000063510e-01
7.706499999999039119e-02
7.112400000001173339e-02
5.618199999999262673e-02
1.076510000000041600e-01
2.748300000000369891e-02
7.341599999999459669e-02
9.597100000000580167e-02
1.514880000000005111e-01
1.693819999999846004e-01
1.523440000000135797e-01
2.050109999999989441e-01
1.549939999999878637e-01
1.262530000000054997e-01
4.375799999999685497e-02
1.876170000000030313e-01
7.902599999999893043e-02
1.252120000000047639e-01
1.400519999999971787e-01
1.472150000000027603e-01
3.208399999999755892e-02
1.383870000000086975e-01
3.829399999999338888e-02
1.750380000000006930e-01
1.384709999999955699e-01
1.510279999999966094e-01
1.924210000000101672e-01
1.773869999999959646e-01
1.629539999999991551e-01
3.211299999999539523e-02
1.250720000000029586e-01
2.942199999999672855e-02
1.440860000000014907e-01
3.907499999999686224e-02
1.338410000000038735e-01
4.492100000000220916e-02
8.391299999999546344e-02
6.228800000000944692e-02
1.607599999999962392e-01
1.641139999999978727e-01
2.960699999999860665e-02
2.068360000000097898e-01
1.242519999999842639e-01
1.606910000000141281e-01
1.712769999999892434e-01
2.223699999999979582e-01
1.352630000000090149e-01
4.265900000000044656e-02
6.531400000000076034e-02
3.220399999999301599e-02
5.657200000000273121e-02
9.867800000000670479e-02
5.669500000000482487e-02
4.531799999999464035e-02
1.505109999999945103e-01
4.175600000000656564e-02
8.986799999999561805e-02
1.323840000000018335e-01
4.190399999998817293e-02
7.266400000000317050e-02
9.161500000000444288e-02
1.977310000000045420e-01
1.565449999999941610e-01
6.574499999999261490e-02
1.011290000000144573e-01
6.445499999999526608e-02
1.170860000000004675e-01
1.856819999999999027e-01
3.119999999999834017e-02
1.123580000000004020e-01
1.854149999999918919e-01
1.588460000000111449e-01
3.404099999998777548e-02
2.059370000000058099e-01
7.716200000000128512e-02
4.912600000000111322e-02
1.312560000000075888e-01
2.236069999999870106e-01
1.639320000000168420e-01
1.476499999999987267e-01
3.219399999998984185e-02
1.479889999999954853e-01
1.736750000000029104e-01
7.730200000000309046e-02
1.067510000000027048e-01
3.143699999999682859e-02
1.181459999999958654e-01
3.908100000001013541e-02
1.362549999999913553e-01
2.769999999999583906e-02
1.786660000000068749e-01
1.806370000000043774e-01
1.451179999999965275e-01
1.738390000000009650e-01
1.489399999999960755e-01
2.068940000000054624e-01
1.679180000000002337e-01
1.480509999999952697e-01
1.855759999999975207e-01
1.265430000000122845e-01
9.118699999999080319e-02
1.268919999999980064e-01
1.639460000000099171e-01
1.559969999999992751e-01
2.121629999999896654e-01
7.856200000000512773e-02
7.911999999998897692e-02
6.185600000000590626e-02
5.773399999999639931e-02
3.594800000000475393e-02
1.718050000000062028e-01
2.746900000000067621e-01
6.159399999998527164e-02
8.310200000001088938e-02
9.656699999999318607e-02
1.518709999999998672e-01
1.967910000000046011e-01
1.535530000000022710e-01
1.721749999999957481e-01
1.740769999999969286e-01
3.745700000000340424e-02
1.508709999999950924e-01
4.103499999999371539e-02
1.517260000000106857e-01
1.209089999999974907e-01
4.251000000000715318e-02
1.191919999999839774e-01
3.195000000000902673e-02
2.106330000000014024e-01
8.102900000000090586e-02
7.053100000000256387e-02
1.302719999999908396e-01
1.982310000000069294e-01
2.601799999999343527e-02
1.817020000000013624e-01
1.636990000000082546e-01
1.567569999999989250e-01
1.519899999999978490e-01
2.161580000000071777e-01
1.587739999999939755e-01
1.425689999999946167e-01
1.909629999999964411e-01
3.055800000001340777e-02
1.766459999999909769e-01
1.485889999999869815e-01
1.699680000000256541e-01
1.393659999999812271e-01
4.410800000000847376e-02
4.163100000000952150e-02
1.406379999999955999e-01
1.626279999999979964e-01
1.424010000000066611e-01
2.149299999999954025e-01
1.902389999999911652e-01
1.491159999999922547e-01
1.646670000000227674e-01
1.581899999999905049e-01
2.083269999999970423e-01
3.031699999999659667e-02
4.589899999999147440e-02
4.775200000000268119e-02
2.551500000001283297e-02
1.520310000000080208e-01
1.784109999999827778e-01
1.012140000000130158e-01
7.975499999999158263e-02
1.725110000000000809e-01
1.478020000000128675e-01
1.185129999999787742e-01
6.608600000001274566e-02
1.815969999999964557e-01
4.136799999999141164e-02
1.358990000000090959e-01
1.193799999999924921e-01
4.404300000000205273e-02
1.358499999999907004e-01
3.935300000000552245e-02
1.977300000000070668e-01
1.370739999999983638e-01
1.764210000000048240e-01
1.709689999999852716e-01
1.835020000000042728e-01
1.555060000000025866e-01
1.475310000000149557e-01
2.017779999999902429e-01
1.750050000000129558e-01
1.663949999999942975e-01
1.724980000000044811e-01
1.365049999999996544e-01
3.488599999998598378e-02
1.868949999999927059e-01
1.524120000000124264e-01
1.393719999999945003e-01
2.086970000000007985e-01
2.010959999999926140e-01
1.514050000000111140e-01
1.616130000000026712e-01
1.743490000000065265e-01
1.934159999999849333e-01
6.425200000001041190e-02
1.009360000000043556e-01
6.679299999998988824e-02
8.546599999999671127e-02
1.733860000000078116e-01
1.102489999999960446e-01
7.125300000001288936e-02
1.740499999999940428e-01
1.168859999999938282e-01
5.781600000001674289e-02
1.240709999999864976e-01
6.110100000000784348e-02
1.963549999999827378e-01
1.497170000000096479e-01
1.283260000000012724e-01
1.733210000000013906e-01
4.429700000000025284e-02
1.848229999999944084e-01
1.533719999999902939e-01
1.699100000000157706e-01
1.553279999999972461e-01
2.043040000000075906e-01
1.396960000000007085e-01
1.834679999999906386e-01
1.566939999999874544e-01
4.262200000000859745e-02
1.783020000000021810e-01
1.538199999999818601e-01
1.785380000000174050e-01
1.328429999999940492e-01
4.367500000000745786e-02
3.810299999999244847e-02
1.175939999999968677e-01
4.333100000000911223e-02
1.589709999999939782e-01
1.254469999999940910e-01
3.355800000001352146e-02
1.884390000000166765e-01
2.049109999999814136e-01
1.224689999999952761e-01
4.110300000000677301e-02
1.488949999999960028e-01
1.426360000000101991e-01
2.346959999999853608e-01
1.446750000000065484e-01
1.147640000000080818e-01
4.885299999997982923e-02
1.777300000000110458e-01
1.862130000000092878e-01
1.235199999999991860e-01
3.781999999999641204e-02
1.501999999999981128e-01
1.850999999999913825e-01
1.796880000000129485e-01
1.703089999999889415e-01
1.041180000000139216e-01
2.289339999999810971e-01
1.892790000000132977e-01
1.480590000000034934e-01
1.811569999999846914e-01
1.503969999999981155e-01
2.103120000000160417e-01
1.509009999999904039e-01
1.488379999999978054e-01
1.851880000000107884e-01
2.118840000000119517e-01
1.119269999999659149e-01
1.740750000000019782e-01
3.664300000002640445e-02
1.200279999999906977e-01
2.195639999999912106e-01
1.600750000000061846e-01
1.477530000000086829e-01
1.934219999999839956e-01
1.764250000000089358e-01
1.704130000000105838e-01
1.594349999999877809e-01
1.315769999999929496e-01
4.180000000000916316e-02
1.793429999999887059e-01
1.260810000000134323e-01
5.248000000000274667e-02
7.047099999999772990e-02
9.824399999999400279e-02
1.282319999999970150e-01
5.601399999999046031e-02
5.632100000002537854e-02
1.133609999999833917e-01
6.477700000000652381e-02
8.954899999999099691e-02
1.155720000000002301e-01
6.639900000000409364e-02
1.598600000000089949e-01
2.098459999999988668e-01
1.647049999999978809e-01
1.398389999999949396e-01
2.007719999999864058e-01
1.945870000000127220e-01
1.378179999999957772e-01
1.910120000000148366e-01
1.368760000000008858e-01
2.213149999999899364e-01
1.594699999999988904e-01
1.550640000000100827e-01
1.795649999999966440e-01
2.677699999999560987e-02
1.868479999999976826e-01
1.454050000000108867e-01
1.694009999999934735e-01
1.268979999999970687e-01
6.399899999999547617e-02
1.790720000000050049e-01
1.583269999999998845e-01
1.422490000000067312e-01
4.066799999998238491e-02
1.688860000000147465e-01
8.287500000000136424e-02
1.051840000000083819e-01
1.532639999999787506e-01
1.635800000000244836e-01
1.769060000000024502e-01
7.866099999998255043e-02
9.686800000000062028e-02
1.807499999999890861e-01
5.699999999998794920e-02
7.529300000001626358e-02
1.993750000000034106e-01
1.796190000000024156e-01
1.618929999999920710e-01
1.515699999999924330e-01
1.850860000000125183e-01
1.977060000000108175e-01
3.439199999999686952e-02
1.357380000000034670e-01
1.427429999999958454e-01
1.692510000000027048e-01
2.534800000000814180e-02
7.551599999999325519e-02
9.593399999999974170e-02
1.701669999999921856e-01
9.143900000000826367e-02
5.059199999999464126e-02
4.054090000000201144e-01
3.113329999999621123e-01
4.456600000003163586e-02
2.013889999999776137e-01
1.533580000000256405e-01
1.645949999999913871e-01
1.381699999999739248e-01
2.246040000000277814e-01
1.198739999999816064e-01
4.724099999998543353e-02
1.458410000000185391e-01
7.365200000000982072e-02
7.694699999998988460e-02
5.719300000001226181e-02
1.400849999999991269e-01
2.120149999999796364e-01
1.294240000000002055e-01
1.572020000000122764e-01
2.524599999998144995e-02
1.380890000000363216e-01
2.685799999997584564e-02
7.613200000000119871e-02
1.080850000000168620e-01
4.595599999998967178e-02
6.430799999998271232e-02
5.369400000000723594e-02
1.480980000000045038e-01
4.221900000001710396e-02
1.321649999999863212e-01
7.452200000000175351e-02
1.345390000000179498e-01
3.682899999998312524e-02
1.298789999999883094e-01
1.624469999999860192e-01
1.552170000000216987e-01
3.460300000000415821e-02
1.441399999999930515e-01
2.677299999999149804e-02
1.651740000000074815e-01
1.697499999999934062e-01
1.647650000000169257e-01
2.092670000000111941e-01
1.254869999999641550e-01
3.194100000001753870e-02
1.679069999999853735e-01
1.587570000000084747e-01
2.107450000000028467e-01
1.512900000000172440e-01
1.640839999999741394e-01
5.137999999999465217e-02
1.306000000000153705e-01
1.850290000000143209e-01
1.647829999999999018e-01
1.623409999999978481e-01
1.526529999999866050e-01
3.159700000000498221e-02
1.849819999999908759e-01
1.549480000000187374e-01
1.646909999999763841e-01
1.904040000000009059e-01
1.937719999999956144e-01
1.468120000000112668e-01
1.620589999999992870e-01
1.487319999999954234e-01
3.194600000000491491e-02
1.842300000000136606e-01
1.596370000000035816e-01
1.581669999999917309e-01
1.864419999999995525e-01
1.936570000000017444e-01
1.418929999999818392e-01
5.053900000001476656e-02
1.219980000000191467e-01
1.840899999999692227e-01
1.885050000000205728e-01
1.303529999999852862e-01
1.681980000000180553e-01
1.627159999999889806e-01
5.182199999998715612e-02
2.008759999999938373e-01
1.305310000000190485e-01
1.813319999999976062e-01
1.121070000000088385e-01
6.895899999997823215e-02
4.064900000000193359e-02
1.479229999999915890e-01
4.341900000002851812e-02
9.586799999999584543e-02
1.468359999999790944e-01
3.934900000001562148e-02
1.702349999999910324e-01
2.005110000000058790e-01
1.371780000000057953e-01
1.607720000000085747e-01
1.989349999999774354e-01
1.919410000000141281e-01
1.538160000000061700e-01
1.598239999999861993e-01
1.897519999999985885e-01
2.121330000000227756e-01
1.175489999999967949e-01
1.860089999999843258e-01
1.663380000000245218e-01
2.047239999999987958e-01
5.420799999996006591e-02
6.073300000002745946e-02
3.595699999999624197e-02
1.291689999999903193e-01
2.589100000000144064e-02
3.409300000001280750e-02
1.251659999999787942e-01
2.605900000003202877e-02
6.863199999997959821e-02
1.046110000000055607e-01
3.646199999997179475e-02
1.243790000000046803e-01
1.665470000000084383e-01
1.845749999999952706e-01
1.686600000000169075e-01
1.748029999999971551e-01
1.419649999999990087e-01
1.865970000000061191e-01
1.960100000000011278e-01
1.550739999999848351e-01
1.897580000000118616e-01
1.336869999999805714e-01
4.044799999999781903e-02
2.999010000000055243e-01
2.784700000000839282e-02
1.545710000000042328e-01
1.803620000000023538e-01
2.642700000001241278e-02
7.204399999997690429e-02
9.523500000000240107e-02
1.751739999999983866e-01
1.326840000000117925e-01
2.668700000000967520e-02
1.921849999999949432e-01
1.596780000000137534e-01
1.750539999999602969e-01
3.177300000001537228e-02
1.134430000000179461e-01
1.997929999999712436e-01
2.147840000000087457e-01
1.311870000000112668e-01
1.662429999999801566e-01
2.792999999999778993e-02
1.455520000000092296e-01
2.026070000000004256e-01
1.522330000000238215e-01
9.297399999999811371e-02
5.587599999998360545e-02
1.860590000000001965e-01
1.846890000000200871e-01
1.804219999999929769e-01
1.403210000000001401e-01
1.928580000000010841e-01
1.837859999999693628e-01
1.724330000000122709e-01
1.550640000000100827e-01
1.882610000000113359e-01
1.956809999999791216e-01
1.493299999999919692e-01
1.786950000000331329e-01
1.523539999999741212e-01
2.091999999999814008e-01
1.476870000000189975e-01
1.647310000000175023e-01
1.872709999999813135e-01
1.916609999999820957e-01
1.631570000000124310e-01
1.620880000000113341e-01
1.779339999999933752e-01
1.973739999999963857e-01
1.063530000000127984e-01
4.749300000000289401e-02
1.549750000000074124e-01
1.646749999999883585e-01
2.829700000000912041e-02
6.884800000000268483e-02
1.232689999999934116e-01
1.508939999999938664e-01
1.671560000000056334e-01
1.744730000000060954e-01
1.953189999999835891e-01
5.772799999999733700e-02
7.074100000002658817e-02
2.619699999999625106e-02
1.144719999999779247e-01
4.167900000001623084e-02
1.593709999999930460e-01
1.918890000000033069e-01
1.562069999999948777e-01
1.072889999999802058e-01
6.219000000001528861e-02
1.672399999999925058e-01
1.829669999999907759e-01
4.074200000002292654e-02
1.259829999999908523e-01
2.796600000002058550e-02
2.663200000000642831e-02
1.101629999999715892e-01
2.642600000001493754e-02
1.742189999999936845e-01
1.942300000000045657e-01
3.999099999998634303e-02
1.049660000000187665e-01
1.758550000000127511e-01
4.190599999998312342e-02
9.755099999998151361e-02
4.217099999999618376e-02
1.907240000000172131e-01
3.188599999998587009e-02
9.766000000001895387e-02
2.880200000001309490e-02
7.130799999998771455e-02
8.110499999997955456e-02
1.307899999999904139e-01
4.274600000002237721e-02
6.811400000000844557e-02
3.081499999998982275e-02
9.426700000000209911e-02
1.238669999999899574e-01
3.246599999999943975e-02
1.651019999999903121e-01
1.327510000000131640e-01
4.932500000001027729e-02
1.671069999999872380e-01
1.752510000000029322e-01
1.478100000000210912e-01
2.070789999999647080e-01
1.742650000000196542e-01
3.177800000000274849e-02
1.282929999999851134e-01
1.670500000000174623e-01
1.595010000000058881e-01
1.868919999999718584e-01
5.106300000002761408e-02
1.250869999999792981e-01
3.366500000001337867e-02
1.338499999999953616e-01
1.672409999999899810e-01
3.530100000000402360e-02
1.614440000000172404e-01
2.659419999999954598e-01
8.104700000001230364e-02
1.323929999999791107e-01
3.408400000000710861e-02
2.026010000000155742e-01
1.593819999999652737e-01
1.407450000000096679e-01
2.083450000000084401e-01
1.814119999999945776e-01
2.930399999999622196e-02
1.089060000000188211e-01
2.810500000001070475e-02
1.650909999999896627e-01
1.640699999999810643e-01
1.991390000000308191e-01
1.566059999999822594e-01
1.644100000000037198e-01
1.714800000000025193e-01
2.781399999997802297e-02
1.882830000000126347e-01
1.516409999999837055e-01
1.619400000000155160e-01
1.388289999999869906e-01
4.415900000000760883e-02
1.818759999999883803e-01
1.751350000000115870e-01
1.225760000000093441e-01
4.197199999998701969e-02
1.865920000000187429e-01
1.871319999999911943e-01
1.096540000000061355e-01
3.688299999998889689e-02
1.737249999999903594e-01
1.617660000000284981e-01
2.070649999999716329e-01
1.221120000000155414e-01
2.729999999999677129e-02
1.041649999999947340e-01
5.051499999999009560e-02
1.902990000000102100e-01
9.411600000001385524e-02
9.696299999998814201e-02
1.601339999999993324e-01
1.144270000000062737e-01
3.994000000000141881e-02
7.021199999999794272e-02
7.315400000001659464e-02
3.945299999998042040e-02
1.662769999999795800e-01
3.083800000001701846e-02
1.335190000000068267e-01
2.535900000000879118e-02
1.097759999999823322e-01
1.768280000000288510e-01
3.029799999998772364e-02
9.801799999999616375e-02
1.129179999999792017e-01
3.008100000002400520e-02
7.971000000000572072e-02
3.680699999998182648e-02
4.889099999999757529e-02
8.795899999998368912e-02
9.515600000003132664e-02
8.663699999999607826e-02
1.131349999999997635e-01
6.860799999998334897e-02
2.982200000002421802e-02
1.421269999999879019e-01
3.652800000000411274e-02
1.291869999999732954e-01
1.689570000000344407e-01
2.088429999999732445e-01
1.096300000000098862e-01
2.911699999998518251e-02
1.800360000000296168e-01
3.407699999999636020e-02
1.241600000000175896e-01
7.658199999997350460e-02
1.373490000000003874e-01
5.811700000000996624e-02
1.039700000000038926e-01
1.276599999999916690e-01
3.320199999998862950e-02
1.840950000000134423e-01
9.477200000000607361e-02
9.601499999999418833e-02
1.478840000000047894e-01
1.233249999999941338e-01
4.163699999998016210e-02
1.572240000000135751e-01
2.618000000001075023e-02
1.863199999999949341e-01
1.152979999999956817e-01
3.926800000002117486e-02
6.846299999997995656e-02
9.361300000000483124e-02
1.275960000000111449e-01
4.613799999998491330e-02
6.181300000000078398e-02
1.171500000000094133e-01
1.920289999999909014e-01
9.564900000000875480e-02
3.964499999997883606e-02
2.605900000000360706e-02
1.520399999999995089e-01
3.615800000000035652e-02
1.811840000000017881e-01
1.588130000000091968e-01
5.645699999999465035e-02
4.143700000000194450e-02
4.007899999999153806e-02
1.558870000000069922e-01
3.225499999999215106e-02
9.229600000000459659e-02
6.995399999999563079e-02
3.555500000001643457e-02
1.272319999999922402e-01
2.038809999999955380e-01
3.572399999998765452e-02
1.016620000000045820e-01
1.274109999999950560e-01
9.884400000001392073e-02
1.560270000000230084e-01
1.466099999999812553e-01
1.855900000000190175e-01
4.978599999998323256e-02
1.707199999999886586e-01
1.446830000000147720e-01
1.660369999999886659e-01
3.692000000000916771e-02
8.300400000001673106e-02
6.571499999998309249e-02
1.753280000000074779e-01
1.765829999999937172e-01
1.152059999999721640e-01
2.606400000001940498e-02
2.942400000000588989e-02
1.791460000000029140e-01
2.219090000000107921e-01
9.450599999996711631e-02
3.112699999999790634e-02
1.630470000000059372e-01
1.528219999999862466e-01
1.951210000000287437e-01
1.745030000000156178e-01
1.481539999999768042e-01
1.907229999999913161e-01
1.767970000000218533e-01
1.891750000000058662e-01
1.434199999999918873e-01
2.000769999999931770e-01
1.761549999999942884e-01
5.043700000001649641e-02
6.534299999998438579e-02
6.266100000001983972e-02
1.242939999999919110e-01
2.265580000000113614e-01
3.557699999998931162e-02
1.454899999999952342e-01
1.413760000000081618e-01
1.503179999999701977e-01
3.061600000003750210e-02
1.426739999999995234e-01
3.716999999997483428e-02
1.714450000000056207e-01
9.008000000000038199e-02
8.040700000000811087e-02
1.460789999999860811e-01
2.061319999999966512e-01
2.034140000000093096e-01
6.013799999999491774e-02
8.396999999999366082e-02
7.371900000001119224e-02
1.019560000000012678e-01
4.923600000000760701e-02
6.553400000001374792e-02
4.625799999996615952e-02
3.151900000000296131e-02
1.541870000000074015e-01
1.713900000000023738e-01
1.385649999999998272e-01
3.798299999999699139e-02
1.614900000000147884e-01
1.781899999999723150e-01
2.924600000000054933e-02
1.452860000000271157e-01
1.764239999999972497e-01
7.597099999998135900e-02
6.428800000000478576e-02
4.849500000000261934e-02
1.671039999999948122e-01
5.455699999998842031e-02
6.976800000003891000e-02
5.314599999996971746e-02
8.101800000000025648e-02
6.288100000000440559e-02
1.550030000000219843e-01
4.341499999998177373e-02
1.955570000000079744e-01
1.628609999999923730e-01
1.455660000000023047e-01
1.750679999999817937e-01
2.305460000000039145e-01
4.228800000001342596e-02
9.970699999999510510e-02
1.442789999999831707e-01
1.837180000000273594e-01
2.540399999998044223e-02
1.902910000000304080e-01
1.350789999999904012e-01
1.780219999999985703e-01
1.430129999999962820e-01
3.607599999998001294e-02
1.897990000000220334e-01
1.535670000000095570e-01
1.552579999999750271e-01
1.824440000000038253e-01
2.789000000001351509e-02
3.407869999999775246e-01
1.775990000000149394e-01
1.161479999999812662e-01
6.789400000002387969e-02
1.563020000000108212e-01
5.004999999999881766e-02
1.350779999999929260e-01
1.190789999999708471e-01
2.194690000000321106e-01
9.558999999998718522e-02
9.821999999999775355e-02
1.549650000000042382e-01
1.640380000000050131e-01
1.510790000000099553e-01
1.693779999999946995e-01
1.811529999999947904e-01
1.654939999999953670e-01
2.007450000000119417e-01
1.800289999999904467e-01
2.170459999999820866e-01
6.766000000001781700e-02
4.173499999998853127e-02
1.752120000000161326e-01
2.866699999998445492e-02
1.615810000000124091e-01
2.646699999999668762e-02
1.206630000000075142e-01
3.467000000000552973e-02
1.186759999999935644e-01
4.555799999999976535e-02
1.521620000000041273e-01
2.846299999998791463e-02
2.042590000000075179e-01
1.307789999999897645e-01
1.766790000000071359e-01
1.406669999999792253e-01
3.019100000003049900e-02
1.938940000000002328e-01
1.435810000000117270e-01
1.742199999999911597e-01
1.987239999999985685e-01
3.496369999999728861e-01
3.023400000000719956e-02
1.259280000000160271e-01
3.348499999998466592e-02
1.638769999999851734e-01
1.387130000000240670e-01
6.215500000001838998e-02
1.655949999999677402e-01
1.143760000000213495e-01
3.696399999998334351e-02
1.979430000000093059e-01
1.854960000000005493e-01
1.647540000000162763e-01
1.511129999999809570e-01
1.526169999999922311e-01
3.201500000000123691e-02
1.856380000000115160e-01
4.336100000000442378e-02
1.191029999999955180e-01
1.437870000000032178e-01
1.549619999999833908e-01
5.327600000001098124e-02
1.894910000000038508e-01
1.648370000000056734e-01
1.218399999999917327e-01
3.255699999999706051e-02
1.476210000000151013e-01
2.292159999999796582e-01
1.607050000000072032e-01
1.232709999999883621e-01
3.444000000001778972e-02
1.801629999999931897e-01
2.056589999999971496e-01
1.443429999999921165e-01
1.837730000000021846e-01
1.594440000000076907e-01
1.863539999999943575e-01
3.766000000001668013e-02
1.375599999999792544e-01
6.754799999998795101e-02
7.558600000001547414e-02
1.751179999999976644e-01
3.583299999999667307e-02
1.914349999999842566e-01
1.332830000000342352e-01
3.248399999998241583e-02
1.626010000000235323e-01
7.703199999997423220e-02
1.067079999999975826e-01
1.510570000000086566e-01
5.180599999999913052e-02
1.579720000000008895e-01
1.065409999999928914e-01
3.304700000001048465e-02
2.151959999999917272e-01
1.765640000000132659e-01
1.382460000000094169e-01
1.972069999999916945e-01
1.340669999999875017e-01
1.149340000000051987e-01
1.131900000000030104e-01
1.387969999999825177e-01
2.562900000000922773e-02
1.500499999999931333e-01
1.740440000000091914e-01
2.090540000000089549e-01
1.563730000000020937e-01
1.630219999999837910e-01
1.608530000000030213e-01
2.321980000000110067e-01
1.478759999999965657e-01
1.328369999999949869e-01
3.232900000000427099e-02
1.656159999999999854e-01
2.846800000000371256e-02
1.827759999999898355e-01
1.322370000000034906e-01
1.904309999999895808e-01
1.894200000000125783e-01
1.199980000000095970e-01
6.427800000000161162e-02
1.388389999999901647e-01
2.706100000000333239e-02
1.456169999999872289e-01
1.884950000000173986e-01
2.050820000000044274e-01
1.671469999999999345e-01
1.603599999999971715e-01
1.784579999999778011e-01
1.244900000000086493e-01
6.932500000002050911e-02
1.601139999999929842e-01
3.502399999999283864e-02
1.081410000000175842e-01
2.836599999997702071e-02
1.710869999999999891e-01
2.094720000000052096e-01
1.478889999999921656e-01
1.734439999999892734e-01
1.740939999999966403e-01
4.125400000000922773e-02
1.474390000000198597e-01
1.602649999999812280e-01
4.127300000001810076e-02
1.135390000000029431e-01
1.857510000000104355e-01
2.080989999999758311e-01
1.674309999999934462e-01
1.328220000000328582e-01
3.217699999996170845e-02
1.522860000000036962e-01
1.950790000000210966e-01
3.034499999998274689e-02
1.486739999999997508e-01
1.253020000000049095e-01
3.693999999998709427e-02
1.627870000000086748e-01
3.096299999998564090e-02
1.929489999999987049e-01
1.398240000000043892e-01
1.815730000000144173e-01
2.540999999999371539e-02
1.437100000000270938e-01
9.857499999998253770e-02
1.101610000000050604e-01
1.402260000000126183e-01
1.772599999999613374e-01
1.547030000000120253e-01
3.731099999998832573e-02
1.826040000000261898e-01
1.398439999999823158e-01
1.890580000000170457e-01
9.726699999998800195e-02
6.501800000000912405e-02
1.971810000000004948e-01
1.658250000000123237e-01
5.200299999998492240e-02
7.402499999997758096e-02
2.107830000000205928e-01
2.105899999999962802e-01
1.494600000000048112e-01
1.544950000000255841e-01
1.826329999999529718e-01
1.982999999999890406e-01
1.473090000000354394e-01
1.752909999999872070e-01
1.740749999999877673e-01
2.132110000000295713e-01
1.162489999999820611e-01
3.519100000002595152e-02
1.576709999999934553e-01
1.846649999999954161e-01
2.003349999999954889e-01
1.613390000000265445e-01
1.400099999999895317e-01
1.590099999999665670e-01
2.775400000001582157e-02
2.199909999999931642e-01
1.251200000000380896e-01
1.866729999999847678e-01
1.404779999999732354e-01
3.195000000002323759e-02
2.076990000000193959e-01
1.307500000000061391e-01
3.273499999994555765e-02
1.552670000000091477e-01
1.030460000000346099e-01
6.736999999995418875e-02
3.597700000000259024e-02
1.323760000000220316e-01
3.484499999999002284e-02
1.810859999999934189e-01
1.457740000000171676e-01
1.984649999999987813e-01
1.787570000000187065e-01
1.556469999999592346e-01
1.614030000000354903e-01
5.282399999998688145e-02
1.432049999999662759e-01
1.614360000000374384e-01
2.610899999999105603e-02
1.475799999999765078e-01
1.737830000000144537e-01
1.532870000000059463e-01
1.460339999999860083e-01
6.253800000004616777e-02
1.724119999999516040e-01
1.402260000000126183e-01
1.906029999999816482e-01
2.125060000000189575e-01
1.624999999999943157e-01
1.056800000000350792e-01
5.803099999994287828e-02
1.524550000000317596e-01
1.109660000000189939e-01
9.817699999999263127e-02
1.645359999999982392e-01
2.894800000001396256e-02
1.383129999999823667e-01
1.893189999999833617e-01
1.860010000000329455e-01
1.596799999999802822e-01
1.663599999999973988e-01
1.833219999999755601e-01
1.876210000000355649e-01
1.591049999999825104e-01
4.712799999998651401e-02
6.763400000002661727e-02
5.619200000001001172e-02
1.811559999999872161e-01
2.091839999999933752e-01
9.733599999998432395e-02
5.077700000001073022e-02
1.783369999999990796e-01
9.964800000000195723e-02
8.923799999999459942e-02
1.465130000000272048e-01
4.082399999998642670e-02
5.032499999998663043e-02
1.138370000000179516e-01
1.253189999999904103e-01
3.612599999999588363e-02
1.949440000000208784e-01
1.991319999999916490e-01
1.340020000000095024e-01
1.814229999999952270e-01
1.622359999999787306e-01
1.153200000000254022e-01
6.016499999998359272e-02
3.640800000002286652e-02
1.593979999999817210e-01
1.484739999999931115e-01
1.799630000000149721e-01
2.149819999999920128e-01
1.034680000000207656e-01
6.821399999995492180e-02
1.226790000000050895e-01
3.326500000000010004e-02
1.503790000000151394e-01
3.146300000003066089e-02
1.837979999999959091e-01
1.745729999999809934e-01
1.085190000000011423e-01
5.203199999999696956e-02
1.526949999999942520e-01
5.183800000000360342e-02
1.876499999999907686e-01
1.101010000000428590e-01
4.901599999996619772e-02
1.652540000000044529e-01
1.502669999999852735e-01
1.483620000000200889e-01
6.552700000000299951e-02
1.592899999999701777e-01
1.588370000000338678e-01
1.073039999999991778e-01
1.024649999999951433e-01
1.842089999999814154e-01
1.850400000000149703e-01
1.531159999999829324e-01
1.657800000000122509e-01
2.029509999999845604e-01
1.663399999999910506e-01
1.512200000000234468e-01
1.884220000000311757e-01
1.816179999999576467e-01
1.704359999999951469e-01
2.866000000000212822e-02
1.309629999999799566e-01
1.588970000000244909e-01
2.097190000000068721e-01
1.581249999999840838e-01
1.588490000000319924e-01
1.629929999999717438e-01
2.115650000000357522e-01
1.748299999999858301e-01
1.287629999999921893e-01
3.105500000000915861e-02
1.482739999999864722e-01
3.633999999999559805e-02
1.696790000000021337e-01
1.784910000000081709e-01
1.243870000000129039e-01
2.309509999999761476e-01
1.996379999999930988e-01
1.063390000000197233e-01
4.079700000002617344e-02
1.548559999999952197e-01
1.716989999999611882e-01
2.114230000000247855e-01
1.422809999999969932e-01
1.586350000000038563e-01
1.899139999999590600e-01
2.027100000000245927e-01
1.456390000000169493e-01
1.937639999999873908e-01
8.843600000000151340e-02
7.616800000002399429e-02
1.909459999999967295e-01
1.810119999999528773e-01
1.079990000000350392e-01
4.566699999998036219e-02
1.971440000000086457e-01
1.905470000000093478e-01
1.323040000000048622e-01
1.812060000000030868e-01
1.755770000000040909e-01
7.639899999998078783e-02
3.939099999999484680e-02
8.355200000002582783e-02
1.493659999999579213e-01
1.694280000000389919e-01
1.867049999999608190e-01
1.520630000000551263e-01
3.833399999996345286e-02
1.487690000000156942e-01
6.420599999998444218e-02
1.111560000000224591e-01
1.605729999999994106e-01
1.966189999999983229e-01
4.760999999999171450e-02
1.237969999999677384e-01
1.648169999999993252e-01
1.636930000000234031e-01
3.573700000001167609e-02
1.857850000000098589e-01
1.358529999999689153e-01
2.676600000000917134e-02
1.523850000000095406e-01
1.582679999999925258e-01
3.051400000001081025e-02
1.838069999999731863e-01
1.488610000000392120e-01
1.734480000000075961e-01
1.764879999999777738e-01
1.996809999999982210e-01
1.571580000000096788e-01
1.723829999999679785e-01
1.374900000000423006e-01
5.012299999998504063e-02
8.875799999995592771e-02
1.181410000000369109e-01
1.158959999999922275e-01
1.842640000000130840e-01
1.803709999999796310e-01
2.013770000000079108e-01
1.619450000000313139e-01
1.276809999999386491e-01
3.559900000001903209e-02
1.282970000000318578e-01
3.537399999999024658e-02
1.894419999999854554e-01
1.286209999999812226e-01
5.229500000001507942e-02
1.365549999999871034e-01
2.779400000000009641e-02
1.413280000000156633e-01
4.025500000000192813e-02
1.583669999999983702e-01
4.356300000003443529e-02
1.601509999999564116e-01
1.194060000000263244e-01
3.350399999999353895e-02
1.513069999999743231e-01
2.305130000000303880e-01
1.593019999999683023e-01
1.357460000000401124e-01
2.244489999999643715e-01
1.778940000000091004e-01
1.334919999999897300e-01
2.732800000003976493e-02
1.462390000000084456e-01
1.617529999999760548e-01
2.430149999999855481e-01
1.198210000000017317e-01
1.628379999999935990e-01
1.968390000000113105e-01
1.968370000000163600e-01
4.304199999998559178e-02
1.001450000000261298e-01
1.325299999999742795e-01
6.357400000001689477e-02
9.289400000000114233e-02
6.994299999996655970e-02
1.544539999999869906e-01
4.505600000001663830e-02
1.609169999999835454e-01
1.116580000000055861e-01
5.410400000002368870e-02
1.765530000000126165e-01
3.099309999999775300e-01
3.292499999997744453e-02
1.631010000000401305e-01
1.779009999999630054e-01
9.561700000006112532e-02
7.994599999997831219e-02
1.603250000000002728e-01
1.770219999999653737e-01
1.700980000000242853e-01
1.959649999999726333e-01
1.528519999999957690e-01
1.821580000000153632e-01
1.825959999999895444e-01
1.826300000000458112e-01
1.821069999999735955e-01
1.349370000000078562e-01
1.997319999999831452e-01
3.839900000002671732e-02
1.949009999999873344e-01
1.266200000000026193e-01
2.808700000002772867e-02
1.575249999999925876e-01
1.503339999999866450e-01
4.220399999999813190e-02
1.017459999999914544e-01
8.366100000000642467e-02
1.569800000000043383e-01
1.581509999999752836e-01
1.917390000000125383e-01
1.689810000000306900e-01
1.746289999999817155e-01
1.376009999999894262e-01
3.856600000000298678e-02
1.815290000000118198e-01
1.796609999999816409e-01
3.032999999999219654e-02
1.282479999999850406e-01
1.773720000000196251e-01
1.946210000000121454e-01
1.894770000000107757e-01
1.688369999999963511e-01
1.717379999999764095e-01
1.513710000000116906e-01
1.850970000000131677e-01
3.384899999997514897e-02
1.089950000000214914e-01
4.707099999998831663e-02
1.446609999999850515e-01
1.778240000000437249e-01
2.031759999999565025e-01
1.809470000000317214e-01
5.558899999996924635e-02
6.722700000000259024e-02
4.437899999999217471e-02
1.534190000000137388e-01
2.214070000000276650e-01
4.031099999997422856e-02
4.386299999998755084e-02
6.766700000000014370e-02
1.185130000000356176e-01
5.552700000001209446e-02
1.751579999999535175e-01
1.985490000000140753e-01
1.357289999999977681e-01
4.188600000000519685e-02
1.418510000000026139e-01
1.750190000000202417e-01
1.380489999999667816e-01
7.468600000004244066e-02
1.512379999999780011e-01
1.476499999999987267e-01
1.858349999999973079e-01
2.712099999999395550e-02
1.381259999999997490e-01
4.272600000001602893e-02
1.725279999999713709e-01
1.271910000000104901e-01
3.671099999999682950e-02
1.459020000000066375e-01
2.763199999998278145e-02
5.283299999999258034e-02
1.459020000000066375e-01
5.978799999999750980e-02
1.119290000000034979e-01
1.425010000000384025e-01
2.060609999999769570e-01
1.913379999999733627e-01
1.544820000000299842e-01
1.716949999999997090e-01
1.734739999999987958e-01
1.852250000000026375e-01
1.396049999999604552e-01
1.830630000000041946e-01
1.795520000000010441e-01
1.811300000000528598e-01
3.624600000000555156e-02
9.977699999996048064e-02
4.570300000000315777e-02
1.539149999999835927e-01
1.948269999999752145e-01
1.845160000000305445e-01
1.494149999999763168e-01
1.583510000000387663e-01
3.035099999999602005e-02
1.459240000000363580e-01
8.717199999995273174e-02
9.636300000005348920e-02
1.551029999999400388e-01
4.191400000001976878e-02
1.398000000000365617e-01
1.833609999999907814e-01
2.002789999999663451e-01
3.888000000000602085e-02
4.244699999998147177e-02
2.070560000000227774e-01
1.718319999999948777e-01
3.876800000000457658e-02
5.242399999997360283e-02
6.820500000003448804e-02
1.520399999999995089e-01
4.768199999995204053e-02
1.241330000000289147e-01
3.258199999999078500e-02
4.593900000003259265e-02
9.853099999997994018e-02
3.112999999996191036e-02
1.579960000000824039e-01
2.649800000000368527e-02
1.051219999999375432e-01
3.817000000003645255e-02
3.721100000001342778e-02
7.813099999998485146e-02
5.124899999998433486e-02
1.340050000000019281e-01
3.126000000003159585e-02
1.866829999999595202e-01
4.036000000002104571e-02
1.194439999999872271e-01
1.453680000000190375e-01
3.300200000001041190e-02
5.154900000002271554e-02
1.005269999999427455e-01
2.005249999999705324e-01
1.362040000000206419e-01
6.836800000002085653e-02
1.064569999999775973e-01
7.336500000002388333e-02
9.364399999998340718e-02
9.160200000002305387e-02
1.139349999999694774e-01
1.034040000000118198e-01
5.836800000002995148e-02
4.911899999996194310e-02
1.302140000000235887e-01
1.636449999999740612e-01
3.185400000000981890e-02
1.351920000000177424e-01
7.921199999998407293e-02
8.852999999999155989e-02
2.715600000004769754e-02
1.615799999999580905e-01
5.680100000000720684e-02
1.117429999999899337e-01
8.029500000003508831e-02
1.116449999999531428e-01
5.116600000002335946e-02
9.199000000000978616e-02
4.828499999996438419e-02
7.475299999998696876e-02
7.981800000004568574e-02
1.119429999999965730e-01
7.151999999996405677e-02
1.502300000000218461e-01
4.943400000001929584e-02
1.483189999999581232e-01
1.516720000000191249e-01
3.327799999999569991e-02
1.841590000000223881e-01
3.076829999999972642e-01
4.154299999999011561e-02
1.687089999999784595e-01
5.254700000006096161e-02
8.689599999996744373e-02
5.149199999999609645e-02
1.589670000000182881e-01
1.882370000000150867e-01
8.778199999994740210e-02
3.594800000001896478e-02
4.242699999997512350e-02
1.358510000000592299e-01
5.328900000000658110e-02
1.475869999999304127e-01
1.174260000000231230e-01
4.983400000003257446e-02
4.901799999998956991e-02
1.140960000000177388e-01
1.146709999999870888e-01
4.101499999995894541e-02
7.715300000006664050e-02
1.171079999999165011e-01
8.773600000006354094e-02
6.263799999999264401e-02
7.367499999998017302e-02
1.094249999999874490e-01
9.993000000002894012e-02
6.065499999999701686e-02
1.996889999999780230e-01
8.497299999999086140e-02
2.530340000000137479e-01
1.709100000000489672e-01
1.916239999999334032e-01
3.503700000004528192e-02
1.351819999999861466e-01
1.617079999999759821e-01
1.835890000000404143e-01
1.875659999999470529e-01
1.633370000000127220e-01
4.153100000002041270e-02
1.225850000000150430e-01
1.184819999999717766e-01
3.306100000003198147e-02
4.827499999998963176e-02
1.359899999999925058e-01
3.042900000002646266e-02
1.679549999999494503e-01
1.408770000000458822e-01
1.964339999999538122e-01
1.837890000000470536e-01
1.761629999999740903e-01
1.778110000000197033e-01
4.894499999994650352e-02
7.197200000007342169e-02
4.514599999998836211e-02
2.042219999999588254e-01
1.796229999999923166e-01
1.248590000000149303e-01
4.306600000001026274e-02
1.421300000000087493e-01
3.689199999996617407e-02
1.857509999999820138e-01
1.220560000000432410e-01
5.986500000000205546e-02
1.062190000000100554e-01
4.079699999999775173e-02
1.765100000000074942e-01
1.083609999999453066e-01
7.485500000007050403e-02
1.365149999999744068e-01
4.479800000001432636e-02
1.363890000000083091e-01
3.393599999998286876e-02
1.251659999999787942e-01
4.524200000003020250e-02
1.636599999999930333e-01
1.209849999999619286e-01
2.604800000000295768e-02
1.871220000000448636e-01
3.869199999996908446e-02
1.333690000000160580e-01
5.077499999998735802e-02
1.572939999999789507e-01
1.847410000000309083e-01
1.441289999999639804e-01
1.925370000000157233e-01
2.064080000000103610e-01
1.444889999999645624e-01
1.786650000000804539e-01
1.756479999999669417e-01
1.700979999999958636e-01
1.782739999999876090e-01
1.687749999999823558e-01
1.762450000000512773e-01
2.143439999999827705e-01
1.696819999999661377e-01
1.566830000000436485e-01
1.496240000000170767e-01
4.113099999995029066e-02
1.913190000000213331e-01
1.532690000000229702e-01
1.572389999999472820e-01
2.025229999999851316e-01
1.761600000000385080e-01
1.376939999999535758e-01
3.320900000005622132e-02
1.638449999999807005e-01
2.982200000002421802e-02
6.820699999997259511e-02
5.950200000000904765e-02
2.516000000002804882e-02
8.067599999992580706e-02
7.862800000003744572e-02
1.481910000000539185e-01
3.153599999996004044e-02
1.658299999999712782e-01
1.687919999999962783e-01
2.015610000000265245e-01
1.584599999999909414e-01
1.738889999999742031e-01
1.676750000000311047e-01
2.672200000000657383e-02
1.654139999999983957e-01
5.098200000003316745e-02
9.781499999996867700e-02
3.263199999997823397e-02
1.173800000000255750e-01
4.899699999998574640e-02
1.466959999999630782e-01
5.401500000004944013e-02
1.844719999999711035e-01
1.313920000000052823e-01
2.899000000002160959e-02
1.448399999999878673e-01
1.728299999999762804e-01
2.631300000001601802e-02
1.587999999999851752e-01
3.116200000005164839e-02
1.495679999999879328e-01
1.678959999999847241e-01
1.945540000000391956e-01
1.944469999999682841e-01
1.739780000000337168e-01
1.713439999999764041e-01
1.577350000000024011e-01
2.077279999999745996e-01
1.587300000000482214e-01
2.689699999996264523e-02
1.343679999999949359e-01
2.024000000000114596e-01
1.932139999999549218e-01
1.300570000000220716e-01
2.790900000002238812e-02
1.626420000000052823e-01
1.750040000000012697e-01
1.827860000000214313e-01
1.615689999999858628e-01
1.750670000000127402e-01
1.779799999999340798e-01
2.092550000000414911e-01
1.381190000000174223e-01
1.879599999999754800e-01
1.702039999999556130e-01
1.190200000000345426e-01
7.137900000003583045e-02
1.733319999999594074e-01
1.445370000000139044e-01
1.895410000000197215e-01
2.581499999996594852e-02
1.865290000000072723e-01
1.493009999999799220e-01
1.712939999999889551e-01
1.498230000000830842e-01
1.658429999999384563e-01
4.918300000002773231e-02
6.202700000000049840e-02
1.122509999999579122e-01
1.513640000000009422e-01
1.635450000000560067e-01
3.253699999999071224e-02
1.741799999999784632e-01
3.967699999998330895e-02
1.378860000000372565e-01
1.739899999999465763e-01
1.580860000000825494e-01
1.874569999999380343e-01
2.893000000000256478e-02
1.305959999999686261e-01
3.013200000003735113e-02
1.172399999999811371e-01
4.825000000005275069e-02
1.362049999999612737e-01
4.827899999997953273e-02
1.886620000000220898e-01
1.751090000000203872e-01
1.368749999999749889e-01
2.575200000001132139e-02
1.473729999999591200e-01
2.614300000004732283e-02
1.968720000000416803e-01
1.305449999999268584e-01
2.968100000003914829e-02
1.402899999999931424e-01
1.664660000000139917e-01
1.958930000000123073e-01
4.547399999995604958e-02
1.551540000000386499e-01
5.446899999998322528e-02
1.223739999999793326e-01
1.471530000000029759e-01
1.703729999999836764e-01
4.350600000003623791e-02
1.566779999999994288e-01
1.663179999999897518e-01
1.772599999999897591e-01
2.002110000000243417e-01
1.328749999999558895e-01
1.763610000000426226e-01
1.715780000000108885e-01
2.189629999999738175e-01
1.150710000000003674e-01
2.538500000002841261e-02
1.458099999999831198e-01
3.382699999997385021e-02
1.606699999999818829e-01
3.574400000007926792e-02
1.604579999999486972e-01
2.964900000000625369e-02
1.676429999999982101e-01
1.669719999999870197e-01
1.816770000000360596e-01
1.722589999999399879e-01
1.837840000000596774e-01
1.440199999999549618e-01
2.232110000000488981e-01
1.942029999999590473e-01
8.276800000004413960e-02
5.996999999996432962e-02
9.874500000000807631e-02
7.702900000003864989e-02
1.346589999999423526e-01
4.461500000002160959e-02
1.618510000000128457e-01
2.617399999996905535e-02
1.186530000000516338e-01
2.077879999999936445e-01
1.623419999999669017e-01
1.998930000000314067e-01
1.510489999999435895e-01
3.172600000004877074e-02
1.495380000000068321e-01
1.819569999999544052e-01
1.983700000000112595e-01
1.734519999999974971e-01
1.219720000000279470e-01
3.814899999997578561e-02
1.423730000000205109e-01
4.147399999999379361e-02
1.995559999999727552e-01
1.111250000000154614e-01
5.540300000001252556e-02
1.237140000000067630e-01
4.540400000001909575e-02
1.206009999999650972e-01
3.575499999999465217e-02
1.637349999999742067e-01
2.726000000001249646e-02
4.742300000003751848e-02
1.302009999999995671e-01
1.349900000000161526e-01
2.905699999996613769e-02
1.702879999999709071e-01
1.907790000000204600e-01
6.487200000003667810e-02
9.362599999997200939e-02
3.019699999998692874e-02
1.178940000000352484e-01
5.303999999995312464e-02
1.073760000000447690e-01
6.551999999999225111e-02
1.605539999999905376e-01
5.878699999999525971e-02
2.719200000001364970e-02
7.857500000000072760e-02
3.100499999999328793e-02
1.093460000000163745e-01
5.642299999999522697e-02
1.703509999999823776e-01
2.120990000000233522e-01
1.206989999999450447e-01
3.453400000000783621e-02
1.252660000000105356e-01
3.469000000001187800e-02
1.776030000000332620e-01
1.482879999999795473e-01
4.110199999996666520e-02
1.292630000000372092e-01
1.615530000000262589e-01
3.481099999999059946e-02
1.513399999999478496e-01
3.061900000000150612e-02
1.691160000000309083e-01
2.067140000000335931e-01
1.289039999999772590e-01
2.057089999999561769e-01
5.554699999999002102e-02
1.107470000000034815e-01
3.132600000003549212e-02
4.157899999995606777e-02
1.264140000000111286e-01
1.573030000000699147e-01
1.803789999999594329e-01
3.066699999999400461e-02
1.876219999999761967e-01
1.035500000000411092e-01
6.356399999998529893e-02
1.710130000000162909e-01
1.399749999999926331e-01
1.910760000000095715e-01
2.757700000000795626e-02
6.127199999997401392e-02
1.027660000000309992e-01
1.640539999999646170e-01
1.906190000000265172e-01
1.626529999999775100e-01
3.184900000002244269e-02
1.458609999999680440e-01
1.860550000000102955e-01
1.691280000000006112e-01
2.196160000000304535e-01
1.494819999999776883e-01
1.171170000000074651e-01
4.725600000000440559e-02
1.784020000000055006e-01
2.129359999999564934e-01
1.148410000000126274e-01
3.510299999999233478e-02
5.589900000001080116e-02
1.232580000000211840e-01
1.201049999999668216e-01
4.878200000001697845e-02
1.941369999999551510e-01
7.574600000003783862e-02
4.868699999997261330e-02
2.891200000004801041e-02
1.592589999999631800e-01
1.807560000000307809e-01
1.979489999999941574e-01
1.855160000000068976e-01
1.563370000000077198e-01
1.674919999999815445e-01
1.956809999999791216e-01
1.672680000000354994e-01
1.780620000000112668e-01
1.561049999999681859e-01
3.328099999998812564e-02
1.950190000000020518e-01
1.195769999999924948e-01
4.225700000000642831e-02
6.663900000000921864e-02
1.015980000000240580e-01
1.301189999999792235e-01
1.239840000000071996e-01
5.238200000002279921e-02
4.706299999998009298e-02
1.186010000000123910e-01
1.013039999999705287e-01
1.155029999999896972e-01
1.100250000000073669e-01
8.317500000003974492e-02
3.524299999997992927e-02
1.321899999999800457e-01
2.174160000000142645e-01
4.463900000001785884e-02
9.071999999997615305e-02
1.576180000000135806e-01
1.008070000000316213e-01
1.198269999999865831e-01
2.530169999999998254e-01
2.529029999999465872e-01
2.364430000000083965e-01
2.998500000001058652e-02
9.770099999997228224e-02
8.621800000003077002e-02
6.978900000001431181e-02
1.341249999999831743e-01
1.541339999999991051e-01
5.401299999999764623e-02
5.590500000005249603e-02
1.307959999999752654e-01
1.369710000000168293e-01
1.278469999999742868e-01
5.771959999999580759e-01
1.033450000000470936e-01
2.017419999999674474e-01
2.667270000000030450e-01
2.493763000000001284e+00
8.682499999997617124e-02
3.244670000000269283e-01
nan
