1.818710000000010041e-01
1.750910000000089894e-01
8.586300000001756416e-02
1.370850000000132241e-01
1.384049999999774627e-01
7.852800000000570435e-02
6.953620000000455548e-01
3.278829999999288702e-01
1.812910000000442778e-01
1.987689999999702195e-01
3.476929999999924803e-01
1.772640000000365035e-01
1.970389999999611064e-01
3.604520000000093205e-01
6.052260000000160289e-01
1.357849999999984902e-01
3.697920000000181062e-01
1.876779999999484971e-01
1.607490000000666441e-01
1.910009999999715546e-01
1.816460000000006403e-01
3.436330000000111795e-01
1.907019999999874926e-01
7.794999999998708518e-02
1.161040000000070904e-01
3.561300000000073851e-01
1.820539999999937208e-01
1.952380000000175642e-01
3.507399999999734064e-01
2.059780000000159816e-01
2.117119999999772517e-01
3.045999999999935426e-01
2.071020000000203254e-01
1.729379999999878237e-01
1.803780000000188011e-01
1.543949999999654210e-01
2.001760000000558648e-01
8.550699999995003964e-02
1.152620000000297296e-01
3.408850000000143154e-01
1.968619999999532411e-01
2.034980000000246037e-01
3.477369999999950778e-01
1.680600000000254113e-01
2.159560000000055879e-01
3.306289999999876272e-01
2.003090000000042892e-01
1.985760000000027503e-01
3.295059999999807587e-01
1.993909999999914362e-01
7.634999999999081410e-02
1.195109999999885986e-01
3.257930000000328619e-01
1.952350000000251384e-01
1.961000000000012733e-01
3.513019999999755782e-01
1.818339999999807333e-01
2.064920000000256550e-01
3.221199999999839747e-01
1.965839999999730026e-01
1.920550000000389446e-01
3.306460000000015498e-01
1.615139999999541942e-01
8.179900000004636240e-02
1.641969999999446372e-01
3.339210000000889522e-01
1.977019999999924948e-01
1.843739999999911561e-01
3.401689999999462088e-01
1.684339999999906468e-01
2.223539999999957217e-01
1.592540000000326472e-01
1.674760000000219407e-01
2.012710000000197397e-01
1.814609999999561296e-01
1.805420000000026448e-01
1.446329999999989013e-01
1.827399999999670399e-01
1.004230000000347900e-01
1.095610000000419859e-01
1.663259999999695538e-01
1.743940000000065993e-01
1.893230000000016844e-01
1.956470000000081200e-01
3.517870000000016262e-01
1.709960000000023683e-01
2.203579999999760730e-01
3.319319999999947868e-01
1.940260000000080254e-01
1.885080000000129985e-01
3.261620000000107211e-01
1.916229999999927713e-01
8.698699999996506449e-02
1.186569999999846914e-01
3.299910000000636501e-01
1.974559999999883075e-01
1.885980000000131440e-01
3.665439999999762222e-01
1.501529999999888787e-01
2.373600000000237742e-01
3.295749999999770807e-01
1.973330000000146356e-01
1.810380000000009204e-01
1.779750000000035470e-01
1.586259999999697357e-01
1.794570000000135224e-01
1.962639999999851170e-01
1.775440000000116925e-01
1.624150000000099681e-01
2.013339999999743668e-01
1.685830000000123619e-01
3.454820000000040636e-01
1.953250000000252840e-01
2.062869999999747961e-01
3.391869999999812535e-01
1.962000000000330147e-01
1.793779999999856045e-01
1.870409999999651518e-01
1.491820000000529944e-01
1.947859999999650427e-01
7.752900000002682646e-02
1.193650000000161526e-01
3.473109999999905995e-01
1.967039999999542488e-01
2.006230000000073233e-01
3.376340000000368491e-01
1.869360000000028776e-01
2.095560000000205036e-01
3.213599999999701140e-01
1.914949999999748798e-01
1.955240000000344480e-01
3.389809999999897627e-01
1.903800000000046566e-01
1.998409999999921638e-01
3.318070000000261643e-01
2.002919999999903666e-01
2.046319999999468564e-01
3.418920000000298387e-01
1.892909999999687898e-01
2.096520000000055006e-01
3.380420000000299297e-01
2.001539999999977226e-01
1.711789999999950851e-01
3.472179999999980282e-01
1.636819999999943320e-01
1.112979999999765823e-01
1.102590000000418513e-01
3.248669999999833635e-01
1.926510000000121181e-01
2.161409999999932552e-01
3.426950000000488217e-01
1.902169999999614447e-01
2.091080000000147265e-01
3.290969999999902029e-01
1.911349999999742977e-01
1.873750000000313776e-01
3.591059999999970387e-01
1.769150000000081491e-01
8.380399999998644489e-02
1.035109999999690444e-01
1.702840000000378495e-01
1.776909999999816137e-01
1.973039999999741667e-01
1.826230000000350628e-01
3.464809999999829415e-01
3.885000000000218279e-01
3.435470000000009350e-01
1.931119999999850734e-01
1.851240000000302643e-01
3.463370000000054461e-01
1.814049999999838292e-01
1.945529999999848769e-01
1.645629999999869142e-01
1.758880000000431210e-01
7.509879999999498068e-01
3.696090000000253895e-01
1.767449999999826105e-01
1.699200000000473665e-01
2.048389999999358224e-01
1.621100000000410546e-01
1.879739999999969768e-01
3.631159999999908905e-01
7.646199999999225838e-02
1.022619999999960783e-01
1.628700000000549153e-01
1.850949999999329521e-01
1.936510000000453147e-01
1.801399999999944157e-01
3.758399999999824104e-01
3.830130000000053769e-01
3.257479999999759457e-01
2.007350000000087675e-01
1.856589999999869178e-01
1.734680000000139444e-01
1.529430000000502332e-01
1.883409999999230422e-01
8.998900000005960464e-02
1.178939999999784050e-01
3.281029999999987012e-01
1.903210000000399305e-01
2.003149999999891406e-01
3.540409999999951651e-01
1.820669999999608990e-01
2.193550000000072941e-01
1.643310000000042237e-01
1.460930000000075779e-01
1.934540000000311011e-01
8.075799999994615064e-02
1.110249999999837200e-01
1.732330000000388281e-01
1.508499999999912689e-01
1.974829999999769825e-01
9.059600000000500586e-02
1.091850000000249565e-01
3.315859999999588581e-01
2.006720000000541404e-01
1.969139999999924839e-01
3.350120000000060827e-01
1.757590000000277541e-01
2.113949999999249485e-01
1.642820000000710934e-01
1.769479999999816755e-01
1.925819999999589527e-01
1.919910000000299988e-01
3.240850000000250475e-01
1.767519999999649372e-01
9.111999999998943167e-02
1.277249999999980901e-01
3.190089999999941028e-01
4.033519999999839456e-01
3.377610000000572654e-01
1.802619999999706124e-01
2.074910000000045329e-01
1.594580000000291875e-01
1.631039999999757129e-01
2.036919999999895481e-01
1.819419999999922766e-01
3.392010000000595937e-01
1.859859999999571301e-01
1.905450000000428190e-01
1.790229999999723987e-01
1.586119999999482388e-01
1.919800000000577711e-01
2.052380000000084692e-01
3.512819999999692300e-01
1.707430000000158543e-01
2.233479999999872234e-01
1.628350000000295950e-01
1.661959999999567117e-01
2.013980000000401560e-01
1.906409999999709726e-01
3.312030000000163454e-01
1.870189999999638530e-01
2.088470000000484106e-01
3.271899999999732245e-01
2.012379999999893698e-01
2.278380000000197469e-01
2.404589999999870997e-01
2.335459999999898173e-01
2.454470000000128493e-01
1.178449999999884312e-01
1.820549999999911961e-01
2.013059999999882166e-01
3.352920000000381151e-01
1.697849999999903048e-01
1.839620000000081745e-01
2.261750000000120053e-01
1.241620000000125401e-01
1.763469999999642823e-01
1.276909000000046035e+00
1.733579999999506072e-01
3.778499999999667125e-01
8.588400000007823110e-02
2.378419999999437096e-01
2.379660000000285436e-01
3.100309999999808497e-01
8.566799999999830106e-02
9.581700000001092121e-02
7.199580000000196378e-01
3.672629999999799111e-01
3.412619999999719766e-01
2.035020000000145046e-01
1.673370000000318214e-01
5.243360000000052423e-01
9.967299999999568172e-02
8.929899999998269777e-02
1.471369999999865286e-01
1.715690000000336113e-01
8.776899999998022395e-02
6.662069999999857828e-01
1.720520000000078653e-01
3.764750000000276486e-01
3.437629999999671782e-01
1.851919999999722677e-01
1.782180000000153086e-01
3.340500000000474756e-01
2.051660000000197215e-01
3.541189999999687643e-01
9.065499999996973202e-02
8.155370000000061737e-01
3.518240000000218970e-01
3.727639999999610154e-01
2.007100000000150430e-01
1.024260000000367654e-01
1.194769999999607535e-01
1.157580000000280052e-01
1.080809999999701176e-01
1.273160000000075343e-01
1.027530000000069776e-01
1.636459999999715365e-01
1.772810000000504260e-01
1.753279999999790562e-01
2.056479999999965003e-01
3.508190000000013242e-01
3.785469999999691026e-01
3.562950000000455475e-01
1.974989999999934298e-01
1.791860000000156106e-01
1.756429999999795655e-01
1.667600000000106775e-01
2.393500000000017280e-01
1.844550000000140244e-01
3.182659999999373213e-01
2.014920000000870459e-01
1.977049999999849206e-01
3.575519999999983156e-01
1.439059999999585671e-01
2.303520000000389700e-01
5.181419999999548054e-01
1.871920000000386608e-01
1.150229999999510255e-01
1.125410000000215405e-01
1.169340000000147484e-01
1.723690000000033251e-01
1.782000000000039108e-01
1.574140000000170403e-01
1.448609999999348474e-01
7.565300000004526737e-02
5.253399999999714964e-01
1.850699999999960710e-01
1.852740000000494547e-01
3.718200000000138061e-01
8.897500000000491127e-02
2.899179999999432766e-01
3.616740000000504551e-01
3.438589999999521751e-01
2.150520000000142318e-01
3.484899999999697684e-01
7.843500000001313310e-02
1.253780000000119799e-01
1.107244999999977608e+00
1.786129999999843676e-01
1.533720000000471373e-01
2.114379999999869142e-01
8.606900000000905493e-02
8.991499999996221959e-02
1.594210000000089167e-01
1.952490000000466353e-01
1.834389999999643805e-01
1.682130000000370273e-01
1.805769999999711217e-01
1.960559999999986758e-01
1.796719999999822903e-01
3.591780000000426298e-01
3.873330000000123619e-01
3.285169999999766333e-01
2.137839999999755491e-01
1.773550000000341242e-01
3.406179999999494612e-01
1.926570000000538130e-01
8.165900000000192449e-02
1.203120000000126311e-01
3.344749999999976353e-01
2.097979999999779466e-01
1.873150000000123327e-01
3.479899999999815918e-01
2.093700000000353612e-01
2.233839999999531756e-01
2.898799999999823740e-01
2.030300000000124783e-01
2.090180000000145810e-01
1.511219999999866559e-01
1.703370000000177242e-01
1.699849999999969441e-01
2.152719999999703759e-01
3.283569999999826905e-01
1.966720000000350410e-01
1.972900000000095133e-01
3.567249999999830834e-01
1.753350000000182263e-01
1.965640000000234977e-01
1.679239999999708743e-01
1.773099999999772081e-01
2.094830000000342807e-01
1.642120000000204527e-01
3.523940000000038708e-01
1.683329999999614301e-01
9.664000000003625246e-02
1.031039999999734391e-01
3.386840000000006512e-01
2.019220000000245818e-01
2.277549999999450847e-01
2.481940000000122382e-01
2.435090000000172950e-01
2.508950000000140790e-01
2.878039999999941756e-01
1.903799999999478132e-01
2.287610000000768196e-01
1.208829999999352367e-01
1.513220000000501386e-01
1.998549999999568172e-01
3.490420000000540313e-01
1.755489999999326756e-01
9.980000000001609806e-02
9.730899999999564898e-02
1.917849999999816646e-01
3.484210000000302898e-01
3.788789999999835345e-01
1.744490000000382679e-01
3.578429999999457323e-01
2.047100000000341424e-01
3.430800000000431282e-01
1.752500000000054570e-01
8.635499999996909537e-02
1.103410000000053515e-01
3.451749999999833562e-01
3.845039999999926295e-01
3.811550000000352156e-01
2.454490000000077998e-01
1.149579999999446045e-01
1.838410000000294531e-01
1.774930000000267682e-01
1.759189999999648535e-01
1.814259999999876527e-01
1.772730000000137807e-01
1.603739999999902466e-01
1.249650000000315231e-01
1.120419999999739957e-01
1.405709999999658066e-01
1.826050000000236651e-01
1.551759999999831052e-01
1.544220000000677828e-01
1.141109999999798674e-01
9.947299999998904241e-02
3.542339999999626343e-01
3.919730000000072323e-01
1.641890000000216787e-01
1.564290000000028158e-01
2.057700000000295404e-01
2.006199999999580541e-01
3.428600000000301407e-01
1.714020000000004984e-01
2.144959999999969114e-01
3.230479999999715801e-01
2.122510000000374930e-01
7.869239999999422253e-01
1.406890000000657892e-01
1.580629999999700885e-01
1.605850000000259570e-01
2.019899999999665852e-01
1.664440000000126929e-01
1.839870000000018990e-01
8.151499999996758561e-02
2.610589999999888278e-01
9.625500000004194590e-02
1.101199999999948886e-01
1.596809999999777574e-01
1.743840000000318469e-01
1.841009999999982938e-01
1.780769999999733955e-01
1.527570000000082473e-01
1.866630000000100154e-01
3.816779999999653228e-01
1.788080000000036307e-01
1.695030000000201653e-01
1.815880000000333894e-01
1.879609999999729553e-01
3.422130000000151995e-01
1.903399999999919601e-01
1.922659999999609681e-01
1.789130000000227483e-01
1.652470000000221262e-01
1.957620000000019900e-01
2.046649999999772263e-01
3.558730000000309701e-01
1.437299999999481770e-01
2.325020000000108666e-01
3.381689999999935026e-01
1.933590000000435793e-01
1.897439999999619431e-01
3.360159999999723368e-01
1.820950000000607361e-01
8.027699999996684710e-02
1.174560000000042237e-01
1.697920000000294749e-01
1.732879999999568099e-01
1.934229999999956817e-01
1.943970000000376785e-01
3.589039999999954489e-01
1.328100000000063119e-01
2.379339999999956490e-01
3.315739999999891552e-01
1.962990000000104374e-01
1.915809999999851243e-01
3.431940000000395230e-01
1.743229999999584834e-01
1.989680000000362270e-01
3.395899999999869578e-01
1.980680000000347718e-01
2.069969999999443644e-01
3.477859999999850515e-01
1.561090000000149303e-01
2.249029999999834217e-01
1.606330000000184555e-01
1.667270000000371510e-01
2.053739999999493193e-01
1.874510000000100263e-01
3.268170000000054642e-01
1.910290000000145483e-01
1.977170000000114669e-01
1.697550000000092041e-01
1.541709999999625325e-01
2.090960000000450236e-01
2.011419999999475294e-01
3.379009999999880165e-01
1.696709999999939100e-01
2.172070000000303480e-01
3.396930000000111249e-01
2.071420000000330219e-01
1.846889999999348220e-01
3.339840000000435793e-01
1.981480000000033215e-01
1.955080000000180007e-01
3.339489999999614156e-01
1.984319999999684114e-01
1.979720000000497748e-01
3.363759999999729189e-01
1.821679999999901156e-01
2.183830000000170912e-01
1.581319999999664105e-01
1.628900000000044201e-01
2.007590000000618602e-01
1.819649999999910506e-01
3.390489999999886095e-01
1.810919999999782704e-01
1.893630000000143809e-01
3.466139999999882093e-01
1.893420000000105574e-01
1.925669999999968240e-01
3.450040000000171858e-01
1.654189999999857719e-01
2.324750000000221917e-01
3.190969999999992979e-01
2.015909999999507818e-01
1.966100000000210457e-01
3.237619999999878928e-01
1.888339999999857355e-01
1.903260000000273067e-01
3.506419999999934589e-01
1.801500000000260115e-01
7.636700000000473665e-02
1.449149999999690408e-01
2.398140000000239525e-01
2.365919999999732681e-01
2.470500000000015461e-01
1.362280000000168911e-01
1.667929999999842039e-01
1.943720000000439541e-01
3.358519999999884931e-01
1.876129999999989195e-01
2.033449999999561442e-01
1.468170000000554865e-01
1.740439999999807696e-01
1.731330000000070868e-01
1.761419999999702668e-01
9.978100000000722503e-02
1.011799999999993815e-01
1.133770000000140499e-01
7.650499999999738066e-02
1.670449999999732427e-01
2.354870000000346408e-01
1.760219999999890206e-01
3.216059999999743013e-01
1.942440000000260625e-01
1.814559999999687534e-01
3.410200000000145337e-01
1.891669999999976426e-01
1.896410000000514628e-01
3.283149999999750435e-01
1.916749999999751708e-01
2.057270000000244181e-01
3.512109999999779575e-01
1.777480000000082327e-01
2.093939999999747670e-01
3.440290000000345572e-01
1.836109999999848696e-01
1.843870000000151776e-01
3.363379999999551728e-01
1.900720000000433174e-01
8.078100000000176806e-02
1.205479999999852225e-01
1.582930000000146720e-01
1.644200000000068940e-01
1.962740000000167129e-01
1.955449999999814281e-01
3.493569999999976972e-01
1.845829999999750726e-01
2.046320000000036998e-01
3.214899999999829561e-01
2.011620000000675645e-01
1.800309999999853972e-01
3.370770000000220534e-01
1.776819999999474931e-01
2.043630000000007385e-01
3.330570000000534492e-01
1.887589999999477186e-01
1.949239999999576867e-01
1.790750000000116415e-01
1.852620000000229084e-01
1.642470000000457730e-01
2.186679999999228130e-01
1.723730000000500695e-01
1.667879999999968277e-01
1.934929999999894790e-01
1.777119999999854372e-01
3.443830000000502878e-01
1.711729999999533902e-01
8.572000000003754394e-02
1.023819999999773245e-01
1.509780000000091604e-01
1.936539999999808970e-01
3.656730000000152359e-01
7.553630000000453038e-01
3.466939999999567590e-01
2.093049999999720967e-01
1.818480000000022301e-01
3.348480000000222390e-01
1.920349999999757529e-01
1.936120000000300934e-01
1.764409999999543288e-01
1.733730000000264226e-01
1.821209999999950924e-01
1.821339999999622705e-01
3.717350000000578802e-01
3.876149999999825013e-01
3.362720000000649634e-01
2.018839999999499923e-01
1.806839999999851898e-01
3.461760000000140280e-01
1.883409999999798856e-01
8.457800000002180241e-02
1.042879999999968277e-01
3.357009999999718275e-01
1.973490000000310829e-01
1.984549999999671854e-01
3.572690000000875443e-01
1.625549999999407191e-01
2.203910000000064429e-01
1.700460000000134642e-01
1.746380000000158361e-01
1.928929999999695610e-01
1.980440000000385226e-01
3.420699999999783358e-01
1.540540000000305554e-01
2.220069999999054744e-01
1.788799999999923784e-01
1.634100000000557884e-01
1.956050000000004729e-01
1.936910000000011678e-01
1.616329999999948086e-01
1.820389999999747488e-01
1.570160000000555556e-01
2.124299999999834654e-01
3.450060000000121363e-01
6.215479999999615757e-01
7.524629999999774554e-01
7.389070000000401706e-01
2.826220000000034815e-01
1.235350000000039472e-01
1.268409999999562388e-01
2.590950000000020736e-01
6.679960000000164655e-01
7.549999999997680789e-02
2.018620000000055370e-01
1.185770000000729851e-01
2.397519999999531137e-01
1.826610000000528089e-01
1.138129999999364372e-01
1.181050000000141154e-01
1.344619999999849824e-01
1.148420000000101027e-01
1.156480000000215114e-01
7.618099999996275073e-02
1.693170000000350228e-01
7.921099999998659769e-02
