7.287250000000042860e-01
1.804869999999993979e-01
5.164279999999976667e-01
6.966880000000017503e-01
1.752520000000004075e-01
5.222470000000001278e-01
7.377709999999950696e-01
1.823809999999994602e-01
5.141830000000027212e-01
6.835850000000007753e-01
1.772399999999976217e-01
5.301230000000032305e-01
7.145510000000001583e-01
2.045090000000016062e-01
4.935639999999992256e-01
7.048109999999994102e-01
1.933790000000001896e-01
1.887679999999960501e-01
2.961480000000022983e-01
7.265630000000058430e-01
1.957509999999942352e-01
5.000059999999990623e-01
3.667400000000000659e-01
3.423299999999969145e-01
1.788330000000044606e-01
5.310559999999995284e-01
7.220569999999995048e-01
1.723540000000056693e-01
5.031249999999971578e-01
1.977819999999965717e-01
4.910440000000093619e-01
1.754639999999838551e-01
5.290270000000063533e-01
7.135590000000107125e-01
1.731129999999936331e-01
5.109120000000046957e-01
2.051079999999956271e-01
5.039900000000017144e-01
1.714919999999935385e-01
5.296039999999990755e-01
7.270839999999978431e-01
1.871140000000011128e-01
5.221230000000005589e-01
6.928529999999994970e-01
1.773540000000082273e-01
5.336789999999922429e-01
3.954310000000020864e-01
2.976239999999990005e-01
1.920840000000012537e-01
5.492940000000032796e-01
1.376819700000000068e+01
1.872359999999986258e-01
5.399400000000014188e-01
7.178990000000027294e-01
1.920889999999957354e-01
5.275930000000101927e-01
4.122699999999923648e-01
3.299999999999982947e-01
1.818969999999922038e-01
5.284230000000036398e-01
7.084650000000038972e-01
1.945819999999969241e-01
5.424900000000008049e-01
7.238540000000028840e-01
1.888780000000025439e-01
5.288419999999831589e-01
7.268780000000134578e-01
2.036330000000106111e-01
5.163889999999895508e-01
7.402429999999924348e-01
1.993819999999999482e-01
5.257030000000071368e-01
7.172529999999994743e-01
1.970809999999971751e-01
5.157100000000127693e-01
7.587169999999900938e-01
1.904479999999892925e-01
5.387400000000042155e-01
3.822490000000016153e-01
3.573880000000002610e-01
1.964540000000027931e-01
5.434390000000064447e-01
3.745859999999936463e-01
3.557640000000077407e-01
1.878079999999897609e-01
5.289530000000013388e-01
7.102770000000049322e-01
1.950839999999942620e-01
5.373610000000041964e-01
9.133709999999979345e-01
5.319120000000054915e-01
3.723119999999937590e-01
3.347820000000041318e-01
1.962829999999939901e-01
5.235129999999941219e-01
7.127120000000104483e-01
1.903269999999963602e-01
5.687240000000031159e-01
1.860970000000037317e-01
1.858100000000035834e-01
3.489769999999907668e-01
7.469109999999972160e-01
3.091846300000000269e+01
2.010160000000098535e-01
5.543790000000115015e-01
4.082419999999729043e-01
3.345840000000066539e-01
1.965959999999995489e-01
5.210780000000170276e-01
7.296979999999848587e-01
1.919570000000021537e-01
5.369079999999826214e-01
4.003090000000213422e-01
3.404189999999971405e-01
1.907420000000001892e-01
5.618670000000065556e-01
7.020109999999988304e-01
1.844279999999969277e-01
5.452669999999955053e-01
7.018959999999765387e-01
1.845840000000293912e-01
5.464189999999859992e-01
3.745279999999979736e-01
3.257420000000195159e-01
1.836219999999855190e-01
5.523139999999955307e-01
7.310679999999933898e-01
1.957590000000095642e-01
5.412019999999984066e-01
3.729649999999935517e-01
3.457600000000127238e-01
1.873199999999997090e-01
5.355769999999893116e-01
7.231480000000090058e-01
1.861700000000041655e-01
5.272219999999947504e-01
7.452910000000088075e-01
1.849780000000009750e-01
5.235940000000027794e-01
4.013290000000040436e-01
3.241779999999891970e-01
1.889989999999954762e-01
5.265400000000113323e-01
3.767540000000053624e-01
3.367800000000045202e-01
1.912179999999921165e-01
5.379199999999855208e-01
3.602740000000039799e-01
3.356660000000033506e-01
1.876879999999800930e-01
5.334470000000237633e-01
3.885829999999828033e-01
3.344440000000190594e-01
1.951689999999928204e-01
5.384279999999819211e-01
7.091440000000375221e-01
1.888599999999769352e-01
5.305239999999855627e-01
3.774810000000172749e-01
3.492459999999937281e-01
1.855439999999930478e-01
5.270640000000241798e-01
3.113608499999998003e+01
1.949880000000234759e-01
5.436310000000048603e-01
7.424049999999624561e-01
1.851690000000303371e-01
5.417009999999891079e-01
3.695160000000043965e-01
3.471199999999896590e-01
1.924390000000073542e-01
5.166959999999960473e-01
3.995979999999974552e-01
3.409890000000075361e-01
1.844820000000026994e-01
5.355509999999981119e-01
3.780519999999967240e-01
3.444010000000048421e-01
1.867019999999968149e-01
5.305389999999761130e-01
3.927230000000179189e-01
3.280330000000049040e-01
1.932939999999803149e-01
5.246940000000108739e-01
7.355680000000006658e-01
1.864329999999938536e-01
5.323940000000106920e-01
4.190549999999859665e-01
3.327529999999967458e-01
1.893720000000200798e-01
5.309090000000082910e-01
3.879259999999931097e-01
3.318099999999901684e-01
1.855270000000075470e-01
5.449549999999874217e-01
3.953769999999963147e-01
3.455420000000231084e-01
1.996099999999785268e-01
5.199620000000209075e-01
3.864729999999951815e-01
3.441089999999746851e-01
1.943590000000199325e-01
5.348159999999779757e-01
3.710990000000151667e-01
3.330660000000023047e-01
1.954210000000102809e-01
5.484139999999797510e-01
7.281590000000051077e-01
1.906960000000026412e-01
5.222080000000062228e-01
3.960080000000232303e-01
3.318479999999794927e-01
1.893750000000125056e-01
5.420379999999909160e-01
3.919070000000033360e-01
3.207849999999723423e-01
1.913499999999999091e-01
5.245450000000175805e-01
3.956079999999815300e-01
3.186970000000144410e-01
1.906210000000214677e-01
5.386959999999874071e-01
1.913329999999859865e-01
1.801580000000058135e-01
3.636100000000226373e-01
7.670579999999631582e-01
6.832191700000004175e+01
7.048289999999610700e-01
7.067120000000386426e-01
2.559865000000002055e+00
2.407385999999974047e+00
1.448033000000009451e+00
1.431294999999977335e+00
1.458149999999989177e+00
1.451812000000018088e+00
1.468498000000010961e+00
1.409661000000028253e+00
1.470534999999927095e+00
1.439822000000049229e+00
1.458493000000032680e+00
1.452634999999929732e+00
1.446745000000021264e+00
1.453131999999982327e+00
1.451826000000039585e+00
1.418752999999981057e+00
1.498816999999974087e+00
1.399383000000000266e+00
1.511265000000037162e+00
1.429774999999949614e+00
1.488460000000031869e+00
4.886918999999977586e+00
3.297275000000013279e+00
1.974697999999989406e+00
1.467069000000037704e+00
1.406719000000009601e+00
1.470288999999979751e+00
1.463024000000018532e+00
1.429268000000035954e+00
1.416229999999927713e+00
1.475164000000063425e+00
1.465964999999982865e+00
3.379936999999983982e+00
2.871111999999982345e+00
2.856220000000007531e+00
2.995073999999988246e+00
3.111513999999999669e+00
2.046736000000009881e+00
1.426755000000014206e+00
1.935170999999968444e+00
2.995975000000044020e+00
3.286278999999979078e+00
2.003070999999977175e+00
1.486413000000027296e+00
1.417453999999963798e+00
1.474112999999988460e+00
1.431680000000028485e+00
3.780934000000002015e+00
2.526912000000038461e+00
3.300696999999956915e+00
2.671032000000025164e+00
2.191508999999996377e+00
2.854293999999981679e+00
1.457443000000012034e+00
1.433715000000006512e+00
1.458314000000029864e+00
1.477293999999972129e+00
1.451668999999981224e+00
1.432174000000031810e+00
1.467855999999983396e+00
1.499373999999988882e+00
1.426306000000010954e+00
1.414054999999962092e+00
1.456372000000044409e+00
1.476648000000011507e+00
3.741091999999980544e+00
1.972197999999991680e+00
1.472231000000022050e+00
1.407471999999984291e+00
1.487161000000014610e+00
1.422196999999982836e+00
1.454080000000033124e+00
2.343220999999971355e+00
2.928046999999992295e+00
1.987877000000025873e+00
1.460009999999954289e+00
1.452228999999988446e+00
1.454250000000058662e+00
