2.826903000000001498e+00
2.907316999999999041e+00
1.634003999999997347e+00
1.890260000000054674e-01
5.819469999999995480e-01
3.164111000000005447e+00
2.539905999999994890e+00
2.359650000000002024e-01
2.813190000000005853e+00
5.560890000000000555e-01
4.933189999999925135e-01
2.901212999999998488e+00
1.974330000000037444e-01
1.623181999999999903e+00
5.432929999999913662e-01
5.406729999999981828e-01
1.887910000000090349e-01
3.492839999999972633e-01
3.626480000000071868e-01
9.048750000000040927e-01
5.655189999999947759e-01
7.140029999999910615e-01
6.697600000000107912e-01
9.287399999999905731e-01
3.788470000000074833e-01
2.204329999999856682e-01
7.156620000000231130e-01
7.168119999999902348e-01
7.144779999999997244e-01
2.060680000000019163e-01
3.341410000000024638e-01
1.892429999999905021e-01
3.672660000000007585e-01
3.897589999999979682e-01
3.580380000000076279e-01
3.529319999999955826e-01
1.063553999999996336e+00
2.134970000000038226e-01
1.632290000000011787e-01
3.462300000000055888e-01
3.832709999999934780e-01
3.609639999999956217e-01
1.025058000000001357e+00
1.351750000000038199e-01
6.441939999999988231e-01
7.147190000000023247e-01
3.977129999999959864e-01
3.338099999999997181e-01
3.543450000000092359e-01
3.578989999999890870e-01
3.801940000000030295e-01
3.507600000000081764e-01
3.901289999999875135e-01
2.090880000000083783e-01
1.382200000000040063e-01
3.785339999999877136e-01
3.320750000000032287e-01
3.633030000000019299e-01
1.690580000000068139e-01
2.069389999999913243e-01
2.073000000000035925e-01
3.357890000000054442e-01
1.714819999999974698e-01
3.945960000000070522e-01
2.716019999999872425e-01
1.252100000000098134e-01
3.496239999999914971e-01
3.768230000000016844e-01
6.872429999999951633e-01
3.632750000000015689e-01
3.570540000000050895e-01
2.464410000000043510e-01
2.867959999999953880e-01
2.373619999999903030e-01
1.267779000000004430e+00
1.478570000000019036e-01
3.928870000000017626e-01
3.767399999999980764e-01
3.472620000000006257e-01
3.168909999999982574e-01
3.801920000000080790e-01
3.747139999999831161e-01
3.601420000000103983e-01
2.009850000000028558e-01
1.921629999999936445e-01
3.490190000000126247e-01
3.047770000000014079e-01
3.915289999999913562e-01
1.618879999999904840e-01
3.687990000000098689e-01
3.590679999999935035e-01
4.010559999999969705e-01
3.372379999999992606e-01
1.514570000000077243e-01
9.756590000000073815e-01
1.784499999999979991e-01
3.525819999999839638e-01
5.264610000000118362e-01
1.751529999999945630e-01
1.764249999999947249e-01
1.809700000000162845e-01
1.739729999999894972e-01
1.789299999999940383e-01
3.254060000000151831e-01
1.946640000000030568e-01
1.835839999999961947e-01
1.891089999999877591e-01
2.048180000000030532e-01
3.278569999999945139e-01
2.146820000000104756e-01
4.942400000000048976e-01
3.804309999999873071e-01
2.254099999999965576e-01
1.470030000000122072e-01
3.540679999999980510e-01
3.505260000000021137e-01
3.365409999999968704e-01
1.982359999999943057e-01
1.954439999999948441e-01
3.497220000000282880e-01
3.427309999999721413e-01
2.362780000000128666e-01
2.679509999999964975e-01
2.179860000000104492e-01
3.568199999999990268e-01
1.977209999999871570e-01
1.719939999999979818e-01
2.116640000000131749e-01
2.134479999999996380e-01
3.108019999999953598e-01
2.116159999999922547e-01
3.137229999999959773e-01
2.041080000000192740e-01
3.392739999999889733e-01
1.784590000000179089e-01
1.685879999999855272e-01
3.677199999999913871e-01
3.874080000000077462e-01
3.639879999999919846e-01
3.617980000000216023e-01
5.217499999999972715e-01
1.473929999999938900e-01
2.100939999999980046e-01
2.141659999999916408e-01
1.786400000000156751e-01
1.805359999999893716e-01
3.359130000000050131e-01
1.449689999999890233e-01
1.890960000000063701e-01
1.939320000000037680e-01
2.082949999999925694e-01
2.936120000000101982e-01
2.223049999999773263e-01
2.878590000000116333e-01
2.374700000000018463e-01
3.500480000000010250e-01
3.602789999999913562e-01
3.421120000000144046e-01
3.639829999999903976e-01
3.613069999999964921e-01
1.922050000000155023e-01
1.713600000000070622e-01
3.573039999999849670e-01
1.533720000000187156e-01
1.624499999999926558e-01
2.552299999999831925e-01
3.047580000000067457e-01
1.607580000000154996e-01
2.072749999999956572e-01
1.932729999999907022e-01
1.830359999999870979e-01
1.895130000000193604e-01
1.904320000000012669e-01
1.787719999999950460e-01
1.754150000000009868e-01
1.717529999999953816e-01
2.159780000000068867e-01
2.634359999999844604e-01
2.361520000000041364e-01
5.838340000000101782e-01
1.756040000000069767e-01
1.913159999999862748e-01
3.250370000000089021e-01
1.951200000000028467e-01
3.625779999999991787e-01
1.689589999999867587e-01
1.945660000000088985e-01
5.060679999999990741e-01
1.547520000000019991e-01
5.492810000000076798e-01
3.869969999999938182e-01
5.526270000000010896e-01
5.166929999999894108e-01
2.205659999999909360e-01
3.377790000000118198e-01
3.382400000000131968e-01
3.843329999999838265e-01
1.776810000000068612e-01
1.842899999999900729e-01
1.998470000000196478e-01
5.461749999999909733e-01
6.897210000000058017e-01
3.471919999999784068e-01
3.191120000000182699e-01
4.145829999999932625e-01
1.845209999999894990e-01
1.877340000000060627e-01
2.066599999999993997e-01
3.594930000000147174e-01
1.909509999999841057e-01
3.615099999999813463e-01
2.417490000000270811e-01
1.495140000000105829e-01
3.154159999999706088e-01
3.728420000000198797e-01
6.438319999999748688e-01
1.230201000000022304e+00
1.736420000000009622e-01
1.706569999999771881e-01
1.747650000000362525e-01
1.849159999999869797e-01
1.899109999999950560e-01
1.458290000000204145e-01
5.152439999999955944e-01
3.987269999999796255e-01
1.869089999999857810e-01
2.185500000000217824e-01
1.291559999999947195e-01
1.823630000000093787e-01
2.116409999999859792e-01
1.387750000000096406e-01
1.479159999999808406e-01
1.587750000000198725e-01
6.373749999999915872e-01
3.519060000000138189e-01
3.573279999999954271e-01
3.818190000000072359e-01
3.635160000000041691e-01
1.656169999999974607e-01
1.846839999999758675e-01
3.344299999999975626e-01
3.277180000000328164e-01
2.363819999999634547e-01
1.885090000000104737e-01
1.701700000000130331e-01
1.831840000000113378e-01
1.926199999999766987e-01
1.963120000000060372e-01
1.804589999999848260e-01
3.418990000000121654e-01
1.824459999999987758e-01
3.499009999999884712e-01
1.395830000000159998e-01
2.462590000000091095e-01
3.554849999999873944e-01
3.656929999999931624e-01
3.581910000000050331e-01
1.871409999999968932e-01
1.792850000000214550e-01
3.370129999999846859e-01
1.607740000000035252e-01
1.897580000000118616e-01
1.802629999999680876e-01
5.508860000000197488e-01
1.467020000000047730e-01
1.856190000000026430e-01
1.660349999999937154e-01
2.025359999999807314e-01
4.459370000000149048e-01
2.902520000000095024e-01
3.729730000000017753e-01
3.508799999999894226e-01
3.430669999999906850e-01
3.483340000000225700e-01
3.741169999999840456e-01
3.466330000000255041e-01
3.620069999999770971e-01
1.835519999999917218e-01
2.147350000000187720e-01
3.916830000000004475e-01
3.091059999999856700e-01
3.498549999999909232e-01
1.862550000000169348e-01
1.962080000000128166e-01
3.475889999999708380e-01
3.402980000000184191e-01
1.925559999999961747e-01
1.863759999999956563e-01
3.491620000000068558e-01
3.426309999999830325e-01
2.085570000000132040e-01
1.922250000000076398e-01
1.857799999999940610e-01
2.122980000000040945e-01
3.413790000000176406e-01
5.008009999999956108e-01
2.106769999999755782e-01
5.538339999999948304e-01
1.583750000000065938e-01
3.572560000000066793e-01
1.694640000000049440e-01
1.644239999999967949e-01
2.311180000000092605e-01
2.107949999999902957e-01
3.185629999999832762e-01
2.129199999999968895e-01
2.822580000000129985e-01
2.324919999999792708e-01
3.439680000000180371e-01
1.486690000000123746e-01
2.045379999999852316e-01
3.539150000000006457e-01
3.823240000000112104e-01
3.577539999999999054e-01
1.777889999999899828e-01
1.784170000000244727e-01
3.933179999999936172e-01
1.711510000000089349e-01
1.860579999999742995e-01
2.262739999999894280e-01
3.034890000000132204e-01
2.077620000000024447e-01
3.379239999999867905e-01
3.799680000000194013e-01
1.893770000000074560e-01
2.163719999999784704e-01
3.247100000000102682e-01
2.252589999999941028e-01
3.002919999999846823e-01
2.157260000000178479e-01
3.368609999999989668e-01
2.179899999999861393e-01
1.675070000000289383e-01
3.882799999999804186e-01
3.775750000000073214e-01
3.458520000000078198e-01
3.295699999999897045e-01
3.496070000000202072e-01
2.105349999999646116e-01
1.992660000000228138e-01
3.466449999999952070e-01
1.783329999999807569e-01
1.773200000000372256e-01
3.649799999999743250e-01
1.801059999999949923e-01
1.891430000000298151e-01
1.845009999999831507e-01
1.791910000000029868e-01
3.269349999999917600e-01
2.279210000000091441e-01
2.987529999999765096e-01
1.978320000000053369e-01
3.445830000000285054e-01
1.831099999999707961e-01
1.910880000000076961e-01
3.548760000000186210e-01
3.702889999999854354e-01
1.532830000000160453e-01
1.859969999999862011e-01
1.683810000000107721e-01
1.754189999999766769e-01
3.761700000000018917e-01
1.761460000000170112e-01
1.940470000000118489e-01
2.256979999999941811e-01
2.753859999999690444e-01
1.539850000000342334e-01
2.247959999999977754e-01
5.526559999999847150e-01
5.361500000000205546e-01
1.503412999999966360e+00
3.610120000000165419e-01
3.401939999999967768e-01
1.932560000000194123e-01
5.605039999999803513e-01
1.891390000000114924e-01
6.980699999999728789e-01
5.252370000000325945e-01
3.808760000000006585e-01
5.392679999999927531e-01
7.005979999999851771e-01
3.884030000000109339e-01
3.293129999999848678e-01
5.685090000000059263e-01
1.586700000000007549e-01
2.154769999999928132e-01
2.135049999999978354e-01
1.583340000000248438e-01
1.929030000000011569e-01
3.669539999999926749e-01
3.415669999999977335e-01
3.506959999999992306e-01
3.075429999999812480e-01
3.942520000000229174e-01
1.829350000000147247e-01
1.753879999999696793e-01
1.874520000000075015e-01
3.529840000000206146e-01
2.310819999999580432e-01
3.530200000000434102e-01
3.587359999999648608e-01
3.605520000000126402e-01
3.204380000000242035e-01
3.743119999999748870e-01
3.689669999999978245e-01
3.861970000000098935e-01
3.620129999999903703e-01
3.646750000000054115e-01
3.620429999999998927e-01
3.547420000000158780e-01
3.667209999999840875e-01
3.425200000000074851e-01
1.610139999999944393e-01
2.251440000000002328e-01
3.546530000000132077e-01
3.584299999999700503e-01
3.580750000000136879e-01
3.580259999999952925e-01
3.846139999999991232e-01
3.872000000000070941e-01
3.315890000000081272e-01
1.804499999999791271e-01
2.060500000000047294e-01
3.529600000000243654e-01
3.545869999999808897e-01
3.398489999999867450e-01
3.571300000000121599e-01
3.586650000000020100e-01
3.562440000000037799e-01
1.815970000000106666e-01
1.755780000000015661e-01
1.761769999999955871e-01
1.804999999999949978e-01
2.127720000000010714e-01
3.396830000000079508e-01
2.043089999999949669e-01
3.652079999999955362e-01
1.638989999999864722e-01
2.373180000000161272e-01
3.238810000000000855e-01
3.569249999999897227e-01
3.562070000000119308e-01
3.560459999999920910e-01
1.730139999999948941e-01
2.300580000000138625e-01
3.578879999999742267e-01
2.368840000000034252e-01
2.314190000000166947e-01
2.201309999999807587e-01
2.246000000000094587e-01
5.263429999999971187e-01
1.294805999999994128e+00
1.609640000000354121e-01
2.169549999999844658e-01
1.605489999999747397e-01
1.577510000000188484e-01
2.253969999999867468e-01
1.529340000000161126e-01
1.942709999999863157e-01
3.576900000000193813e-01
3.479969999999923402e-01
3.466209999999989577e-01
3.497169999999982792e-01
3.411330000000134532e-01
4.013719999999807442e-01
1.800269999999954962e-01
1.836510000000259879e-01
1.726699999999823376e-01
3.469750000000146883e-01
3.980400000000088312e-01
3.621709999999893625e-01
1.251569999999730953e-01
1.509940000000256077e-01
8.511189999999828615e-01
1.899390000000096279e-01
3.313979999999787651e-01
3.453320000000417167e-01
1.746309999999482443e-01
1.650390000000356849e-01
2.132160000000169475e-01
1.683489999999494557e-01
1.724560000000110449e-01
1.569180000000187647e-01
3.716680000000280870e-01
1.466289999999617066e-01
2.195789999999817610e-01
1.644890000000316377e-01
2.237120000000061282e-01
3.379370000000108121e-01
2.364779999999768734e-01
2.942079999999975826e-01
2.208919999999920947e-01
3.636029999999834672e-01
3.388270000000090931e-01
1.363200000000119871e-01
5.838839999999834163e-01
1.351040000000125474e-01
1.819689999999809515e-01
2.036630000000627660e-01
1.749919999999747233e-01
3.978370000000097662e-01
1.832139999999640168e-01
1.624880000000530345e-01
2.295109999999738193e-01
3.027589999999804604e-01
1.855819999999823722e-01
3.341840000000502187e-01
3.783779999999694610e-01
2.067550000000153432e-01
1.883980000000065047e-01
3.229019999999991342e-01
2.108279999999922438e-01
2.993149999999786814e-01
2.385800000000415366e-01
3.209899999999947795e-01
1.947319999999592710e-01
1.729410000000370928e-01
3.730910000000164928e-01
3.638799999999662305e-01
1.922940000000039618e-01
1.943030000000192103e-01
3.350979999999879055e-01
5.360230000000001382e-01
2.002259999999864704e-01
1.852160000000253604e-01
1.793040000000019063e-01
1.868179999999597385e-01
1.763700000000198997e-01
3.366169999999897300e-01
1.707979999999906795e-01
2.015420000000176515e-01
1.856679999999926167e-01
1.668720000000405435e-01
1.788819999999873289e-01
1.809539999999856263e-01
1.768399999999985539e-01
5.234200000000157615e-01
3.664839999999855991e-01
3.557910000000106265e-01
3.446749999999951797e-01
3.921639999999797510e-01
3.621780000000285327e-01
1.770629999999755455e-01
1.766520000000184609e-01
3.389999999999986358e-01
1.780369999999891206e-01
1.665779999999870142e-01
2.143360000000029686e-01
1.974030000000084328e-01
2.894790000000000418e-01
2.312850000000139516e-01
2.976309999999671163e-01
2.219190000000423879e-01
5.291509999999846059e-01
1.867379999999911888e-01
3.274099999999862121e-01
3.495030000000269865e-01
5.703329999999766642e-01
1.620929999999987103e-01
2.159589999999980137e-01
2.287310000000104537e-01
3.570789999999988140e-01
1.870300000000213458e-01
1.668059999999513821e-01
1.559840000000463078e-01
1.451429999999618303e-01
2.081570000000283471e-01
3.068699999999751071e-01
4.687590000000341206e-01
3.254409999999836600e-01
3.019479999999816755e-01
1.586920000000304753e-01
2.417929999999728352e-01
1.699550000000442651e-01
1.756770000000074106e-01
3.694129999999802294e-01
1.870469999999784250e-01
5.016709999999875436e-01
1.974020000000109576e-01
5.649860000000330729e-01
3.625999999999862666e-01
2.008170000000006894e-01
1.926579999999944448e-01
1.434590000000071086e-01
1.970569999999725042e-01
1.949880000000234759e-01
1.293469999999956599e-01
1.970720000000198979e-01
1.265139999999576048e-01
1.102695000000011305e+00
1.947339999999826432e-01
2.106670000000576692e-01
3.780329999999594293e-01
2.373950000000206728e-01
3.201180000000078962e-01
3.314819999999940592e-01
3.403600000000039927e-01
1.782569999999736865e-01
2.032180000000209930e-01
2.132789999999999964e-01
2.932259999999757838e-01
2.457450000000278578e-01
3.455639999999675638e-01
3.527060000000119544e-01
2.036209999999698539e-01
1.889190000000553482e-01
3.382869999999513766e-01
3.518380000000433938e-01
3.269090000000005602e-01
3.638620000000116761e-01
2.042999999999892680e-01
2.088639999999770680e-01
3.687209999999936372e-01
3.228100000000040382e-01
2.498420000000010077e-01
2.884760000000028413e-01
2.237100000000111777e-01
3.686529999999947904e-01
3.559019999999861739e-01
5.069520000000125037e-01
2.037809999999922184e-01
2.210680000000309064e-01
3.034549999999853753e-01
2.257350000000144519e-01
3.353759999999681440e-01
3.413140000000112195e-01
3.690660000000036689e-01
3.643339999999852807e-01
3.485220000000310847e-01
1.810639999999636984e-01
2.063720000000159871e-01
2.437339999999892370e-01
2.773329999999987194e-01
2.528080000000159089e-01
3.215439999999887277e-01
3.574710000000038690e-01
3.617339999999842348e-01
3.702020000000061373e-01
3.362260000000105720e-01
1.916650000000004184e-01
1.750489999999729207e-01
2.037310000000047694e-01
3.145970000000204436e-01
2.144810000000063610e-01
3.534379999999828215e-01
3.572370000000262280e-01
3.567179999999723350e-01
3.521840000000224791e-01
3.949159999999665160e-01
1.865040000000135478e-01
2.010250000000155524e-01
3.518720000000143955e-01
3.299850000000219552e-01
2.276779999999689608e-01
3.234459999999899082e-01
1.940950000000043474e-01
3.403020000000083201e-01
3.669360000000096989e-01
5.222079999999778011e-01
4.509120000000166328e-01
2.765880000000038308e-01
2.282480000000077780e-01
3.363259999999286265e-01
3.483100000000263208e-01
3.748110000000224318e-01
3.452619999999910760e-01
5.412200000000098044e-01
2.227199999999811553e-01
2.077550000000201180e-01
2.689110000000027867e-01
2.233999999999696229e-01
3.940010000000597756e-01
3.415549999999711872e-01
3.428870000000188156e-01
3.619640000000003965e-01
1.355619999999362335e-01
2.492830000000481050e-01
1.751069999999685933e-01
1.914869999999950778e-01
1.937220000000365872e-01
3.121610000000032414e-01
2.369149999999535794e-01
3.464250000000106411e-01
3.485830000000191831e-01
3.405020000000149594e-01
3.765569999999911488e-01
3.474769999999693937e-01
1.944410000000402761e-01
1.644629999999551728e-01
3.687960000000316541e-01
3.403279999999995198e-01
2.146250000000122782e-01
3.019600000000082218e-01
2.231359999999540378e-01
3.794120000000589243e-01
4.002379999999448046e-01
3.300080000000207292e-01
1.670760000000086620e-01
1.940209999999638057e-01
2.159870000000410073e-01
3.153909999999768843e-01
2.369340000000192958e-01
3.422519999999735774e-01
3.485049999999887405e-01
3.592750000000251021e-01
3.845539999999800784e-01
3.350760000000150285e-01
1.597439999999892279e-01
1.998580000000060863e-01
2.334280000000035216e-01
2.796439999999620341e-01
2.285010000000511354e-01
4.005539999999996326e-01
3.116459999999960928e-01
1.999109999999859610e-01
2.569330000000036307e-01
1.332019999999829452e-01
3.473860000000286163e-01
1.543019999999728498e-01
2.093700000000353612e-01
3.429799999999545435e-01
3.652810000000386026e-01
1.952200000000061664e-01
1.928949999999645115e-01
1.862090000000193868e-01
3.376840000000242981e-01
3.638500000000135515e-01
3.670759999999404499e-01
3.869520000000079563e-01
1.713369999999940774e-01
1.907240000000456348e-01
3.634679999999548272e-01
3.371789999999919019e-01
2.448810000000207765e-01
3.186200000000098953e-01
1.979279999999903339e-01
3.792480000000182372e-01
3.579990000000066175e-01
3.445879999999874599e-01
1.823430000000030304e-01
1.913930000000050313e-01
2.094700000000102591e-01
2.979980000000068685e-01
2.637119999999981701e-01
3.384289999999623433e-01
3.398220000000264918e-01
3.865559999999845786e-01
3.380900000000224281e-01
3.533339999999611791e-01
2.004009999999993852e-01
1.466130000000021028e-01
2.631690000000048713e-01
2.982410000000186301e-01
2.123220000000287655e-01
3.825899999999933243e-01
3.439339999999901920e-01
3.512989999999831525e-01
3.614059999999881256e-01
3.299000000000091859e-01
1.915109999999913271e-01
1.834230000000047767e-01
2.075969999999642823e-01
2.453770000000190521e-01
2.971679999999992106e-01
2.075820000000021537e-01
1.916580000000180917e-01
6.695849999999836655e-01
3.914720000000215805e-01
3.582930000000033033e-01
1.769580000000132713e-01
2.067119999999817992e-01
3.368340000000102918e-01
3.797710000000051878e-01
2.153229999999553002e-01
3.073760000000334003e-01
1.806710000000180116e-01
3.610609999999496722e-01
3.731280000000083419e-01
3.346000000000231012e-01
1.599249999999869942e-01
2.073599999999942156e-01
2.047370000000228174e-01
3.011279999999487700e-01
2.826780000000326254e-01
3.388620000000059918e-01
3.222829999999703432e-01
3.725360000000250693e-01
3.666080000000420114e-01
3.470339999999509928e-01
1.653200000000651926e-01
1.897359999999821412e-01
2.414329999999722531e-01
2.694539999999960855e-01
2.142340000000331202e-01
3.763099999999894862e-01
3.498149999999782267e-01
3.896699999999668762e-01
3.659210000000712171e-01
5.187089999999443535e-01
1.873180000000616019e-01
3.616679999999519168e-01
1.789839999999571774e-01
1.991680000000428663e-01
1.963230000000066866e-01
1.893320000000358050e-01
3.513019999999187348e-01
3.424030000000470864e-01
3.623399999999605825e-01
3.496440000000120563e-01
1.835560000000100445e-01
2.235540000000355576e-01
3.134359999999674073e-01
3.519009999999980209e-01
2.302440000000274267e-01
2.954700000000229920e-01
2.178539999999316024e-01
3.672410000000354557e-01
3.358479999999985921e-01
3.602680000000191285e-01
1.820509999999444517e-01
1.975430000000528707e-01
2.261159999999904358e-01
2.992919999999799074e-01
2.427089999999907377e-01
6.856379999999830943e-01
3.849500000000034561e-01
3.744590000000584951e-01
4.943419999999605352e-01
2.264989999999897918e-01
2.012480000000209657e-01
2.937499999999886313e-01
2.432200000000079854e-01
3.407870000000343680e-01
3.973399999999855936e-01
3.520479999999679421e-01
3.905770000000075015e-01
3.309029999999779648e-01
1.698959999999942738e-01
1.955150000000571708e-01
3.569309999999745742e-01
1.690690000000358850e-01
2.067569999999818720e-01
2.003159999999866159e-01
1.879150000000322507e-01
3.418229999999766733e-01
3.515659999999911633e-01
3.397520000000326945e-01
3.932959999999638967e-01
1.804319999999961510e-01
2.002509999999801948e-01
3.440210000000547552e-01
3.320069999999759602e-01
2.525739999999814245e-01
2.807389999999827523e-01
2.173990000000571854e-01
3.833020000000146865e-01
3.955799999999385363e-01
3.125800000000253931e-01
1.838309999999978572e-01
1.799499999999625288e-01
2.436380000000326618e-01
2.822469999999839274e-01
2.647499999999922693e-01
3.146300000000223918e-01
3.271760000000085711e-01
4.152090000000043801e-01
3.366389999999910287e-01
3.549980000000232394e-01
1.847359999999866886e-01
1.692850000000021282e-01
2.553310000000124091e-01
2.533669999999688116e-01
2.384870000000205437e-01
3.579249999999660758e-01
3.513540000000148211e-01
3.946920000000204709e-01
3.591499999999996362e-01
3.384339999999497195e-01
1.963490000000547298e-01
1.817919999999730862e-01
1.904560000000401487e-01
2.461339999999836436e-01
2.521469999999794709e-01
2.202270000000225991e-01
1.939549999999599095e-01
3.307230000000345171e-01
3.593840000000341206e-01
3.441059999999538377e-01
3.773160000000075343e-01
1.921179999999935717e-01
2.010830000000396467e-01
2.939099999999257307e-01
3.746689999999830434e-01
2.318890000000237706e-01
2.915020000000367872e-01
2.499149999999872307e-01
3.510180000000104883e-01
3.856739999999945212e-01
2.871450000000095315e-01
1.763680000000249493e-01
1.858489999999619613e-01
2.235860000000116088e-01
3.373569999999972424e-01
2.476399999999898682e-01
3.193109999999705906e-01
3.428530000000478140e-01
3.601989999999659631e-01
3.818459999999959109e-01
5.072720000000003893e-01
2.387580000000184555e-01
2.311520000000086839e-01
2.611929999999915708e-01
2.119849999999701140e-01
3.747430000000235850e-01
3.458739999999806969e-01
3.843740000000366308e-01
3.374580000000264590e-01
5.183509999999387219e-01
1.998020000000337859e-01
3.431459999999901811e-01
2.113600000000133150e-01
1.743339999999875545e-01
1.996190000000410691e-01
3.193549999999731881e-01
3.668710000000032778e-01
3.255249999999705324e-01
2.306169999999951870e-01
4.981230000000209657e-01
5.839869999999791617e-01
3.424930000000472319e-01
1.670629999999846405e-01
1.907049999999799184e-01
3.303200000000288128e-01
3.702999999999860847e-01
3.395009999999842876e-01
5.346650000000181535e-01
2.144609999999715910e-01
3.610540000000241889e-01
1.845409999999674255e-01
1.678959999999847241e-01
1.970050000000469481e-01
3.288819999999645916e-01
1.874700000000188993e-01
2.028410000000349100e-01
3.174089999999978318e-01
1.996359999999981483e-01
4.943189999999617612e-01
9.341709999999920910e-01
2.069190000000276086e-01
1.878729999999677602e-01
3.020220000000222171e-01
5.099810000000388754e-01
1.966359999999554020e-01
1.775670000000104665e-01
3.551620000000070831e-01
3.530930000000012114e-01
3.946589999999901011e-01
1.999370000000340042e-01
2.079589999999598149e-01
1.778039999999805332e-01
3.425500000000170076e-01
3.660260000000334912e-01
3.382629999999835491e-01
2.083529999999882421e-01
3.047680000000241307e-01
2.143930000000295877e-01
2.135009999999510910e-01
2.700720000000274013e-01
2.391819999999711399e-01
3.322600000000193177e-01
4.021909999999593310e-01
3.144139999999993051e-01
3.853250000000230102e-01
3.742490000000202599e-01
1.619369999999662468e-01
1.759940000000597138e-01
1.980609999999956017e-01
2.268669999999701758e-01
2.709600000000023101e-01
2.321460000000001855e-01
2.292330000000220025e-01
2.215539999999691645e-01
1.415529999999876054e-01
3.214250000000333785e-01
3.825689999999895008e-01
3.810369999999920765e-01
1.514060000000085893e-01
1.967189999999732208e-01
2.582279999999741449e-01
2.633230000000139626e-01
2.226060000000416039e-01
3.496079999999892607e-01
4.019059999999967658e-01
3.196430000000418659e-01
3.920659999999429601e-01
3.479910000000359105e-01
1.811490000000048894e-01
1.829059999999458341e-01
2.049560000000383297e-01
2.435249999999768988e-01
2.756059999999820320e-01
2.229590000000030159e-01
2.091230000000336986e-01
3.443219999999769243e-01
3.617470000000366781e-01
3.635979999999676693e-01
2.036390000000096734e-01
3.264740000000188047e-01
1.700700000000097134e-01
2.444039999999745305e-01
2.850420000000326581e-01
2.513250000000084583e-01
3.169599999999377360e-01
3.711990000000469081e-01
3.563350000000014006e-01
3.584439999999631254e-01
4.982160000000135369e-01
1.806059999999547472e-01
4.292810000000031323e-01
1.386620000000107211e-01
2.257790000000454711e-01
1.926439999999729480e-01
2.037020000000211439e-01
3.461179999999899337e-01
3.663929999999595566e-01
3.559140000000411419e-01
3.289350000000013097e-01
1.794889999999895736e-01
2.193429999999807478e-01
1.963370000000281834e-01
4.970969999999965694e-01
3.710360000000036962e-01
2.943539999999984502e-01
2.161429999999882057e-01
1.703830000000152722e-01
3.325970000000211257e-01
2.234499999999570719e-01
2.045009999999933825e-01
2.022800000000302134e-01
1.510190000000193322e-01
1.557960000000093714e-01
3.723539999999729844e-01
1.914340000000152031e-01
1.983769999999935862e-01
1.765339999999469001e-01
3.370220000000472282e-01
3.340399999999590364e-01
3.474620000000072650e-01
2.435050000000273940e-01
3.269439999999690372e-01
1.712610000000154287e-01
2.328840000000127475e-01
3.046140000000150394e-01
2.720139999999560132e-01
3.473539999999957217e-01
3.193860000000654509e-01
3.616099999999278225e-01
3.629430000000297696e-01
3.289899999999761349e-01
1.908890000000269538e-01
1.710700000000429100e-01
2.084099999999580177e-01
3.555150000000253385e-01
2.109609999999975116e-01
3.606979999999566644e-01
3.655899999999974170e-01
3.346100000000546970e-01
3.638349999999945794e-01
2.249239999999872452e-01
2.888490000000274449e-01
2.146359999999845058e-01
2.329689999999686734e-01
2.638800000000287582e-01
2.361280000000078871e-01
3.398729999999545726e-01
3.791180000000053951e-01
3.326580000000376458e-01
3.776829999999335996e-01
3.635400000000572618e-01
1.586609999999950560e-01
2.390890000000354121e-01
3.565729999999689426e-01
1.698829999999702522e-01
1.842579999999998108e-01
1.927070000000412620e-01
1.819629999999961001e-01
3.394569999999816901e-01
3.354350000000181353e-01
3.604629999999815482e-01
2.132689999999684005e-01
2.948760000000447690e-01
1.916420000000016444e-01
2.317039999999792599e-01
2.724880000000098335e-01
2.246800000000348518e-01
4.026469999999449101e-01
3.553410000000098989e-01
3.216840000000047439e-01
3.888859999999567663e-01
3.383330000000341897e-01
1.635559999999713909e-01
2.394970000000284927e-01
3.455630000000269320e-01
1.779429999999706524e-01
1.956860000000233413e-01
1.881769999999960419e-01
1.999870000000214532e-01
3.213419999999587162e-01
3.330149999999889587e-01
3.796180000000504151e-01
2.167099999999777538e-01
3.179209999999557112e-01
2.146410000000287255e-01
1.998939999999720385e-01
2.897660000000428226e-01
2.161830000000009022e-01
3.989119999999957145e-01
3.552839999999832798e-01
3.533480000000395194e-01
3.740169999999807260e-01
3.883960000000001855e-01
1.543770000000108666e-01
1.733919999999784523e-01
1.897360000000389846e-01
3.547149999999987813e-01
1.981069999999363063e-01
5.844880000000216569e-01
1.393620000000055370e-01
3.599879999999870961e-01
3.569640000000049440e-01
1.920890000000099462e-01
3.508459999999899992e-01
3.959730000000263317e-01
2.829869999999914398e-01
2.103079999999977190e-01
4.170079999999529718e-01
3.488160000000561922e-01
3.494160000000192667e-01
3.605529999999816937e-01
3.287659999999732463e-01
1.986449999999990723e-01
1.839350000000194996e-01
1.968709999999873617e-01
3.388090000000261170e-01
2.307690000000093278e-01
3.520169999999893662e-01
3.554879999999798201e-01
3.335609999999746833e-01
3.718710000000555738e-01
1.940009999999574575e-01
3.269020000000182335e-01
1.969789999999989050e-01
2.024620000000254549e-01
2.937369999999646097e-01
2.716190000000437976e-01
3.458549999999718239e-01
3.314819999999940592e-01
3.253970000000094842e-01
3.773719999999798347e-01
3.236709999999902720e-01
2.009130000000141081e-01
1.752889999999638349e-01
1.903960000000779473e-01
5.656119999999305037e-01
3.646840000000679538e-01
2.757649999999784995e-01
4.277589999999804604e-01
3.827609999999594947e-01
3.517620000000647451e-01
1.886769999999842184e-01
1.982289999999693464e-01
1.737870000000611981e-01
2.791069999999535867e-01
2.264760000000478612e-01
3.798369999999522406e-01
3.455519999999978609e-01
2.979209999999739011e-01
4.151160000000118089e-01
3.366250000000263753e-01
1.912839999999960128e-01
1.629869999999868924e-01
2.244370000000230903e-01
5.704709999999977299e-01
3.296700000000214459e-01
2.937779999999747815e-01
3.810940000000186956e-01
3.723929999999882057e-01
4.087169999999673564e-01
1.860960000000204673e-01
1.768959999999992760e-01
1.878100000000131331e-01
3.036979999999971369e-01
2.689750000000117325e-01
2.927430000000299515e-01
4.058879999999476240e-01
3.487330000000383734e-01
3.517269999999825814e-01
5.123839999999972861e-01
1.905950000000302680e-01
3.558999999999628017e-01
1.756009999999719184e-01
2.093500000000290129e-01
2.007879999999886422e-01
1.961610000000177934e-01
3.512849999999616557e-01
3.297660000000064429e-01
1.852670000000102846e-01
1.875379999999609026e-01
3.617740000000253531e-01
3.588880000000358450e-01
3.735709999999698994e-01
1.656910000000380023e-01
2.103059999999459251e-01
1.956090000000472173e-01
3.371389999999792053e-01
2.059629999999970096e-01
5.299790000000257351e-01
2.027169999999500760e-01
2.112889999999651991e-01
2.427670000001285189e-01
2.393779999999310348e-01
2.258699999999862484e-01
2.416969999999878382e-01
2.471970000000851542e-01
2.382439999999519387e-01
5.231969999999819265e-01
3.230591000000003987e+00
1.772190000000364307e-01
1.507809999999381034e-01
4.233750000000213731e-01
2.187760000000480431e-01
1.813319999999407628e-01
4.980430000000524160e-01
1.726960000000303808e-01
1.706109999999512183e-01
1.936910000000011678e-01
1.962169999999900938e-01
4.327989999999886095e-01
2.054809999999633874e-01
2.012570000000550863e-01
2.419700000000375439e-01
2.335079999999720712e-01
2.006999999999834472e-01
2.467240000000288092e-01
2.362829999999576103e-01
2.590900000000146974e-01
2.859610000000429864e-01
2.630869999999845277e-01
