2.107080000000003395e-01
2.002229999999993737e-01
1.681030000000003355e-01
2.899490000000000123e-01
2.766220000000005896e-01
2.511259999999992942e-01
6.488430000000011688e-01
2.450959999999984262e-01
2.196449999999998681e-01
1.889660000000006335e-01
1.797670000000000101e-01
2.834660000000006619e-01
2.777619999999991762e-01
2.700639999999996377e-01
6.268499999999992411e-01
2.494500000000012818e-01
2.120239999999995462e-01
2.133289999999998798e-01
4.219480000000004338e-01
1.560880000000004486e-01
1.309319999999996043e-01
2.185097999999999985e+00
2.853420000000017609e-01
2.404089999999996508e-01
1.701619999999994803e-01
1.849239999999987560e-01
2.785230000000016304e-01
1.492959999999996512e-01
2.616069999999979245e-01
1.425910000000030209e-01
1.595799999999982788e-01
2.849919999999990239e-01
1.391489999999997451e-01
1.680050000000008481e-01
2.730180000000004270e-01
1.495560000000004663e-01
1.403049999999979036e-01
1.443340000000006285e-01
2.583869999999990341e-01
1.643640000000026191e-01
2.790579999999991401e-01
1.476720000000000255e-01
1.866489999999991767e-01
2.689620000000019218e-01
1.533480000000011501e-01
1.283479999999990184e-01
3.301749999999969987e-01
1.008320000000004768e-01
2.353860000000000952e+00
4.804966000000000292e+00
3.967799999999996885e-01
1.890780000000020777e-01
1.835379999999950940e-01
1.268804000000002929e+00
2.970810000000021489e-01
1.583589999999972520e-01
3.647898000000001417e+00
2.560159999999953584e-01
2.245290000000039754e-01
1.970889999999982933e-01
2.109740000000002169e-01
3.033802999999998917e+00
4.234659999999976776e-01
3.233400000000017371e-01
3.535409999999998831e-01
3.957960000000042555e-01
3.196829999999977190e-01
2.930760000000063314e-01
2.983579999999932397e-01
3.383800000000078967e-01
3.148219999999923857e-01
2.272970000000071877e-01
2.563079999999899883e-01
2.573849000000002718e+00
3.833984000000000947e+00
1.380729999999985580e-01
2.767460000000028231e-01
1.736549999999965621e-01
1.103250000000031150e-01
1.334069999999982770e-01
1.502970000000019013e-01
1.574430000000006658e-01
1.314719999999951483e-01
2.717380000000062523e-01
1.475359999999952265e-01
1.404720000000025948e-01
1.880950000000041200e-01
1.346799999999959141e-01
1.366250000000022169e-01
1.463839999999976271e-01
2.174309999999977094e-01
1.292570000000026198e-01
2.109549999999984493e-01
1.941400000000044201e-01
1.831819999999950710e-01
2.017690000000058603e-01
1.721140000000005443e-01
1.793889999999933593e-01
1.904079999999979123e-01
1.930770000000023856e-01
2.154590000000027317e-01
2.496470000000030609e-01
1.523809999999983233e-01
1.970999999999989427e-01
3.462995999999996855e+00
1.886690000000044165e-01
1.718654999999991162e+00
4.435940000000115901e-01
1.685209999999912611e-01
1.216070000000115670e-01
1.389289999999903102e-01
1.441999999999978854e-01
1.662660000000073524e-01
1.693899999999999295e-01
2.016770000000036589e-01
2.220909999999918227e-01
2.215180000000032123e-01
2.146359999999987167e-01
2.127290000000030545e-01
1.830369999999987840e-01
1.917049999999917986e-01
2.017520000000061486e-01
1.918509999999997717e-01
1.967959999999919773e-01
2.302050000000051000e-01
1.762040000000055784e-01
1.679359999999974207e-01
4.136339999999947281e-01
5.543910000000096261e-01
2.527819999999891820e-01
2.116129999999998290e-01
1.900219999999990250e-01
1.857770000000016353e-01
3.093980000000016162e-01
2.845520000000050231e-01
2.951739999999887232e-01
2.989040000000073860e-01
6.040310000000062018e-01
2.104729999999932488e-01
2.156760000000019772e-01
2.101310000000040645e-01
2.548209999999926367e-01
2.967150000000060572e-01
2.905540000000002010e-01
2.905290000000064765e-01
2.806319999999971060e-01
3.000109999999978072e-01
2.095969999999880429e-01
2.104100000000102000e-01
1.702480000000008431e-01
2.727579999999960592e-01
1.502300000000076352e-01
1.578929999999871825e-01
1.625971000000006939e+00
3.647950000000008686e-01
2.500490000000041846e-01
2.987289999999944712e-01
2.503430000000008704e-01
1.801490000000001146e-01
1.472799999999949705e-01
3.025219999999961829e-01
1.541020000000088430e-01
2.673560000000065884e-01
1.447699999999940701e-01
1.844469999999915899e-01
2.767650000000116961e-01
1.418959999999884758e-01
1.760460000000136915e-01
2.494899999999944384e-01
1.551939999999945030e-01
1.414390000000054215e-01
1.473880000000065138e-01
2.791069999999820084e-01
1.571410000000099672e-01
2.539179999999987558e-01
1.671649999999971214e-01
1.749819999999999709e-01
2.623999999999995225e-01
1.597020000000100026e-01
1.532459999999957745e-01
4.344480000000032760e-01
5.311977999999996314e+00
9.012329999999991514e+00
1.196778000000009001e+00
2.830459000000004721e+00
4.303669999999897300e-01
3.396338000000000079e+00
1.320489999999949760e-01
1.203150000000050568e-01
1.617600000000010141e-01
1.282210000000105765e-01
1.542799999999857619e-01
1.657030000000077052e-01
2.122849999999942838e-01
1.827920000000062828e-01
1.936390000000045575e-01
1.905459999999976617e-01
1.939699999999930924e-01
1.866100000000159298e-01
2.106809999999939009e-01
2.034790000000015198e-01
2.016599999999897364e-01
2.312280000000015434e-01
1.713299999999975398e-01
1.703960000000108721e-01
1.988199999999977763e-01
1.042439999999942302e-01
3.061419999999941410e-01
2.724370000000106984e-01
1.493689999999929796e-01
2.085500000000024556e-01
2.432760000000087075e-01
3.342849999999941701e-01
5.586469999999934544e-01
2.310609999999968522e-01
1.660959999999960246e-01
1.904800000000079763e-01
2.101260000000024775e-01
1.588890000000020564e-01
1.654379999999946449e-01
2.343860000000006494e-01
2.130580000000179552e-01
2.068369999999788433e-01
2.346900000000147202e-01
1.565429999999992106e-01
1.670799999999985630e-01
1.989740000000068676e-01
1.977439999999859310e-01
1.792609999999967840e-01
2.463930000000118525e-01
1.689099999999825741e-01
1.784739999999942484e-01
1.951390000000259306e-01
2.107299999999980855e-01
1.836760000000055015e-01
2.190250000000020236e-01
1.706529999999730762e-01
2.062620000000094933e-01
2.079790000000087957e-01
1.715149999999852071e-01
1.768650000000207001e-01
5.599219999999860420e-01
1.910400000000009868e-01
1.998590000000035616e-01
2.057869999999866195e-01
2.575709999999986621e-01
1.637610000000080390e-01
1.562780000000003611e-01
1.571509999999989304e-01
2.807260000000013633e-01
1.074760000000054561e-01
1.341759999999965203e-01
1.225500000000039336e-01
1.994082999999989170e+00
3.001868199999999831e+01
4.319739999999967495e-01
8.128211199999998371e+01
3.819150000000490763e-01
8.184390700000000152e+01
1.466589999999428073e-01
1.556209999999964566e-01
1.513970000000313121e-01
2.771690000000148757e-01
1.765779999999494976e-01
4.362500000000295586e-01
3.108099000000038359e+00
3.002309999999965839e-01
2.921370000000251821e-01
2.516199999999457759e-01
4.105670000000145592e-01
2.112930000000119435e-01
3.211368999999990592e+00
1.367629999999735446e-01
1.675989999999956126e-01
1.478850000000306864e-01
2.771490000000085274e-01
1.635809999999651154e-01
4.152710000000183754e-01
3.394813999999996668e+00
2.990879999999833672e-01
2.565260000000648688e-01
1.979389999999625616e-01
3.756349999999883948e-01
3.263853000000040083e+00
1.410769999999956781e-01
1.768289999999410611e-01
1.757320000000390792e-01
2.668419999999969150e-01
1.637739999999894280e-01
4.364259999999831052e-01
3.033724000000006527e+00
2.844789999999761676e-01
2.931250000000318323e-01
2.411500000000046384e-01
1.848180000000070322e-01
2.017640000000255895e-01
1.589679999999589199e-01
3.178342999999983931e+00
2.978870000000597429e-01
1.411479999999869506e-01
2.619899999999688589e-01
1.603830000000243672e-01
4.154669999999782704e-01
3.094179999999994379e+00
2.475600000000213186e-01
2.768749999999613465e-01
2.702050000000326690e-01
1.869990000000143482e-01
3.380689999999617612e-01
3.586095000000000255e+00
3.269100000000548789e-01
1.864799999999604552e-01
3.866540000000213695e-01
3.010071999999979653e+00
2.712799999999901956e-01
2.636570000000233449e-01
2.469449999999824286e-01
1.898479999999835854e-01
1.823850000000106775e-01
1.788010000000213040e-01
3.572820999999976266e+00
2.998979999999846768e-01
1.469050000000606815e-01
3.953029999999557731e-01
3.279606000000001131e+00
2.556819999999788706e-01
2.614250000000311047e-01
1.933690000000183318e-01
1.811460000000124637e-01
2.052159999999503270e-01
2.716656000000000404e+00
7.149450000000570071e-01
3.838072399999992967e+01
3.184410000000070795e-01
3.548319999999876018e-01
3.322890000000597865e-01
8.643789999999853535e-01
1.775480000000015934e-01
1.919799999999440843e-01
1.876450000000318141e-01
1.950990000000274449e-01
1.272959999999955016e+00
1.962220000000343134e-01
1.623120000000426444e-01
1.616789999999923566e-01
1.101589999999532665e-01
1.029629999999883694e-01
