1.147762000000000171e+00
1.517219999999994684e-01
4.271060000000002077e-01
4.550589999999994362e-01
1.263290000000001356e-01
1.366779999999998552e-01
4.314510000000009171e-01
1.550410000000006505e-01
1.587779999999998637e-01
1.333089999999987896e-01
1.170500000000007645e-01
1.639020000000002142e-01
1.412859999999991345e-01
1.336329999999996687e-01
1.497689999999991528e-01
1.583960000000015356e-01
2.951209999999999667e-01
1.265970000000002926e-01
1.545329999999989212e-01
1.366390000000006211e-01
1.366800000000001347e-01
1.368650000000002365e-01
1.599989999999991142e-01
1.748750000000001137e-01
1.226630000000010767e-01
1.218269999999996855e-01
1.622549999999982617e-01
2.778230000000014854e-01
1.452379999999990901e-01
1.387420000000005871e-01
1.706250000000011369e-01
8.045300000000032981e-02
8.587899999999848433e-02
8.431999999999995055e-02
1.034900000000007481e-01
8.036899999999924660e-02
1.305539999999982825e-01
2.676740000000030761e-01
1.583489999999976305e-01
1.559140000000027726e-01
1.383269999999985345e-01
1.198640000000015249e-01
1.566339999999986077e-01
1.646039999999988623e-01
1.249990000000025248e-01
1.411789999999975009e-01
1.500380000000003378e-01
2.904660000000003350e-01
1.186510000000016163e-01
3.042320000000007241e-01
4.644649999999970191e-01
1.591550000000019338e-01
1.084789999999991039e-01
1.363609999999972899e-01
1.580680000000036500e-01
1.566039999999979671e-01
1.225559999999994432e-01
1.409629999999992833e-01
1.356619999999999493e-01
1.664750000000019270e-01
8.455000000000012506e-02
9.231000000000122441e-02
8.750799999999969714e-02
1.059000000000018815e-01
8.133599999999674424e-02
1.258879999999997779e-01
2.656619999999989545e-01
1.575459999999999638e-01
1.527790000000024406e-01
1.281040000000004397e-01
1.477799999999973579e-01
1.382809999999992101e-01
1.585930000000033147e-01
1.270859999999984780e-01
1.324269999999998504e-01
1.637629999999994368e-01
3.404810000000004777e-01
8.020700000000147156e-02
5.995379999999990162e-01
1.643880000000024211e-01
1.536689999999971690e-01
1.400410000000036348e-01
1.209299999999977615e-01
1.697609999999976083e-01
2.801490000000015357e-01
1.482460000000003220e-01
1.542449999999995214e-01
2.822800000000000864e-01
1.353980000000021278e-01
1.542079999999970141e-01
2.932920000000009964e-01
1.346130000000016480e-01
1.554099999999962733e-01
1.695470000000014466e-01
1.350680000000039627e-01
1.373569999999944002e-01
1.624610000000039634e-01
2.754539999999963129e-01
1.410160000000004743e-01
1.525790000000029067e-01
1.520110000000016726e-01
1.436989999999980228e-01
1.046650000000006742e-01
1.809609999999999275e-01
1.620049999999970680e-01
1.245140000000013458e-01
1.401900000000004809e-01
1.594869999999986021e-01
1.636479999999984614e-01
1.149140000000024031e-01
1.400809999999985678e-01
1.538580000000031589e-01
1.686340000000008388e-01
1.305800000000019168e-01
1.493399999999951433e-01
1.536720000000038056e-01
1.485719999999979279e-01
1.216349999999977172e-01
1.481480000000026109e-01
1.331349999999957845e-01
1.807429999999996539e-01
2.164790000000031966e-01
1.887979999999984670e-01
1.837620000000015352e-01
2.400669999999962556e-01
1.708309999999997331e-01
1.574110000000068510e-01
1.202089999999955694e-01
1.481190000000012219e-01
1.668440000000011025e-01
1.476850000000027308e-01
1.175589999999964164e-01
1.433999999999997499e-01
1.535930000000007567e-01
1.587439999999986640e-01
1.417979999999978702e-01
1.560380000000023415e-01
1.551610000000032130e-01
1.649869999999999948e-01
1.336729999999981544e-01
9.022600000000124965e-02
1.698289999999964550e-01
1.749290000000023326e-01
1.215100000000006730e-01
1.315699999999999648e-01
1.603269999999952233e-01
1.263850000000026341e-01
1.298820000000020514e-01
1.341549999999998022e-01
1.644639999999988333e-01
2.925709999999988042e-01
1.390390000000039095e-01
1.627889999999965198e-01
1.697369999999978063e-01
1.369620000000040250e-01
1.306680000000000064e-01
1.561540000000007922e-01
2.623150000000009641e-01
1.550309999999939237e-01
1.416520000000076607e-01
2.823499999999938836e-01
1.457149999999955980e-01
1.476260000000024775e-01
1.671620000000046957e-01
1.292189999999990846e-01
1.482570000000009713e-01
1.609299999999933561e-01
1.643280000000046925e-01
1.365320000000025402e-01
1.203130000000030009e-01
1.429589999999905103e-01
1.518320000000059622e-01
1.444630000000017844e-01
1.266069999999999141e-01
1.625820000000004484e-01
1.347759999999951219e-01
1.445840000000018222e-01
1.418290000000013151e-01
3.223550000000017235e-01
3.038999999999987267e-01
1.456779999999966435e-01
1.651090000000010605e-01
1.267909999999972115e-01
1.343060000000022569e-01
1.474540000000033046e-01
1.595289999999991437e-01
1.232309999999969818e-01
1.381700000000023465e-01
1.372649999999993042e-01
1.858709999999987872e-01
8.604100000000158843e-02
9.371499999999599595e-02
9.739300000000383761e-02
9.953900000000004411e-02
8.663400000000365253e-02
1.201329999999956044e-01
1.481939999999966062e-01
1.286760000000057858e-01
1.543410000000022819e-01
1.494859999999960110e-01
1.360609999999979891e-01
1.285150000000001569e-01
1.524619999999998754e-01
1.378050000000001774e-01
1.376260000000044670e-01
1.291649999999933129e-01
1.780370000000033315e-01
2.779870000000030927e-01
1.470709999999968431e-01
6.006669999999942888e-01
1.557060000000092259e-01
1.714359999999999218e-01
1.395849999999967395e-01
1.121750000000005798e-01
1.620770000000035793e-01
1.655659999999912202e-01
1.133020000000044547e-01
1.627620000000007394e-01
1.619180000000000064e-01
1.453109999999995239e-01
1.307959999999965817e-01
1.353739999999987731e-01
1.551780000000064774e-01
2.833869999999976130e-01
1.326450000000036766e-01
1.575039999999958695e-01
1.648380000000031487e-01
1.426820000000006416e-01
1.185289999999952215e-01
1.651609999999976708e-01
1.650690000000025748e-01
1.206280000000035102e-01
1.378940000000028476e-01
1.651359999999968409e-01
1.589919999999978018e-01
1.323129999999963502e-01
1.302930000000017685e-01
1.623030000000014184e-01
1.639920000000003597e-01
1.321069999999977540e-01
1.342169999999995866e-01
1.544980000000037990e-01
1.589190000000044733e-01
1.406629999999964298e-01
1.231119999999990000e-01
1.642699999999948091e-01
1.678140000000070131e-01
1.085729999999927031e-01
1.451730000000068799e-01
1.545449999999988222e-01
1.701580000000006976e-01
1.345699999999965257e-01
1.353190000000026316e-01
1.488289999999992119e-01
1.567920000000029290e-01
1.158269999999959055e-01
1.383160000000032142e-01
1.410380000000017731e-01
1.825049999999990291e-01
1.525129999999990105e-01
1.090439999999972542e-01
1.575390000000069790e-01
1.774349999999955685e-01
1.068219999999939773e-01
1.653760000000019659e-01
1.601140000000000896e-01
1.733189999999993347e-01
2.290000000000063096e-01
1.620289999999968700e-01
2.902580000000014593e-01
1.469599999999999795e-01
1.568930000000037239e-01
1.747499999999959641e-01
1.350630000000023756e-01
1.103649999999944953e-01
1.681160000000048171e-01
2.829569999999961283e-01
1.365759999999980323e-01
1.564880000000030691e-01
1.648679999999984602e-01
1.381069999999979814e-01
1.233459999999979573e-01
1.653130000000047062e-01
1.531850000000076761e-01
1.368429999999918323e-01
1.308060000000068612e-01
1.570589999999967290e-01
1.632209999999929551e-01
1.395490000000023656e-01
1.156399999999990769e-01
1.623380000000054224e-01
1.641930000000044743e-01
1.222299999999876263e-01
1.441040000000057830e-01
1.611699999999984811e-01
2.072859999999963065e-01
1.327540000000055898e-01
7.539999999999480451e-02
1.472230000000038785e-01
2.390150000000019759e-01
1.270510000000015793e-01
7.654099999999885995e-02
1.575599999999965917e-01
1.886640000000028294e-01
1.001079999999987535e-01
1.547710000000037667e-01
1.557480000000026621e-01
1.580429999999921620e-01
1.305119999999959646e-01
1.341210000000074842e-01
1.563380000000051950e-01
2.755599999999986949e-01
1.447549999999893089e-01
3.075340000000110763e-01
2.842359999999999332e-01
1.504819999999895686e-01
1.668690000000054852e-01
1.218409999999963134e-01
1.297739999999976135e-01
1.846970000000069945e-01
1.502720000000010714e-01
1.247729999999975803e-01
1.373579999999918755e-01
1.500440000000082819e-01
1.840790000000041005e-01
1.102369999999979200e-01
1.028370000000009554e-01
1.965730000000007749e-01
2.962649999999982242e-01
1.584459999999978663e-01
1.542589999999961492e-01
1.729900000000057503e-01
2.186019999999970764e-01
1.989760000000018181e-01
2.633719999999968309e-01
1.627170000000077721e-01
1.563749999999970441e-01
3.317869999999984998e-01
9.867099999999595639e-02
6.150340000000014129e-01
1.588489999999964652e-01
1.796920000000028494e-01
1.389980000000008431e-01
1.188050000000018258e-01
1.743189999999970041e-01
1.606170000000020082e-01
1.242900000000020100e-01
1.593520000000054893e-01
1.500189999999932411e-01
1.881520000000023174e-01
7.482500000000413820e-02
9.318799999999782813e-02
8.791899999998520343e-02
1.028090000000076998e-01
8.442800000000261207e-02
1.171539999999993142e-01
1.365320000000025402e-01
1.570169999999961874e-01
1.376379999999954862e-01
1.722380000000072187e-01
8.021700000000464570e-02
1.001979999999917936e-01
9.232000000000084583e-02
1.094200000000000728e-01
8.302500000000634373e-02
1.062979999999953407e-01
1.406049999999936517e-01
3.059550000000115233e-01
1.453599999999966030e-01
1.402520000000038181e-01
1.395589999999913289e-01
1.522100000000108366e-01
1.593959999999867705e-01
1.211729999999988650e-01
1.449860000000029459e-01
4.621759999999994761e-01
1.662260000000088667e-01
1.514430000000004384e-01
1.812259999999952242e-01
1.011560000000031323e-01
1.313319999999862375e-01
1.656150000000025102e-01
1.969860000000096534e-01
2.212099999999992406e-01
1.683429999999930260e-01
2.042459999999977072e-01
2.255240000000071632e-01
1.726790000000022474e-01
1.911130000000014206e-01
2.128560000000021546e-01
1.808279999999911070e-01
1.839340000000078135e-01
2.179289999999980409e-01
1.800759999999996808e-01
1.856530000000020664e-01
9.382399999999790907e-02
1.328889999999915972e-01
1.660490000000010014e-01
1.928100000000085856e-01
4.062389999999993506e-01
1.833510000000018181e-01
1.189359999999908268e-01
1.270719999999982974e-01
1.425660000000021910e-01
1.615249999999974762e-01
1.177950000000151931e-01
1.620899999999920738e-01
1.559450000000026648e-01
1.655080000000026530e-01
1.296249999999901092e-01
1.332500000000038654e-01
1.518630000000058544e-01
1.577489999999954762e-01
1.228629999999952815e-01
1.498080000000072687e-01
1.528339999999985821e-01
1.919620000000037408e-01
1.101319999999930133e-01
1.420389999999969177e-01
1.586640000000016926e-01
1.675500000000056389e-01
1.121319999999883521e-01
1.428590000000156124e-01
1.545469999999937727e-01
4.224499999999977717e-01
6.060580000000044265e-01
1.701130000000006248e-01
1.683220000000034133e-01
2.700699999999898182e-01
1.606640000000112423e-01
1.578339999999940346e-01
1.272639999999967131e-01
1.319800000000128648e-01
1.560359999999860747e-01
1.536540000000030659e-01
1.276980000000094151e-01
1.326559999999830097e-01
1.706940000000116697e-01
1.499850000000009231e-01
1.346470000000010714e-01
1.413419999999945276e-01
1.576290000000000191e-01
1.611119999999885977e-01
1.382570000000100663e-01
1.233170000000001210e-01
1.561289999999928568e-01
1.722540000000094551e-01
1.122989999999930433e-01
1.541459999999972297e-01
1.655879999999996244e-01
1.422990000000083910e-01
1.524519999999967013e-01
1.135920000000112395e-01
1.666400000000010095e-01
1.672769999999843549e-01
1.279889999999994643e-01
1.415390000000087412e-01
1.530050000000073851e-01
1.678199999999918646e-01
1.436250000000001137e-01
1.105209999999914317e-01
1.578730000000092559e-01
1.578990000000004557e-01
1.329460000000040054e-01
1.548899999999946431e-01
1.518400000000070804e-01
1.548199999999866350e-01
9.321500000000071395e-02
1.662250000000113914e-01
1.313650000000023965e-01
1.659629999999907568e-01
2.773030000000034079e-01
1.539899999999931879e-01
1.765240000000005693e-01
1.317119999999931679e-01
1.163000000000096179e-01
1.687550000000044292e-01
1.674239999999969086e-01
1.293670000000020082e-01
1.521230000000031168e-01
1.649639999999976681e-01
1.480799999999931060e-01
1.278609999999957836e-01
1.402510000000063428e-01
1.419580000000024711e-01
2.962189999999935708e-01
1.474019999999995889e-01
1.557719999999989113e-01
1.559020000000117534e-01
1.305279999999982010e-01
1.340509999999994761e-01
1.495819999999952188e-01
1.658660000000082846e-01
1.183079999999847587e-01
1.596430000000168548e-01
1.628949999999917964e-01
2.662979999999919301e-01
1.365050000000138652e-01
1.498879999999900292e-01
1.610280000000017253e-01
1.450430000000011432e-01
1.340719999999890888e-01
1.545410000000089212e-01
1.650540000000120244e-01
1.298049999999904003e-01
1.256029999999981328e-01
1.594900000000052387e-01
1.519180000000091013e-01
1.264889999999780912e-01
1.508840000000191139e-01
1.368119999999919401e-01
1.566940000000016653e-01
8.061199999998791554e-02
8.692100000001801163e-02
8.087099999998770272e-02
1.002100000000041291e-01
7.729799999999897864e-02
1.215849999999960573e-01
1.194440000000014379e-01
1.545330000000006976e-01
1.575140000000061491e-01
1.772189999999937982e-01
1.462490000000116197e-01
1.542010000000004766e-01
1.348389999999994870e-01
1.526879999999977144e-01
8.690840000000008558e-01
1.061248999999989451e+00
9.015899999999987813e-02
1.090030000000012933e-01
9.204699999999377269e-02
8.422900000000765885e-02
5.248030000000056816e-01
4.278419999999982792e-01
6.363309999999984257e-01
1.540929999999889333e-01
1.550520000000119580e-01
1.183719999999937045e-01
1.345050000000043156e-01
1.512359999999972615e-01
1.531719999999978654e-01
1.271030000000052951e-01
1.548950000000104410e-01
1.369929999999897063e-01
2.757519999999971105e-01
1.419769999999971333e-01
2.121939999999966631e-01
1.345349999999996271e-01
1.345270000000056143e-01
1.396369999999933498e-01
1.404190000000085092e-01
1.326160000000129457e-01
8.525099999998531075e-02
1.306700000000091677e-01
1.366059999999862384e-01
8.827399999999840929e-02
1.181070000000090658e-01
1.406589999999994234e-01
1.439179999999993242e-01
6.206049999999976308e-01
4.335470000000043456e-01
1.592109999999991032e-01
1.607110000000062655e-01
2.889969999999948413e-01
1.399069999999937863e-01
1.644280000000009068e-01
1.806260000000037280e-01
1.144670000000047594e-01
1.290649999999970987e-01
1.524250000000080263e-01
1.857909999999804995e-01
2.371650000000045111e-01
1.762050000000101591e-01
1.687969999999978654e-01
1.024529999999970187e-01
1.494589999999931251e-01
1.702660000000122409e-01
2.949849999999969441e-01
1.386990000000025702e-01
1.499160000000046011e-01
1.855329999999923984e-01
2.486469999999911806e-01
1.633130000000022619e-01
1.928670000000067830e-01
2.153869999999926677e-01
1.859340000000031523e-01
1.968090000000017881e-01
2.108349999999887814e-01
1.794090000000068130e-01
2.202460000000030504e-01
2.229900000000100135e-01
1.424359999999893489e-01
2.890620000000154732e-01
2.852839999999758902e-01
2.623840000000114969e-01
1.616939999999971178e-01
1.461500000000057753e-01
1.506699999999909778e-01
1.338850000000064711e-01
1.385689999999897282e-01
1.726620000000167465e-01
1.723520000000036134e-01
1.222750000000019099e-01
1.482389999999895736e-01
1.518929999999869551e-01
1.429530000000056589e-01
1.321650000000147429e-01
1.425780000000003156e-01
1.401869999999831862e-01
2.053000000000082537e-01
1.250370000000060600e-01
8.683599999999103147e-02
1.573309999999992215e-01
2.301180000000044856e-01
1.247819999999961738e-01
7.807300000000338969e-02
1.471939999999989368e-01
1.719179999999909114e-01
1.231890000000106511e-01
1.469500000000039108e-01
1.680810000000008131e-01
1.536490000000014788e-01
1.373559999999827141e-01
1.360090000000013788e-01
1.500550000000089312e-01
1.653570000000001983e-01
8.905100000001198168e-02
8.265199999999595093e-02
8.994900000000427553e-02
9.620499999998344265e-02
9.533100000000160890e-02
1.151830000000018117e-01
2.849829999999826668e-01
1.757330000000081327e-01
1.575959999999980710e-01
1.331229999999976599e-01
1.230430000000239943e-01
1.516069999999842821e-01
1.553440000000136934e-01
1.226029999999980191e-01
1.457349999999877355e-01
1.383950000000027103e-01
1.628029999999967004e-01
1.310130000000100381e-01
1.493869999999901665e-01
