4.458950000000072578e-01
4.525280000000009295e-01
1.427362999999999715e+00
2.201179999999851589e-01
1.198655000000016457e+00
2.117089999999848260e-01
2.466550000000040654e-01
1.907184999999998354e+00
5.683050000000093860e-01
1.992175000000003138e+00
1.658059999999892398e-01
2.688229999999975917e-01
2.656227999999998701e+00
7.606268000000014240e+00
2.102669999999875472e-01
6.826830000000114751e-01
1.603839999999934207e-01
5.814579999999978099e-01
2.024540000000030204e-01
4.783120000000025129e-01
1.724430999999995606e+00
7.414750999999995429e+00
3.332130000000006476e-01
8.088369999999969195e-01
1.789290000000107739e-01
2.144532999999995582e+00
2.220070000000049504e-01
1.955039999999996780e-01
2.115210000000047330e-01
2.773749999999921556e-01
4.461129999999968732e-01
1.504164000000002943e+00
4.768700000000052341e-01
1.775899999999950296e-01
1.456220000000030268e-01
1.337168000000005463e+00
1.449146999999996410e+00
1.623899999999878219e-01
3.772330000000039263e-01
1.753949999999946385e-01
3.491610000000093805e-01
3.898719999999968877e-01
3.393179999999915708e-01
8.299910000000210175e-01
2.536979999999999791e-01
7.516189999999909332e-01
1.929679000000007250e+00
1.766089999999849169e-01
3.566719999999889978e-01
4.187290000000132295e-01
2.465779999999995198e-01
2.057070000000038590e-01
2.272369999999881429e-01
2.670290000000079544e-01
1.343062000000003309e+00
2.655990000000088003e-01
5.171449999999850888e-01
1.691461000000018089e+00
2.375996999999998138e+00
2.687629999999927577e-01
4.701689999999842939e-01
4.614640000000207465e-01
4.947279999999949496e-01
4.126890000000003056e-01
1.405065000000007558e+00
1.306539999999785095e-01
1.423020000000008167e-01
2.740680000000139671e-01
2.165930000000031441e-01
1.078986999999983709e+00
1.716320000000024493e-01
9.712669999999974380e-01
1.531600000000139516e-01
5.715659999999900265e-01
1.409830000000056316e-01
7.600770000000096616e-01
1.276711000000005924e+00
2.309719999999799711e-01
8.662221000000016602e+00
5.393199999999751526e-01
5.253830000000334621e-01
5.766969999999957963e-01
5.550559999999791216e-01
7.762400000000013733e-01
4.085746000000000322e+00
2.864333000000016227e+00
2.884525999999993928e+00
6.916980000000023665e-01
1.791470000000003893e-01
1.900359999999921001e-01
1.761960000000044602e-01
2.004819999999938318e-01
5.618309999999837601e-01
1.720380000000147902e-01
5.366420000000005075e-01
1.151769000000001597e+00
2.597529999999892425e-01
1.768090000000199780e-01
6.344379999999887332e-01
1.927680000000009386e-01
4.343200000000138061e-01
1.674792999999993981e+00
3.669099999999900774e-01
1.896059999999977208e-01
1.514690000000200598e-01
2.638169999999888660e-01
2.492680000000007112e-01
2.923920000000066466e-01
1.408733999999981279e+00
5.433710000000075979e-01
1.811339999999859174e-01
1.882020000000181881e-01
3.403050000000007458e-01
3.517640000000028522e-01
3.781039999999791235e-01
5.744060000000104083e-01
1.872740000000021610e-01
1.815829999999891697e-01
3.342874000000023216e+00
2.481899999999939155e-01
2.399949999999932970e-01
2.647929999999973916e-01
1.658608000000015181e+00
3.508179999999754273e-01
1.828590000000076543e-01
3.615860000000168384e-01
1.810040999999984024e+00
3.880070000000159780e-01
1.628253999999969892e+00
3.169590000000255259e-01
1.499597999999991771e+00
2.549530000000004293e-01
2.368270000000052278e-01
2.317559999999900811e-01
3.355449999999962074e-01
1.127278000000018210e+00
3.821449999999799729e-01
1.047850000000210002e-01
1.131886999999977661e+00
6.916660000000263153e-01
1.421625000000005912e+00
1.822719999999833362e-01
1.777819999999792344e-01
2.007450000000403634e-01
3.775959999999827232e-01
1.682529999999928805e-01
3.908360000000072887e-01
3.768230000000016844e-01
3.040492000000000417e+00
5.976498999999989792e+00
5.454579999999964457e-01
5.385930000000200835e-01
5.502349999999864849e-01
5.537769999999966331e-01
7.479640000000244981e-01
3.467069999999807806e-01
2.359813000000002603e+00
2.914875999999992473e+00
4.489180000000004611e+00
3.527780000000007021e-01
7.726150000000018281e-01
2.731699999999989359e+00
1.822489999999845622e-01
1.860420000000431173e-01
3.033239999999750580e-01
2.336700000000178079e-01
2.369139999999561041e-01
6.701850000000320051e-01
6.952249999999935426e-01
2.660350000000164528e-01
4.286779999999623669e-01
2.902161000000035074e+00
1.730709999999930915e-01
1.853790000000117288e-01
1.832199999999772899e-01
1.849189999999794054e-01
1.834370000000262735e-01
5.518600000000049022e-01
3.462309999999888532e-01
8.297509999999874708e-01
2.524170000000367509e-01
9.752239999999687825e-01
2.774700000000223099e-01
2.460929999999734719e-01
2.707680000000323162e-01
4.497539999999844440e-01
2.513210000000185573e-01
4.170909999999992124e-01
3.354940000000112832e-01
1.879399999999691317e-01
9.467150000000117416e-01
1.190755999999993264e+00
2.864585000000005266e+00
3.727290000000209602e-01
2.697039999999987003e+00
2.241879999999696338e-01
5.008880000000033306e-01
5.327829999999948996e-01
1.449372000000039407e+00
5.539169999999842275e-01
1.762209999999981846e-01
1.709260000000085711e-01
2.018849999999758893e-01
3.020360000000437140e-01
2.021109999999737283e-01
7.341049999999711417e-01
9.250770000000159143e-01
1.674710000000061427e-01
3.528550000000052478e-01
1.986819999999909214e-01
3.214549999999860574e-01
1.886390000000233158e-01
3.611769999999978609e-01
1.532129999999938263e-01
7.499440000000276996e-01
2.003099999999733427e-01
2.163320000000226173e-01
3.494009999999718730e-01
2.165580000000204564e-01
3.613970000000108485e-01
3.416389999999580596e-01
1.246720000000038908e+00
1.139330000000029486e-01
1.138989999999751035e-01
1.236229999999807205e-01
3.051250000000038654e-01
2.576650000000029195e-01
3.060050000000273940e-01
4.387270000000000891e-01
9.343879999999842312e-01
2.562519999999892661e-01
2.443060000000230048e-01
1.718819999999823267e-01
3.288959999999860884e-01
2.312860000000398486e-01
3.632339999999771862e-01
3.649230000000045493e-01
3.563629999999875508e-01
3.521970000000180789e-01
5.477899999999920055e-01
3.079048000000000229e+00
3.595229999999958181e-01
5.464479999999980464e-01
1.789104000000008909e+00
1.814789999999959491e-01
3.688630000000046039e-01
3.133320000000310301e-01
1.886269999999967695e-01
2.060269999999491120e-01
1.880110000000456694e-01
2.009609999999781849e-01
1.220539999999914471e-01
6.100200000000484124e-01
1.707539999999312386e-01
1.912619999999947140e-01
1.825270000000500659e-01
1.849839999999858264e-01
1.967650000000276123e-01
1.308980000000019572e-01
4.240169999999920947e-01
2.756769999999733045e-01
2.629120000000284563e-01
2.754589999999552674e-01
3.318160000000602849e-01
9.543719999999211723e-01
2.115540000000351029e-01
2.138919999999870925e-01
2.899939999999787688e-01
2.353920000000471191e-01
2.379789999999388783e-01
2.578910000000291802e-01
2.435879999999883694e-01
1.816060000000447872e-01
1.410553999999990538e+00
1.906399999999734973e-01
1.658058000000039556e+00
2.284589999999866450e-01
1.982079999999655229e-01
1.719830000000115433e-01
1.806290000000103646e-01
2.179939999999760403e-01
1.491350000000579712e-01
3.183629999999766369e-01
2.302220000000261280e-01
1.926299999999514512e-01
1.672230000000354266e-01
1.488360000000170658e-01
1.884479999999939537e-01
1.525889999999776592e-01
1.377239999999915199e-01
1.464180000000396831e-01
1.551659999999515094e-01
1.340320000000474465e-01
1.329119999999761603e-01
1.576890000000048531e-01
2.037939999999593965e-01
6.765290000000163673e-01
3.654379999999832762e-01
1.815300000000661385e-01
1.853819999999473112e-01
1.912890000000402324e-01
1.883290000000101827e-01
1.787819999999555876e-01
1.750609999999710453e-01
2.512070000000221626e-01
2.994740000000319924e-01
1.927829999999630672e-01
4.089502700000002733e+01
2.155957599999999275e+01
1.217423999999994066e+00
1.199211800000000494e+01
1.923719999999775609e-01
1.883950000000140790e-01
1.915769999999952233e-01
1.849310000000059517e-01
3.787480000000300606e-01
3.620829999999841675e-01
3.418079999999577012e-01
1.117110000000707259e-01
2.466009999999414504e-01
1.848820000000728214e-01
3.452127999999959229e+00
1.780989999999746942e-01
1.745270000000118671e-01
2.021240000000261716e-01
5.407459999999559841e-01
3.741210000000023683e-01
3.573069999999916035e-01
1.174300000000130240e-01
2.540250000000128239e-01
1.894169999999917309e-01
3.637883000000044831e+00
1.871709999999779939e-01
1.945129999999721804e-01
1.604439999999840438e-01
3.847970000000486834e-01
3.822139999999762949e-01
3.306989999999814245e-01
3.979730000000358814e-01
1.772789999999986321e-01
3.663073999999994612e+00
1.553949999999986176e-01
2.014130000000022847e-01
1.628769999999803986e-01
3.811820000000238906e-01
3.676790000000096370e-01
2.923779999999851498e-01
1.374720000000024811e-01
2.746040000000107284e-01
1.818909999999505089e-01
2.324779000000035012e+00
4.720351800000003095e+01
2.737359999999853244e-01
2.489029999999843312e-01
2.224599999999554711e-01
4.681050000000368527e-01
1.324488999999971384e+00
1.746670000000563050e-01
1.972629999999639949e-01
3.506590000000642249e-01
2.133939999999370229e-01
3.765429999999696520e-01
3.516590000000974214e-01
1.619789999999909469e+00
2.895690000000286091e-01
2.490910000000212676e-01
2.443359999999756837e-01
4.997960000000034597e-01
3.457349999999962620e+00
9.300330000000371911e-01
3.294640000000299551e-01
5.883099999999785723e-01
