3.012213000000002694e+00
2.811820000000004427e+00
1.955302000000003204e+00
4.804959999999951492e-01
3.105127999999993449e+00
2.539459000000007904e+00
9.026360000000011041e-01
2.182033999999994478e+00
3.830710000000010496e-01
2.020324999999999704e+00
1.859860000000068680e-01
3.807749999999998636e-01
5.373389999999886868e-01
5.621570000000133405e-01
1.797359999999997626e+00
5.028920000000027812e-01
5.790179999999907068e-01
2.460619999999948959e-01
1.571978000000001430e+00
5.077530000000081145e-01
5.590100000000006730e-01
1.838408999999998628e+00
5.275400000000018963e-01
5.349140000000005557e-01
1.293720999999990795e+00
5.823520000000002028e-01
5.019200000000125783e-01
3.925309999999910815e-01
3.260839999999944894e-01
3.803180000000025984e-01
3.456589999999977181e-01
3.754950000000150112e-01
3.411989999999889278e-01
3.636189999999999145e-01
3.592930000000080781e-01
4.724559999999939919e-01
2.730940000000003920e-01
2.736469999999968650e-01
2.683480000000031396e-01
1.770860000000027412e-01
5.134319999999945594e-01
1.890950000000088949e-01
2.818939999999940937e-01
2.810450000000059845e-01
1.776770000000027494e-01
2.045609999999982165e-01
3.225469999999859283e-01
1.876190000000121927e-01
2.031209999999958882e-01
3.728610000000003311e-01
1.845329999999876236e-01
1.826190000000167402e-01
3.376079999999888059e-01
1.931790000000006557e-01
2.411260000000083892e-01
2.957319999999867832e-01
1.838030000000117070e-01
1.760579999999976053e-01
3.197399999999959164e-01
2.077820000000087930e-01
2.389199999999931379e-01
3.063900000000074897e-01
1.948890000000034206e-01
3.447389999999899146e-01
1.878949999999974807e-01
3.851980000000025939e-01
1.894670000000076016e-01
3.820259999999962020e-01
3.659370000000023992e-01
3.474929999999858410e-01
3.813550000000134332e-01
3.398599999999873944e-01
1.760410000000121045e-01
3.521050000000087721e-01
1.991779999999891970e-01
1.966560000000043829e-01
1.861509999999952925e-01
3.407729999999986603e-01
4.675399999999996226e-01
2.529049999999983811e-01
1.890379999999964866e-01
3.581870000000009213e-01
1.798629999999974416e-01
1.979630000000014434e-01
5.019530000000003156e-01
1.818489999999997053e-01
1.971130000000016480e-01
1.858229999999991833e-01
1.890440000000097598e-01
3.501380000000011705e-01
1.753799999999898773e-01
1.835360000000036962e-01
1.842299999999994498e-01
1.860609999999951469e-01
1.809949999999957981e-01
1.987790000000160262e-01
3.401139999999998054e-01
1.762579999999900338e-01
2.061759999999992488e-01
2.111780000000038626e-01
3.080700000000007321e-01
1.788490000000138025e-01
3.389459999999928641e-01
5.479169999999840002e-01
3.464030000000093423e-01
3.889619999999922584e-01
1.835420000000027585e-01
1.964120000000093569e-01
3.481829999999916936e-01
3.808430000000129212e-01
1.915859999999867114e-01
1.754920000000055325e-01
3.367300000000028604e-01
2.113310000000012678e-01
1.760620000000017171e-01
3.343479999999914298e-01
1.958000000000055252e-01
1.833999999999917918e-01
3.208170000000052369e-01
2.135329999999981965e-01
3.309910000000115815e-01
1.797859999999928959e-01
2.090719999999919310e-01
1.877160000000088758e-01
3.279569999999978336e-01
1.948689999999970723e-01
3.550830000000075870e-01
1.822030000000012251e-01
2.058779999999984511e-01
5.111459999999965476e-01
2.043179999999864549e-01
3.225520000000017262e-01
1.756300000000123873e-01
2.051199999999937518e-01
1.942640000000039890e-01
3.302659999999946194e-01
1.811900000000150612e-01
2.046439999999876136e-01
1.877750000000020236e-01
3.815860000000128593e-01
1.836669999999855918e-01
3.443939999999940937e-01
1.856860000000182254e-01
1.897369999999796164e-01
3.539580000000057680e-01
1.874020000000058417e-01
1.971340000000054715e-01
3.210940000000022110e-01
2.197539999999946758e-01
3.374429999999932761e-01
3.671669999999949141e-01
1.778370000000109030e-01
3.199490000000082546e-01
2.143099999999833472e-01
3.310640000000120153e-01
1.801959999999951378e-01
1.808959999999899537e-01
3.249340000000131568e-01
1.932099999999934425e-01
2.158930000000083282e-01
3.472260000000062519e-01
1.820519999999987704e-01
1.798679999999990287e-01
3.257399999999819329e-01
1.983040000000073633e-01
2.098630000000127893e-01
3.363439999999968677e-01
1.864750000000015007e-01
1.756280000000032260e-01
1.796119999999774564e-01
3.223570000000108848e-01
1.962399999999888678e-01
1.958050000000071122e-01
3.202580000000097016e-01
3.980939999999861811e-01
3.441399999999958936e-01
2.070769999999981792e-01
3.225150000000240880e-01
1.791949999999928878e-01
1.822300000000041109e-01
3.494849999999871670e-01
1.774459999999891124e-01
2.074940000000253804e-01
3.195699999999845886e-01
1.758000000000095042e-01
1.877800000000036107e-01
1.774290000000036116e-01
1.896659999999883439e-01
1.758340000000089276e-01
1.755319999999898073e-01
2.221529999999916072e-01
5.136770000000012715e-01
5.302149999999983265e-01
1.828230000000004907e+00
5.194940000000087821e-01
3.364589999999907377e-01
1.923989999999946576e-01
2.655969999999996389e-01
1.364708000000007360e+00
2.174570000000102254e-01
5.456809999999876482e-01
5.273249999999904958e-01
4.113150000000160844e-01
1.418470999999996707e+00
5.344120000000174286e-01
3.352509999999995216e-01
1.959639999999751581e-01
2.389450000000010732e-01
6.770260000000121181e-01
5.166600000000016735e-01
1.954429999999831580e-01
2.314970000000187156e-01
3.122360000000128366e-01
2.156969999999773790e-01
3.737300000000232103e-01
3.542189999999720840e-01
3.591240000000084365e-01
1.778099999999938063e-01
1.937110000000075161e-01
3.361270000000047276e-01
3.625030000000037944e-01
2.220820000000003347e-01
3.435220000000072105e-01
1.768979999999942265e-01
4.970909999999832962e-01
2.351290000000005875e-01
1.781530000000088876e-01
3.566250000000081855e-01
1.853490000000022064e-01
3.533339999999896008e-01
3.638159999999857064e-01
5.372290000000248256e-01
1.893000000000029104e-01
3.211489999999912470e-01
1.935069999999825541e-01
1.970530000000110249e-01
2.629110000000025593e-01
2.896169999999926858e-01
1.933640000000025339e-01
1.802319999999895117e-01
3.460570000000018354e-01
1.904940000000010514e-01
2.195650000000171076e-01
1.836159999999722459e-01
3.326600000000325963e-01
1.841819999999643187e-01
3.147600000000068121e-01
2.016360000000361197e-01
2.583529999999711890e-01
2.682410000000174932e-01
1.989010000000064338e-01
3.589429999999822485e-01
2.009110000000191576e-01
1.768280000000004293e-01
2.176899999999761803e-01
2.001290000000039981e-01
3.217209999999965930e-01
3.615210000000104174e-01
3.618779999999901520e-01
2.616840000000024702e-01
2.574309999999968568e-01
2.043099999999924421e-01
5.222190000000068721e-01
1.897420000000238360e-01
3.404309999999668435e-01
3.598310000000140008e-01
2.029649999999776355e-01
3.319400000000314321e-01
2.112639999999714746e-01
3.333790000000078635e-01
1.788140000000169039e-01
1.854049999999745069e-01
1.860840000000223426e-01
3.338789999999960401e-01
2.044129999999881875e-01
1.765550000000075670e-01
1.784240000000067994e-01
3.633219999999823813e-01
1.860420000000146956e-01
3.412859999999966476e-01
1.887250000000051386e-01
3.607919999999751326e-01
3.593420000000264736e-01
3.804300000000182536e-01
3.505179999999938900e-01
3.641839999999945121e-01
3.375099999999804368e-01
1.918490000000190321e-01
3.182840000000055625e-01
2.185579999999731626e-01
3.484029999999904703e-01
1.804200000000264481e-01
1.824019999999961783e-01
2.249499999999784450e-01
3.301430000000209475e-01
1.872840000000053351e-01
1.859769999999798529e-01
1.843950000000234013e-01
1.767769999999870834e-01
1.882910000000208584e-01
3.523229999999841766e-01
1.770300000000020191e-01
2.128889999999898919e-01
1.931000000000153705e-01
5.116239999999834254e-01
3.606860000000153832e-01
1.852849999999932606e-01
1.900920000000212440e-01
1.813299999999742340e-01
3.385499999999979082e-01
2.106690000000241980e-01
1.750149999999734973e-01
3.400980000000117798e-01
1.780610000000137916e-01
2.116550000000074760e-01
3.377489999999738757e-01
1.800149999999973716e-01
2.142360000000280706e-01
3.101399999999898682e-01
1.960469999999929769e-01
1.988909999999748379e-01
3.244790000000250529e-01
2.108619999999916672e-01
2.130429999999989832e-01
3.222230000000081418e-01
2.294640000000072177e-01
3.055659999999988941e-01
1.889520000000004529e-01
2.079779999999971096e-01
1.956260000000042965e-01
3.233699999999828378e-01
2.157250000000203727e-01
3.339699999999936608e-01
3.665999999999769443e-01
1.918950000000165801e-01
3.524879999999939173e-01
2.536580000000014934e-01
3.100019999999972242e-01
1.975630000000023756e-01
1.869279999999946540e-01
2.063750000000084128e-01
3.162719999999978882e-01
2.106080000000076780e-01
3.287559999999984939e-01
1.860190000000159216e-01
1.800629999999898700e-01
2.096249999999884039e-01
3.246530000000120708e-01
2.250619999999798893e-01
3.271460000000274704e-01
2.017379999999775464e-01
1.846079999999972188e-01
3.282059999999944466e-01
1.828210000000183300e-01
1.882059999999796673e-01
3.399569999999982883e-01
1.831200000000023920e-01
1.938250000000039108e-01
3.502440000000319742e-01
1.808619999999621086e-01
1.842190000000130112e-01
3.395479999999793108e-01
1.836160000000290893e-01
1.850530000000105701e-01
1.931359999999813226e-01
3.293160000000057153e-01
1.816100000000062664e-01
3.655279999999834217e-01
1.901440000000036434e-01
1.755770000000040909e-01
3.354329999999947631e-01
1.915599999999813008e-01
1.976760000000012951e-01
1.809000000000082764e-01
1.804160000000081254e-01
1.827560000000119089e-01
1.894339999999772317e-01
1.896600000000319142e-01
3.506339999999852353e-01
3.984580000000050859e-01
2.617989999999963402e-01
2.751689999999769043e-01
5.170180000000357268e-01
1.652919999999994616e+00
1.792309999999872616e-01
2.925079999999979918e-01
2.295290000000136388e-01
4.979219999999884294e-01
2.054930000000183554e-01
2.057759999999859701e-01
1.756819999999947868e-01
1.270887000000016087e+00
5.412409999999852062e-01
5.062959999999918637e-01
2.651790000000175951e-01
1.604294999999979154e+00
1.801680000000374093e-01
3.423839999999813699e-01
4.960039999999992233e-01
3.209419999999738593e-01
1.187934000000012702e+00
1.872860000000287073e-01
2.005769999999813535e-01
3.224440000000186046e-01
1.839419999999734046e-01
3.671730000000081873e-01
3.499180000000023938e-01
3.638440000000002783e-01
3.580609999999921911e-01
5.301939999999945030e-01
2.104610000000093351e-01
3.576929999999833854e-01
1.809560000000089985e-01
2.018600000000105865e-01
4.757559999999898537e-01
1.880980000000249674e-01
3.958029999999723714e-01
3.525110000000211130e-01
3.585869999999715674e-01
3.629750000000058208e-01
3.882970000000227628e-01
3.415549999999711872e-01
3.488330000000132713e-01
1.892489999999895645e-01
2.004540000000076816e-01
1.815389999999865722e-01
3.648560000000031778e-01
1.865480000000161453e-01
3.626170000000001892e-01
1.784799999999790998e-01
1.834570000000326218e-01
3.568169999999781794e-01
1.817200000000127602e-01
2.553520000000162327e-01
2.657379999999704978e-01
1.775360000000318905e-01
1.988939999999956854e-01
2.018649999999695410e-01
1.855460000000164200e-01
3.589200000000118962e-01
3.413029999999821484e-01
1.931749999999965439e-01
1.925390000000106738e-01
1.812340000000176587e-01
2.038829999999620668e-01
3.503780000000062955e-01
3.406490000000133023e-01
1.880869999999958964e-01
1.934379999999862321e-01
5.201220000000148502e-01
2.078670000000215623e-01
1.792319999999847369e-01
3.409519999999872653e-01
1.910799999999994725e-01
3.750789999999994961e-01
1.752520000000004075e-01
1.835609999999974207e-01
4.183410000000264972e-01
3.302409999999724732e-01
1.865780000000256678e-01
3.476799999999968804e-01
1.763079999999774827e-01
1.921480000000030941e-01
3.260789999999929023e-01
1.890950000000373166e-01
2.396449999999958891e-01
3.130209999999920001e-01
1.881649999999694955e-01
3.608930000000327709e-01
3.567329999999913070e-01
2.373400000000174259e-01
2.972249999999974079e-01
1.845039999999755764e-01
1.934290000000089549e-01
3.391259999999931551e-01
1.848300000000051568e-01
1.826590000000010150e-01
1.961379999999905976e-01
3.375140000000271812e-01
3.447389999999757038e-01
1.845090000000197961e-01
3.711309999999627962e-01
3.568759999999997490e-01
1.774630000000172458e-01
2.078429999999968913e-01
3.664679999999975735e-01
5.678300000000149339e-01
1.813579999999888059e-01
1.874070000000074288e-01
1.769219999999904758e-01
3.430170000000032360e-01
2.088050000000123418e-01
3.428509999999675983e-01
1.809170000000506207e-01
1.775020000000040454e-01
5.190729999999916799e-01
1.916409999999757474e-01
1.870079999999916254e-01
1.807440000000042346e-01
1.836539999999899919e-01
1.809290000000203236e-01
1.962249999999983174e-01
3.472979999999949996e-01
1.975419999999985521e-01
3.339110000000289347e-01
1.948599999999487409e-01
1.847370000000125856e-01
1.952800000000252112e-01
3.067379999999957363e-01
1.963580000000035852e-01
2.010999999999967258e-01
1.785130000000094697e-01
3.457989999999711017e-01
1.996579999999994470e-01
3.528590000000235705e-01
1.957109999999886440e-01
1.848049999999830106e-01
3.299070000000483560e-01
1.826259999999706451e-01
1.916819999999859192e-01
3.483700000000169439e-01
1.895790000000090458e-01
3.354969999999752872e-01
3.678630000000282507e-01
3.516409999999723368e-01
1.922820000000342588e-01
5.260499999999979082e-01
1.971949999999651482e-01
1.868720000000223536e-01
1.910029999999665051e-01
3.276060000000029504e-01
3.913260000000491345e-01
3.376359999999749562e-01
1.843509999999639604e-01
1.947290000000236887e-01
3.417200000000093496e-01
1.859450000000322234e-01
3.700839999999629981e-01
1.841799999999977899e-01
1.865249999999889496e-01
5.248520000000098662e-01
5.234130000000334348e-01
1.800849999999627471e-01
2.053950000000099863e-01
3.386640000000227246e-01
1.856099999999685224e-01
1.868599999999958072e-01
3.316320000000416712e-01
1.794270000000040000e-01
1.963869999999587890e-01
1.797249999999905867e-01
3.228850000000136333e-01
2.086620000000038999e-01
3.368670000000122400e-01
1.918209999999760385e-01
1.971950000000219916e-01
1.919029999999963820e-01
3.232530000000224391e-01
1.840259999999602769e-01
3.486399999999889587e-01
1.910060000000157743e-01
1.926970000000096661e-01
3.453739999999925203e-01
1.845999999999889951e-01
3.770110000000386208e-01
1.818269999999699849e-01
3.393030000000010205e-01
5.270950000000311775e-01
1.756819999999947868e-01
2.459239999999738302e-01
1.028853000000026441e+00
3.671109999999657703e-01
1.752790000000175041e-01
3.705730000000073687e-01
2.023939999999697648e-01
3.234730000000070049e-01
2.387340000000222062e-01
3.085659999999847969e-01
5.763970000000142591e-01
3.128739999999652355e-01
5.747410000000172658e-01
3.527560000000278251e-01
1.749639999999885731e-01
3.303009999999915181e-01
2.076330000000154996e-01
7.217950000000143973e-01
1.874859999999785032e-01
3.470600000000274576e-01
3.554869999999539232e-01
1.798560000000009040e-01
3.594720000000108939e-01
1.934870000000330492e-01
3.542739999999753309e-01
2.092639999999903466e-01
1.832259999999905631e-01
1.023339999999990368e+00
3.979810000000156833e-01
3.866229999999859501e-01
2.087360000000444415e-01
5.256310000000041782e-01
1.956709999999759475e-01
3.500589999999874635e-01
1.813410000000317268e-01
1.788909999999646061e-01
1.900440000000003238e-01
3.206229999999834490e-01
2.295350000000269119e-01
3.449329999999974916e-01
1.826530000000161635e-01
2.162299999999959255e-01
4.824609999999722731e-01
2.071669999999983247e-01
3.144370000000265009e-01
1.803160000000048058e-01
2.039049999999917873e-01
5.211479999999824031e-01
3.739220000000216260e-01
1.792879999999854590e-01
2.254260000000272157e-01
1.758469999999761058e-01
3.544080000000064956e-01
1.758150000000000546e-01
1.972350000000062664e-01
1.820089999999936481e-01
1.860590000000286182e-01
3.422939999999812244e-01
1.907630000000040127e-01
3.328919999999868651e-01
2.046510000000125729e-01
3.380409999999756110e-01
2.023390000000233613e-01
2.105490000000145301e-01
1.792559999999525644e-01
3.148920000000430264e-01
2.035969999999736046e-01
3.206319999999891479e-01
1.843840000000227519e-01
2.059580000000096334e-01
1.866119999999682477e-01
3.494729999999890424e-01
1.786230000000159635e-01
3.688280000000077052e-01
1.751100000000178625e-01
1.816919999999981883e-01
2.016680000000121709e-01
3.139579999999568827e-01
2.207939999999837255e-01
1.793110000000410764e-01
3.454940000000021882e-01
1.825890000000072177e-01
1.996119999999734773e-01
3.353060000000027685e-01
5.534129999999777283e-01
1.776190000000497093e-01
1.986699999999643751e-01
2.001129999999875508e-01
3.259040000000084092e-01
1.896180000000242671e-01
3.612060000000099080e-01
1.800379999999961456e-01
1.860050000000228465e-01
1.989009999999780121e-01
3.317220000000133950e-01
2.032339999999521751e-01
3.444549999999821921e-01
1.821640000000570581e-01
2.010939999999550309e-01
1.882950000000391810e-01
3.417239999999992506e-01
1.928990000000112559e-01
3.530379999999695428e-01
1.779920000000174696e-01
2.004539999999792599e-01
3.465790000000197324e-01
1.785319999999614993e-01
1.859000000000037289e-01
3.535560000000259606e-01
1.929489999999987049e-01
1.978870000000370055e-01
1.792369999999436914e-01
3.162290000000211876e-01
2.155010000000174841e-01
1.812560000000189575e-01
3.617599999999470128e-01
1.965490000000045256e-01
1.928000000000338332e-01
3.319969999999443644e-01
1.964130000000636755e-01
1.750769999999874926e-01
1.905949999999734246e-01
1.821869999999989886e-01
1.978700000000230830e-01
1.800579999999740721e-01
3.460870000000113578e-01
2.130439999999680367e-01
4.880709999999908177e-01
1.900560000000268701e-01
1.906470000000126674e-01
1.767389999999977590e-01
3.606020000000285108e-01
1.975400000000036016e-01
1.766699999999445936e-01
1.795260000000098444e-01
1.880970000000274922e-01
1.908729999999536631e-01
3.185810000000515174e-01
1.977660000000014406e-01
1.839099999999689317e-01
1.763830000000439213e-01
1.801069999999640459e-01
2.010999999999967258e-01
1.825339999999755491e-01
3.600430000000187647e-01
1.761250000000131877e-01
3.490590000000111104e-01
1.755559999999718457e-01
1.938860000000204309e-01
1.977940000000444343e-01
3.275679999999283609e-01
1.892480000000205109e-01
3.586000000000240107e-01
1.754169999999817264e-01
1.891669999999976426e-01
1.875579999999672509e-01
3.452280000000200744e-01
2.095029999999837855e-01
3.354720000000384061e-01
1.969949999999585089e-01
2.077390000000036707e-01
1.778020000000424261e-01
3.248179999999933898e-01
2.088729999999827669e-01
3.202130000000238397e-01
1.815299999999524516e-01
1.845170000000848631e-01
1.910079999999538813e-01
3.481029999999805113e-01
1.923140000000103100e-01
1.812460000000442051e-01
1.975179999999454594e-01
1.809250000000020009e-01
1.846910000000434593e-01
2.063379999999597203e-01
3.276050000000054752e-01
2.049279999999953361e-01
3.313549999999736428e-01
1.764540000000351938e-01
1.823749999999790816e-01
1.834320000000388973e-01
3.534539999999992688e-01
1.857810000000199580e-01
2.063989999999762404e-01
3.695379999999772735e-01
1.918039999999905376e-01
1.783169999999927313e-01
1.757810000000290529e-01
1.786809999999832144e-01
1.947690000000079635e-01
3.400599999999940337e-01
1.828310000000215041e-01
1.983539999999948122e-01
1.890569999999911488e-01
3.430879999999660868e-01
3.914670000000342043e-01
3.382970000000113941e-01
1.913049999999998363e-01
2.044639999999731117e-01
3.231190000000196960e-01
2.014780000000087057e-01
1.994530000000054315e-01
1.955679999999802021e-01
3.589269999999942229e-01
1.792949999999677857e-01
3.409720000000220352e-01
1.950260000000412219e-01
1.993089999999710926e-01
3.552839999999832798e-01
1.813000000000215550e-01
1.981870000000185428e-01
3.275600000000054024e-01
1.882159999999544198e-01
3.571190000000683540e-01
3.485699999999383181e-01
1.964180000000510518e-01
3.548159999999711545e-01
1.797179999999798383e-01
3.860010000000215769e-01
1.852739999999926113e-01
2.078700000000139880e-01
1.854869999999664287e-01
3.336840000000620421e-01
1.982299999999668216e-01
3.107120000000236359e-01
1.987489999999638712e-01
2.012960000000134642e-01
1.830769999999688480e-01
3.437710000000606669e-01
1.992439999999646716e-01
1.782509999999888350e-01
1.819970000000239452e-01
1.836659999999596948e-01
1.929840000000240252e-01
2.010940000000118744e-01
3.358529999999859683e-01
1.777320000000486289e-01
2.012009999999690990e-01
3.356819999999629545e-01
1.897440000000187865e-01
2.050399999999967804e-01
3.351770000000442451e-01
1.934620000000109030e-01
1.855699999999274041e-01
3.413550000000782347e-01
2.037779999999429492e-01
1.781270000000176879e-01
1.814359999999624051e-01
1.748820000000250729e-01
1.841369999999642459e-01
1.781020000000239634e-01
3.539039999999999964e-01
1.817280000000209839e-01
1.957639999999969405e-01
3.362339999999903739e-01
1.911440000000084183e-01
2.026500000000055479e-01
3.382169999999860011e-01
1.949420000000259279e-01
1.798339999999711836e-01
3.435749999999870852e-01
1.839979999999741267e-01
3.560300000000324872e-01
1.754290000000082728e-01
2.086459999999874526e-01
1.792990000000145301e-01
3.368609999999989668e-01
1.927040000000488362e-01
1.779509999999504544e-01
3.505850000000236832e-01
3.721729999999752181e-01
3.481910000000425498e-01
2.010779999999385836e-01
1.835390000000529653e-01
3.546139999999695647e-01
1.882180000000062137e-01
1.912599999999997635e-01
3.421089999999935571e-01
1.813470000000165783e-01
1.907979999999724896e-01
3.403480000000058681e-01
1.964029999999752363e-01
1.908980000000042310e-01
3.464519999999993161e-01
1.922200000000202635e-01
1.904969999999934771e-01
3.401140000000282271e-01
1.960240000000226246e-01
1.867719999999621905e-01
3.460919999999987340e-01
2.029780000000300788e-01
1.819689999999809515e-01
3.462259999999446336e-01
1.759530000000495420e-01
2.018419999999991887e-01
1.791609999999650427e-01
1.866680000000542350e-01
1.882219999999961146e-01
1.813050000000089312e-01
1.796559999999658430e-01
3.301460000000133732e-01
1.874160000000415494e-01
1.870109999999840511e-01
1.967719999999530955e-01
1.848320000000285290e-01
1.997250000000008185e-01
3.448309999999992215e-01
3.740789999999947213e-01
3.700460000000020955e-01
1.765209999999797219e-01
1.840429999999741995e-01
3.320610000000669970e-01
1.876609999999914180e-01
2.004969999999843822e-01
3.425129999999967367e-01
1.826219999999807442e-01
2.044220000000223081e-01
3.382980000000088694e-01
3.772339999999871907e-01
3.494099999999775719e-01
2.089990000000625514e-01
1.815879999999765460e-01
3.344349999999849388e-01
2.019619999999804349e-01
2.013600000000224099e-01
3.424769999999739412e-01
3.778140000000007603e-01
1.814820000000167965e-01
1.786000000000171894e-01
1.811590000000364853e-01
1.875809999999091815e-01
3.347830000000158179e-01
2.089750000000094587e-01
3.334830000000010841e-01
1.895299999999906504e-01
1.897360000000389846e-01
1.958829999999807114e-01
3.521130000000312066e-01
1.837739999999712381e-01
2.065620000000194523e-01
3.583140000000071268e-01
1.963349999999763895e-01
1.805889999999976681e-01
1.773200000000088039e-01
1.900400000000104228e-01
3.442929999999932988e-01
3.312949999999545980e-01
1.855720000000360415e-01
1.809049999999956526e-01
1.757690000000025066e-01
1.886920000000031905e-01
3.812290000000189139e-01
3.406689999999912288e-01
3.853899999999725878e-01
3.508790000000203690e-01
1.760679999999865686e-01
1.871920000000386608e-01
3.432339999999953761e-01
2.072479999999927713e-01
1.870759999999336287e-01
3.384420000000432083e-01
1.957349999999564716e-01
2.075270000000273285e-01
3.315390000000206783e-01
2.046320000000036998e-01
1.884759999999801039e-01
3.534160000000383661e-01
3.689269999999851279e-01
3.362109999999915999e-01
1.975850000000036744e-01
3.230920000000310210e-01
1.917559999999980391e-01
3.893689999999878637e-01
1.747779999999465872e-01
1.814800000000218461e-01
1.803580000000124528e-01
1.830099999999674765e-01
3.484510000000682339e-01
2.016649999999913234e-01
3.414599999999836655e-01
1.751269999999749416e-01
1.908659999999713364e-01
1.910010000000283981e-01
3.403170000000272921e-01
3.553079999999795291e-01
1.909739999999828797e-01
1.750059999999962201e-01
1.854079999999953543e-01
1.895690000000058717e-01
3.439940000000092368e-01
2.046320000000036998e-01
3.465400000000045111e-01
1.767550000000142063e-01
1.819399999999973261e-01
1.912859999999909633e-01
3.385759999999891079e-01
1.817940000000248801e-01
2.158329999999750726e-01
3.448280000000067957e-01
2.029650000000060572e-01
1.892960000000130094e-01
3.288039999999909924e-01
3.698180000000093059e-01
3.423549999999977445e-01
2.153169999999704487e-01
1.815379999999890970e-01
3.519890000000032160e-01
1.817629999999894608e-01
2.083380000000829568e-01
3.250789999999597057e-01
3.723509999999805586e-01
3.318489999999769680e-01
1.993910000000482796e-01
3.389919999999619904e-01
1.902280000000473592e-01
1.799409999999852516e-01
1.748539999999820793e-01
3.410830000000260043e-01
5.623339999999643624e-01
3.482170000000337495e-01
2.002729999999814936e-01
4.940780000000017935e-01
2.002709999999865431e-01
3.271260000000211221e-01
2.159670000000346590e-01
3.191779999999653228e-01
2.111120000000141772e-01
2.107909999999719730e-01
5.114760000000160289e-01
2.160550000000398541e-01
5.060709999999630782e-01
2.156619999999520587e-01
1.813910000000191758e-01
1.848470000000475011e-01
3.324569999999766878e-01
1.866239999999947941e-01
3.134200000000078035e-01
2.158390000000167674e-01
3.771839999999428983e-01
5.359730000000126893e-01
3.405590000000415785e-01
3.567439999999919564e-01
3.131169999999769971e-01
2.013960000000452055e-01
3.341879999999832762e-01
1.877339999999776410e-01
2.267530000000306245e-01
3.494870000000105392e-01
1.894099999999525608e-01
1.780539999999746215e-01
2.002209999999990941e-01
3.316290000000208238e-01
2.096800000000484943e-01
3.303179999999770189e-01
1.787370000000123582e-01
1.759809999999788488e-01
1.792319999999563152e-01
1.793670000000702203e-01
3.483959999999797219e-01
1.810360000000059699e-01
3.688020000000165055e-01
1.884759999999801039e-01
3.442469999999957508e-01
1.917680000000245855e-01
1.864639999999440079e-01
1.975110000000768196e-01
3.342529999999328538e-01
2.082740000000171676e-01
1.950020000000449727e-01
3.252929999999309985e-01
1.847830000000385553e-01
1.918160000000170839e-01
1.835469999999759239e-01
1.869919999999751781e-01
2.009700000000407272e-01
1.840339999999400789e-01
3.178720000000225809e-01
2.214979999999968641e-01
3.140250000000150976e-01
1.810660000000439140e-01
1.900399999999535794e-01
1.973839999999995598e-01
3.252650000000016917e-01
2.062070000000062464e-01
7.464969999999766515e-01
3.650170000000230175e-01
1.641052999999999429e+00
7.413579999999910797e-01
2.146490000000085274e-01
1.813089999999988322e-01
3.183760000000006585e-01
1.790680000000293148e-01
1.972279999999955180e-01
1.868200000000115324e-01
1.820979999999963184e-01
1.833709999999655338e-01
1.784220000000118489e-01
3.409050000000206637e-01
1.950109999999654065e-01
1.857130000000211112e-01
1.769719999999779247e-01
1.955130000000053769e-01
2.024079999999912616e-01
1.779099999999971260e-01
1.764420000000086475e-01
1.868330000000355540e-01
1.870299999999360807e-01
1.883240000000228065e-01
1.856040000000120926e-01
1.763420000000337495e-01
1.823409999999512365e-01
1.838470000000143045e-01
3.257110000000125183e-01
1.960550000000012005e-01
1.954210000000102809e-01
3.396449999999617830e-01
1.859939999999937754e-01
2.059619999999995343e-01
3.438629999999989195e-01
3.682539999999789870e-01
1.912940000000276086e-01
3.446099999999887586e-01
1.859170000000176515e-01
3.434260000000222135e-01
1.783100000000104046e-01
1.971219999999789252e-01
1.774950000000217187e-01
1.793969999999376341e-01
2.262560000000348737e-01
1.792090000000143846e-01
3.509029999999597749e-01
1.790580000000545624e-01
2.033779999999296706e-01
1.915060000000039508e-01
3.263250000000539330e-01
1.937369999999987158e-01
3.312500000000113687e-01
3.897660000000087166e-01
3.354719999999815627e-01
1.936139999999682004e-01
2.017470000000116670e-01
3.193830000000161817e-01
3.565280000000257132e-01
1.765369999999961692e-01
1.836489999999457723e-01
1.749950000000239925e-01
3.468699999999671491e-01
2.055600000000481486e-01
1.908530000000041582e-01
1.876419999999825450e-01
3.778940000000261534e-01
1.797549999999432657e-01
1.808480000000258769e-01
3.258340000000430337e-01
1.870479999999474785e-01
1.792889999999829342e-01
3.523220000000151231e-01
2.059649999999919601e-01
1.935760000000641412e-01
3.302449999999339525e-01
1.892820000000483560e-01
2.202029999999695065e-01
3.319040000000086366e-01
2.008319999999912397e-01
1.958899999999630381e-01
3.283580000000370092e-01
2.251990000000319014e-01
3.353759999999397223e-01
3.444939999999974134e-01
1.902080000000410109e-01
3.381929999999897518e-01
2.112559999999916727e-01
3.439460000000167383e-01
3.534879999999702704e-01
1.859310000000391483e-01
3.503779999999778738e-01
1.970519999999851279e-01
1.872769999999945867e-01
3.438800000000696855e-01
2.037999999999442480e-01
3.257850000000530599e-01
1.994119999999384163e-01
1.893340000000307555e-01
1.994149999999876854e-01
3.416970000000105756e-01
1.935119999999983520e-01
1.976559999999949468e-01
3.175759999999741012e-01
1.816080000000397376e-01
1.932049999999776446e-01
1.929489999999987049e-01
3.645930000000134896e-01
1.837279999999736901e-01
3.194430000000352265e-01
2.177450000000362706e-01
1.823959999999829051e-01
3.431269999999813081e-01
1.847089999999980137e-01
1.952329999999733445e-01
3.357839999999896463e-01
1.841570000000274376e-01
1.792429999999853862e-01
1.828590000000076543e-01
3.451019999999971333e-01
1.874209999999720822e-01
3.511370000000511027e-01
1.873459999999909087e-01
3.752059999999914908e-01
1.828560000000152286e-01
1.802769999999895845e-01
1.963180000000193104e-01
3.275439999999889551e-01
1.953919999999698121e-01
1.832410000000663786e-01
3.555159999999659703e-01
1.885619999999903484e-01
1.945140000000264990e-01
3.195049999999923784e-01
1.978519999999548418e-01
1.968590000000176587e-01
3.324099999999816646e-01
2.020560000000273249e-01
2.017000000000166438e-01
3.387099999999918509e-01
1.935249999999655302e-01
2.063750000000368345e-01
3.290440000000103282e-01
1.821390000000064902e-01
1.996879999999805477e-01
3.450689999999667634e-01
1.804339999999911015e-01
2.090410000000133550e-01
3.292920000000094660e-01
1.820829999999773463e-01
1.930300000000784166e-01
3.482249999999567081e-01
2.049549999999840111e-01
1.811299999999960164e-01
3.452169999999910033e-01
2.025260000000344007e-01
1.762899999999945067e-01
3.438709999999787215e-01
3.834780000000250766e-01
3.478139999999712018e-01
1.822610000000395303e-01
5.395029999999678694e-01
1.776810000000068612e-01
3.639870000000087202e-01
3.465659999999957108e-01
3.808690000000183318e-01
1.833929999999668325e-01
2.172840000000633154e-01
1.892579999999384199e-01
3.243600000000128603e-01
2.162589999999795509e-01
5.087770000000091386e-01
2.042390000000295913e-01
1.956279999999992469e-01
3.274679999999534630e-01
2.050940000000309738e-01
5.031280000000037944e-01
2.067589999999768224e-01
3.352450000000430919e-01
1.831149999999865940e-01
1.894879999999830034e-01
3.587440000000015061e-01
1.775300000000470391e-01
1.982149999999478496e-01
1.899129999999900065e-01
3.280160000000478249e-01
2.661279999999806023e-01
4.706169999999474385e-01
2.162740000000553664e-01
1.854799999999841020e-01
3.155470000000377695e-01
2.091439999999806787e-01
1.791009999999459978e-01
3.522580000000061773e-01
3.506100000000174077e-01
3.285620000000335494e-01
2.017919999999548963e-01
5.017280000000141627e-01
3.908450000000129876e-01
3.412230000000135988e-01
1.994649999999751344e-01
1.872390000000336840e-01
3.438299999999685497e-01
2.085759999999936554e-01
5.090759999999932006e-01
1.927130000000261134e-01
3.444089999999846441e-01
1.859499999999911779e-01
2.055090000000063810e-01
1.852959999999939100e-01
3.116160000000149921e-01
2.090749999999843567e-01
1.811140000000364125e-01
3.639069999999833271e-01
2.112020000000143227e-01
1.937289999999620704e-01
3.063770000000545224e-01
1.944970000000125765e-01
1.909149999999613101e-01
3.329779999999686879e-01
1.811680000000137625e-01
2.136990000000196233e-01
3.374400000000150612e-01
1.976169999999797255e-01
1.899280000000089785e-01
3.393569999999499487e-01
1.920470000000591426e-01
1.935179999999832035e-01
3.210199999999758802e-01
2.070880000000556720e-01
1.821479999999837673e-01
3.335099999999897591e-01
1.891499999999837200e-01
2.025260000000344007e-01
3.250509999999735555e-01
1.990450000000123509e-01
1.874299999999493593e-01
3.279510000000414038e-01
2.167739999999866995e-01
1.888380000000324799e-01
3.230479999999715801e-01
2.071470000000203981e-01
5.163749999999822649e-01
3.989700000000198088e-01
3.741120000000250911e-01
3.776009999999700995e-01
5.387769999999818538e-01
2.389830000000188193e-01
3.221929999999701977e-01
3.550600000000372347e-01
3.249749999999949068e-01
2.023859999999899628e-01
1.767679999999813845e-01
3.388840000000072905e-01
2.006310000000439686e-01
2.017569999999295760e-01
3.536100000000601540e-01
2.075959999999668071e-01
1.789919999999938227e-01
3.296310000000062246e-01
1.873600000000124055e-01
1.940730000000030486e-01
3.493080000000077234e-01
1.903390000000513282e-01
1.973489999999173961e-01
2.116290000000162763e-01
5.248700000000212640e-01
5.545369999999820720e-01
2.621450000000322689e-01
1.833939999999643078e-01
2.649573000000032152e+00
1.853689999999232896e-01
1.555517000000008920e+00
5.969050000000493128e-01
5.726839999999810971e-01
9.655429999999682877e-01
4.504220000000032087e-01
7.034970000000839718e-01
