5.008540000000039072e-01
2.071400000000380714e-01
5.288079999999695247e-01
1.930830000000014479e-01
3.188790000000381042e-01
7.496199999999362262e-01
4.019550000000435830e-01
3.444719999999961146e-01
2.003990000000044347e-01
1.772399999999834108e-01
7.270410000000424589e-01
3.385009999999510910e-01
3.788059999999973115e-01
3.568580000000451946e-01
2.095299999999724605e-01
3.367949999999950705e-01
3.776569999999992433e-01
7.276679999999942083e-01
5.348460000000159198e-01
1.955100000000129512e-01
1.223650000000020555e-01
1.019999999999754436e-01
1.010179999999536449e-01
1.410420000000840446e-01
2.659879999999930078e-01
2.462769999999636639e-01
1.300739999999791507e-01
1.458180000000197651e-01
1.835839999999961947e-01
7.240059999999743923e-01
2.315590000000042892e-01
2.913240000000314467e-01
2.222830000000044492e-01
2.033169999999699940e-01
3.342820000000301661e-01
3.721769999999651191e-01
7.461480000000051405e-01
5.357539999999971769e-01
5.086220000000594155e-01
2.228959999999915453e-01
1.857809999999631145e-01
7.299290000000269174e-01
7.005669999999781794e-01
5.344600000000241380e-01
1.920250000000010004e-01
3.396290000000021791e-01
3.900509999999712818e-01
3.646350000000211367e-01
1.939019999999800348e-01
3.219770000000039545e-01
3.662770000000250548e-01
7.452609999999708634e-01
4.992010000000277614e-01
2.032409999999913452e-01
2.191419999999766333e-01
2.293619999999805259e-01
2.959670000000187429e-01
2.068550000000186628e-01
1.731310000000121363e-01
3.126110000000039690e-01
1.031059999999683896e-01
6.224909999999681531e-01
2.126420000000734944e-01
3.106739999999490465e-01
3.968840000000000146e-01
3.207499999999754436e-01
3.981210000000032778e-01
5.674010000000180298e-01
1.747550000000046566e-01
5.244329999999877145e-01
2.041940000000295186e-01
3.302719999999794709e-01
2.098530000000096152e-01
2.047870000000102664e-01
3.157229999999913161e-01
4.193379999999820029e-01
5.114080000000171822e-01
1.892139999999926658e-01
5.213219999999978427e-01
2.157980000000634391e-01
3.408529999999814208e-01
3.777049999999348984e-01
3.589330000000359178e-01
1.031479999999760366e-01
1.053650000000061482e-01
1.028960000000438413e-01
2.227649999999812280e-01
3.517290000000343753e-01
2.445019999999544780e-01
5.201959999999985484e-01
1.913159999999720640e-01
3.245920000000523942e-01
1.866309999999771208e-01
2.302139999999894826e-01
2.334740000000579130e-01
2.838149999999473039e-01
2.722160000000144464e-01
1.030240000000048894e-01
3.164799999999559077e-01
2.574740000000588225e-01
5.060409999999819775e-01
1.913920000000075561e-01
1.704080000000089967e-01
1.330629999999928259e-01
2.428959999999733554e-01
1.805669999999963693e-01
3.349280000000476321e-01
4.031539999999722568e-01
5.256579999999644315e-01
1.839310000000295986e-01
3.380849999999782085e-01
1.882029999999872416e-01
2.082510000000183936e-01
3.172750000000519321e-01
7.604569999999739593e-01
3.813789999999812608e-01
3.389040000000136388e-01
3.768280000000459040e-01
1.867549999999482679e-01
3.365679999999997563e-01
3.662909999999897082e-01
1.769729999999754000e-01
3.764440000000490727e-01
3.563869999999838001e-01
1.040439999999875909e-01
1.006479999999783104e-01
2.308140000000662440e-01
1.672459999999773572e-01
3.123939999999834072e-01
7.211619999999925312e-01
2.094250000000101863e-01
3.337390000000368673e-01
1.866219999999430001e-01
1.406350000000315958e-01
1.018080000000054497e-01
2.209859999999821412e-01
1.008760000000279433e-01
1.915050000000064756e-01
2.215249999999855390e-01
1.387510000000133914e-01
3.219070000000101572e-01
7.270759999999540923e-01
2.026620000000320942e-01
3.321550000000002001e-01
1.934400000000096043e-01
2.044270000000096843e-01
3.183329999999955362e-01
4.038729999999759457e-01
5.264270000000124128e-01
1.957750000000260115e-01
5.212679999999636493e-01
2.011719999999854736e-01
3.234620000000063555e-01
3.987300000000004729e-01
7.266210000000228320e-01
3.150640000000066721e-01
2.022319999999808715e-01
1.838010000000167565e-01
5.265779999999722349e-01
1.969270000000165055e-01
3.712249999999812644e-01
1.600060000000098626e-01
2.023069999999620450e-01
3.644770000000221444e-01
1.850149999999644024e-01
2.069940000000656255e-01
1.266269999999281026e-01
3.734560000000328728e-01
2.126079999999888059e-01
7.250630000000342079e-01
2.994640000000003965e-01
2.089639999999803877e-01
2.313629999999875508e-01
2.349330000000122709e-01
1.032519999999976790e-01
1.919890000000350483e-01
3.772109999999884167e-01
3.078879999999912798e-01
1.021450000000072578e-01
1.135113999999987300e+00
2.878403999999989082e+00
1.090265000000044893e+00
5.358019999999896754e-01
1.764409999999543288e-01
1.067557000000022072e+00
1.258039999999994052e+00
1.041505000000029213e+00
2.123090000000047439e-01
3.482819999999833271e-01
1.831473999999957414e+00
1.007690000000707187e-01
2.367599999999470128e-01
2.423720000000457730e-01
8.151839999999879183e-01
7.404799999999909232e-01
5.503619999999500578e-01
1.814590000000748660e-01
7.691669999999817264e-01
1.447256999999979143e+00
7.054660000000012587e-01
2.176230000000032305e-01
1.181970000000092114e-01
3.592920000000390246e-01
2.016072999999948934e+00
3.616900000000100590e-01
9.138980000000174186e-01
2.560274999999990087e+00
1.696450000000027103e-01
1.794669999999882748e-01
3.754819999999767788e-01
7.571740000000204418e-01
5.330619999999726133e-01
1.858050000000162072e-01
1.074342999999998938e+00
3.915050000000519503e-01
1.265408999999976913e+00
2.180169999999748143e-01
1.026760000000024320e+00
1.967179999999757456e-01
2.056670000000053733e-01
7.287969999999859283e-01
7.185160000000223590e-01
7.196899999999573083e-01
3.313670000000001892e-01
4.391540000000304644e-01
1.216907999999989443e+00
1.415412000000003445e+00
1.919460000000299260e-01
7.360580000000140899e-01
3.304649999999469401e-01
2.011810000000195942e-01
3.660489999999754218e-01
5.554440000000226973e-01
3.205900000000383443e-01
2.167669999999475294e-01
2.336650000000304317e-01
2.753289999999992688e-01
3.043200000000183536e-01
1.120669999999677202e-01
2.114339999999970132e-01
3.271169999999870015e-01
5.200120000000083564e-01
1.227470000000039363e-01
2.609899999999925058e-01
1.837780000000179825e-01
1.539980000000014115e-01
3.502589999999941028e-01
7.639760000000137552e-01
3.122730000000046857e-01
2.044229999999629399e-01
2.104190000000016880e-01
7.264789999999834436e-01
3.393960000000220134e-01
1.876010000000292166e-01
2.233479999999872234e-01
2.701030000000059772e-01
2.458530000000109794e-01
3.741379999999594475e-01
3.165670000000204709e-01
9.113709999999741740e-01
1.750400000000240652e-01
1.685370000000148138e-01
1.828280000000290784e-01
1.895959999999945467e-01
1.496270000000095024e-01
1.857679999999390930e-01
3.805990000000178952e-01
5.362170000000219261e-01
1.825759999999831962e-01
7.246769999999855827e-01
2.900789999999915381e-01
2.245619999999917127e-01
2.383150000000000546e-01
1.189370000000167238e-01
1.305020000000354230e-01
1.077930000000151267e-01
1.774459999999749016e-01
2.803549999999859210e-01
1.008350000000177715e-01
3.060449999999832471e-01
9.394970000000171240e-01
5.323419999999714491e-01
1.993090000000279360e-01
7.285389999999551947e-01
3.240149999999744068e-01
2.031090000000403961e-01
1.934650000000033288e-01
7.150919999999700849e-01
3.140940000000114196e-01
2.081580000000258224e-01
1.158569999999485844e-01
1.111770000000547043e-01
1.060559999999668435e-01
1.435270000000059554e-01
1.152500000000031832e-01
2.171780000000467226e-01
2.249269999999796710e-01
1.058330000000182736e-01
1.293219999999450920e-01
1.945530000000417203e-01
9.247449999999730608e-01
3.224289999999996326e-01
2.020060000000398759e-01
2.095249999999850843e-01
7.258100000000240470e-01
3.298759999999560932e-01
2.073579999999992651e-01
1.921120000000087202e-01
7.280310000000440596e-01
3.285319999999387619e-01
2.005819999999971515e-01
2.133959999999888169e-01
2.770520000000260552e-01
2.646340000000009240e-01
1.473340000000007421e-01
2.067230000000108703e-01
3.347660000000018954e-01
9.071349999999824831e-01
3.392929999999978463e-01
1.955930000000307700e-01
1.936539999999808970e-01
7.432459999999991851e-01
3.112439999999878637e-01
2.019310000000018590e-01
2.037600000000452383e-01
7.030549999999493593e-01
3.546319999999809625e-01
1.817550000000665023e-01
2.427069999999389438e-01
2.176650000000108776e-01
3.343700000000353612e-01
1.040720000000305845e-01
2.263969999999631000e-01
3.199020000000132313e-01
1.580225999999981923e+00
3.568510000000060245e-01
2.202669999999784523e-01
1.301220000000284927e-01
2.155619999999771608e-01
3.619160000000078981e-01
9.122659999999882530e-01
3.326240000000098007e-01
1.978050000000166619e-01
2.031129999999734537e-01
2.537870000000452819e-01
3.006249999999681677e-01
3.611989999999991596e-01
3.169950000000198997e-01
1.034649999999714964e-01
1.546084000000007563e+00
3.437849999999684769e-01
2.072850000000130422e-01
3.817680000000223117e-01
3.200489999999831525e-01
9.037930000000073960e-01
3.376460000000065520e-01
1.961729999999874963e-01
2.207730000000083237e-01
2.341490000000021610e-01
1.013329999999541542e-01
2.459740000000465443e-01
3.179210000000125547e-01
1.564649999999687680e-01
1.700460000000134642e-01
1.980039999999689826e-01
7.033770000000458822e-01
3.370479999999815846e-01
1.128689000000008491e+00
7.398039999999923566e-01
7.184419999999818174e-01
3.410790000000361033e-01
1.952339999999708198e-01
9.382439999999974134e-01
7.190410000000042601e-01
7.217910000000529180e-01
5.260469999999486390e-01
2.062040000000138207e-01
7.409940000000574400e-01
5.404169999999908214e-01
1.930669999999850006e-01
7.201419999999529864e-01
7.326479999999833126e-01
7.122130000000765904e-01
