8.718999999999965667e-01
5.222049999999995862e-01
1.434515000000004648e+00
4.955799999999968009e-01
1.897510000000011132e-01
2.019930000000016435e-01
2.344330000000027781e-01
2.231189999999969586e-01
2.347899999999967235e-01
2.490069999999988681e-01
2.438490000000115288e-01
2.374669999999952097e-01
3.113809999999972433e-01
1.819950000000005730e-01
8.981740000000044688e-01
4.869049999999930378e-01
1.420426000000006184e+00
1.796369999999996026e-01
7.092469999999977404e-01
5.268719999999973425e-01
8.978090000000022997e-01
5.027439999999998577e-01
8.645520000000033178e-01
5.291069999999891138e-01
1.397531000000007850e+00
1.406497999999999138e+00
1.436295999999998685e+00
8.740430000000003474e-01
5.388030000000014752e-01
5.371789999999947440e-01
1.560759999999987713e-01
1.843580000000102359e-01
3.284859999999980573e-01
2.284160000000028390e-01
5.108880000000013410e-01
1.686259999999890624e-01
1.923870000000107439e-01
3.454589999999981842e-01
1.856719999999967285e-01
5.590849999999960573e-01
1.817109999999999559e-01
1.976879999999994197e-01
3.425670000000096138e-01
1.767849999999953070e-01
2.003959999999977981e-01
3.431990000000126884e-01
1.717109999999877346e-01
1.914699999999953661e-01
3.513060000000081118e-01
1.733399999999960528e-01
1.959829999999982419e-01
1.771209999999996398e-01
1.763109999999983302e-01
1.803440000000051668e-01
5.381039999999899237e-01
1.795800000000156160e-01
2.037279999999981328e-01
1.880579999999980600e-01
1.779659999999978481e-01
1.795989999999960673e-01
1.980000000000075033e-01
2.211109999999933962e-01
1.150949999999966167e-01
1.824900000000013733e-01
1.878370000000018081e-01
3.596620000000001482e-01
1.746610000000003993e-01
2.002049999999968577e-01
3.470900000000085583e-01
1.871770000000054779e-01
1.944649999999938927e-01
3.495519999999885385e-01
1.784110000000111995e-01
1.978629999999981237e-01
3.467399999999969396e-01
1.803589999999957172e-01
1.883920000000074424e-01
2.501390000000043301e-01
1.083610000000021500e-01
1.834739999999897009e-01
2.012930000000068276e-01
3.363200000000006185e-01
1.759689999999949350e-01
2.010030000000000427e-01
1.806389999999993279e-01
1.759420000000062601e-01
1.716209999999875890e-01
1.969010000000110949e-01
1.782690000000002328e-01
1.634889999999984411e-01
1.908940000000001191e-01
2.797449999999912507e-01
1.555070000000142727e-01
2.933199999999942520e-01
2.093500000000005912e-01
3.488490000000012969e-01
1.790170000000017581e-01
1.978089999999923521e-01
3.720859999999959200e-01
1.639790000000118653e-01
1.874849999999952388e-01
1.829149999999941656e-01
1.807590000000089958e-01
1.741229999999944766e-01
1.880270000000052733e-01
3.719090000000022656e-01
1.556019999999875836e-01
1.942720000000122127e-01
3.481169999999877973e-01
1.745190000000036434e-01
1.968600000000009231e-01
3.583800000000110231e-01
1.669509999999831962e-01
1.916460000000057562e-01
3.528799999999989723e-01
1.693199999999990268e-01
1.955719999999985248e-01
3.585650000000129012e-01
1.772079999999931488e-01
1.892289999999974270e-01
3.566969999999969332e-01
1.713370000000082882e-01
1.988859999999874617e-01
3.673900000000145383e-01
1.752929999999963684e-01
1.943449999999984357e-01
1.880000000000023874e-01
1.878540000000015198e-01
1.558899999999994179e-01
1.915629999999879374e-01
3.511400000000008959e-01
1.703250000000053888e-01
2.022960000000040282e-01
3.530599999999992633e-01
1.715599999999994907e-01
1.965150000000051023e-01
3.611849999999918737e-01
1.724000000000103228e-01
1.922919999999948004e-01
1.922459999999972524e-01
1.662230000000022301e-01
1.759070000000093614e-01
1.952369999999916672e-01
3.586619999999953734e-01
1.704610000000030823e-01
1.977770000000020900e-01
1.894149999999967804e-01
1.717299999999966076e-01
1.815780000000017935e-01
1.993180000000052132e-01
3.657619999999894844e-01
1.750330000000133168e-01
2.047500000000042064e-01
3.555809999999866022e-01
1.760930000000087148e-01
1.950669999999945503e-01
3.658149999999977808e-01
1.703609999999997626e-01
1.856810000000024274e-01
3.702260000000023865e-01
1.735649999999964166e-01
1.965210000000041646e-01
3.319339999999897373e-01
1.977290000000095915e-01
1.823979999999920665e-01
1.964710000000025047e-01
1.612420000000014397e-01
1.717670000000026675e-01
1.924219999999934316e-01
3.613280000000145264e-01
1.726909999999861611e-01
1.890440000000097598e-01
1.860179999999900247e-01
1.640070000000122263e-01
1.779909999999915726e-01
2.007669999999990296e-01
3.657979999999980691e-01
1.688290000000023383e-01
1.802390000000002601e-01
1.690800000000081127e-01
1.844939999999866131e-01
1.703920000000067603e-01
1.965760000000074115e-01
3.607219999999955462e-01
1.677739999999943166e-01
1.801150000000006912e-01
3.642360000000053333e-01
1.742709999999902948e-01
1.700940000000059626e-01
9.893200000000490490e-02
1.019419999999939819e-01
3.723020000000047958e-01
7.366409999999916636e-01
5.731470000000058462e-01
1.678430000000048494e-01
1.879559999999997899e-01
1.873329999999953088e-01
1.417229999999989332e-01
1.851309999999983802e-01
1.806139999999913925e-01
2.014150000000114460e-01
1.564589999999981274e-01
1.951049999999980855e-01
1.577419999999989386e-01
1.899200000000007549e-01
1.629400000000060800e-01
1.824230000000000018e-01
1.750519999999937681e-01
3.489199999999925694e-01
1.912740000000070495e-01
1.908980000000042310e-01
1.831669999999974152e-01
1.577479999999980009e-01
1.904889999999994643e-01
1.856450000000080536e-01
1.834179999999889787e-01
1.590810000000146829e-01
1.756439999999912516e-01
1.828359999999946695e-01
3.426070000000152049e-01
1.861849999999947158e-01
1.780319999999875336e-01
3.724180000000103519e-01
1.758899999999954389e-01
1.907319999999970150e-01
1.976540000000142072e-01
1.679499999999762849e-01
1.887660000000153104e-01
1.760050000000035197e-01
1.881139999999987822e-01
1.701370000000110849e-01
1.763089999999891688e-01
5.448759999999879255e-01
1.828590000000076543e-01
1.759210000000024365e-01
1.880590000000097461e-01
1.706609999999812999e-01
1.747720000000043683e-01
1.902329999999921029e-01
3.468639999999965084e-01
1.854580000000112250e-01
1.869999999999976126e-01
1.923220000000043228e-01
1.661660000000182436e-01
1.797649999999890724e-01
1.933879999999845722e-01
2.108360000000146783e-01
1.453380000000095151e-01
1.824399999999855027e-01
1.798210000000040054e-01
1.974469999999968195e-01
1.806679999999829533e-01
1.724620000000243181e-01
1.913239999999944985e-01
1.946610000000106311e-01
1.508899999999897545e-01
1.725009999999969068e-01
1.790840000000173404e-01
2.037719999999865195e-01
1.560349999999885995e-01
1.756630000000143355e-01
1.769469999999984111e-01
1.855060000000037235e-01
1.605819999999766878e-01
9.331100000001413264e-02
9.212600000000747968e-02
1.798119999999840957e-01
2.026660000000219952e-01
1.523639999999772954e-01
1.850969999999989568e-01
1.672930000000150130e-01
2.019359999999892352e-01
1.590240000000022746e-01
1.836939999999884776e-01
1.707930000000175141e-01
3.635239999999981819e-01
1.731520000000017490e-01
1.904290000000088412e-01
3.447719999999918628e-01
1.749770000000125947e-01
1.681149999999860256e-01
2.255030000000033397e-01
1.476490000000012515e-01
1.180269999999978836e-01
2.354739999999964084e-01
2.013450000000034379e-01
1.312689999999889778e-01
1.922959999999989122e-01
1.756730000000175096e-01
8.110299999998460407e-02
1.108130000000073778e-01
1.634510000000091168e-01
1.738799999999969259e-01
1.926619999999843458e-01
3.714300000000037016e-01
1.906230000000022073e-01
3.854310000000111813e-01
1.537659999999902993e-01
1.841600000000056525e-01
1.947310000000044283e-01
3.456500000000062300e-01
1.703309999999760294e-01
1.959499999999962938e-01
3.661780000000049995e-01
1.591560000000100672e-01
2.015999999999991132e-01
3.469780000000071141e-01
1.740259999999977936e-01
1.900149999999882766e-01
3.441459999999949559e-01
1.920330000000092241e-01
1.924830000000099517e-01
3.454369999999897800e-01
1.711290000000076361e-01
2.020860000000084256e-01
3.663999999999987267e-01
1.708589999999787779e-01
1.924460000000038917e-01
2.342259999999924958e-01
1.215150000000164709e-01
1.585329999999913753e-01
1.957460000000139644e-01
2.202659999999951879e-01
1.580849999999998090e-01
1.653160000000042373e-01
1.833840000000037662e-01
2.410939999999897054e-01
1.235679999999916845e-01
1.730280000000021801e-01
1.975040000000092277e-01
3.691479999999955908e-01
1.683090000000078135e-01
1.859519999999861284e-01
1.847360000000008995e-01
1.757929999999987558e-01
1.749959999999930460e-01
1.921390000000116061e-01
3.605159999999898446e-01
7.624800000000675482e-02
8.696800000001303488e-02
1.920899999999932106e-01
1.963830000000115206e-01
1.674149999999912097e-01
1.727600000000109048e-01
2.017079999999680240e-01
1.864160000000367745e-01
1.711249999999893134e-01
1.698739999999929751e-01
1.905250000000080490e-01
1.799419999999827269e-01
1.625699999999881129e-01
1.889570000000162509e-01
5.478080000000034033e-01
1.886499999999955435e-01
2.012770000000045911e-01
1.822870000000023083e-01
1.598370000000102209e-01
1.770939999999825432e-01
1.953290000000151849e-01
3.615669999999795436e-01
1.737390000000118562e-01
1.938879999999869597e-01
1.872110000000191121e-01
1.665659999999888896e-01
1.660060000000100899e-01
2.026599999999803003e-01
1.933640000000309556e-01
1.802319999999610900e-01
1.731760000000122091e-01
1.940299999999979264e-01
3.572340000000053806e-01
1.691199999999923875e-01
1.988110000000347100e-01
3.664749999999799002e-01
1.575849999999832107e-01
1.972150000000283399e-01
3.579990000000066175e-01
1.647239999999783322e-01
1.950769999999977244e-01
3.680390000000102191e-01
1.632399999999734064e-01
1.936130000000275686e-01
1.919000000000039563e-01
1.614849999999989905e-01
1.695529999999791926e-01
2.060480000000097789e-01
3.482209999999952288e-01
1.865449999999952979e-01
1.703230000000246491e-01
2.108429999999827942e-01
1.724640000000192686e-01
1.661509999999850606e-01
1.987000000000023192e-01
3.510589999999922384e-01
1.756719999999916126e-01
1.907730000000071868e-01
1.817650000000128330e-01
1.755789999999990414e-01
1.731169999999906395e-01
2.043129999999848678e-01
3.466950000000110776e-01
1.718079999999986285e-01
1.953880000000083328e-01
1.812520000000006348e-01
1.651500000000112323e-01
1.725899999999853662e-01
2.032039999999994961e-01
3.636189999999999145e-01
1.679829999999924439e-01
1.854240000000118016e-01
3.588019999999971787e-01
1.696139999999957126e-01
2.009290000000021337e-01
3.505609999999990123e-01
1.761209999999948650e-01
1.983119999999871652e-01
1.907600000000115870e-01
1.755990000000053897e-01
1.665550000000166619e-01
1.951189999999769498e-01
3.645070000000032451e-01
1.661540000000059081e-01
1.910450000000025739e-01
1.843189999999879092e-01
1.645410000000140371e-01
1.750959999999963657e-01
2.093350000000100408e-01
1.617390000000114014e-01
1.676359999999874617e-01
1.783439999999814063e-01
1.789520000000095479e-01
1.879440000000158761e-01
1.696079999999824395e-01
1.714930000000265409e-01
1.909309999999777574e-01
3.537749999999846295e-01
1.758660000000134005e-01
1.932860000000005130e-01
1.729189999999789507e-01
1.806020000000216896e-01
1.721890000000030341e-01
1.963439999999820884e-01
3.547390000000234522e-01
1.694059999999808497e-01
2.014050000000224827e-01
1.937649999999848660e-01
1.689059999999926731e-01
1.646489999999971587e-01
1.863330000000189557e-01
1.787300000000016098e-01
1.802729999999996835e-01
1.656219999999848369e-01
1.968770000000006348e-01
1.839359999999885531e-01
1.702680000000214022e-01
1.688910000000021228e-01
1.972439999999835436e-01
3.547300000000177533e-01
1.643589999999903739e-01
1.855909999999880711e-01
1.780730000000119162e-01
1.724570000000085201e-01
1.827480000000036853e-01
2.030589999999961037e-01
1.882999999999981355e-01
1.793099999999867578e-01
1.744830000000092696e-01
1.781389999999873908e-01
2.423380000000179280e-01
1.301159999999867978e-01
1.802370000000053096e-01
1.936919999999986430e-01
1.783540000000130021e-01
1.789869999999780248e-01
1.759190000000216969e-01
1.741379999999992378e-01
2.473679999999944812e-01
1.037599999999940792e-01
1.808430000000100790e-01
2.185420000000135587e-01
1.034709999999847696e-01
2.290209999999888169e-01
1.703160000000139007e-01
2.039870000000121308e-01
2.058869999999615175e-01
1.399810000000059063e-01
1.807320000000061100e-01
2.087420000000008713e-01
1.849919999999940501e-01
1.641180000000304062e-01
1.749779999999816482e-01
1.818260000000009313e-01
1.744400000000041473e-01
1.663729999999929987e-01
1.892220000000008895e-01
1.897890000000188593e-01
1.951639999999770225e-01
1.769060000000024502e-01
1.854170000000010532e-01
1.865900000000237924e-01
1.911519999999597985e-01
1.511330000000157270e-01
1.800110000000074706e-01
2.070260000000132550e-01
3.557709999999758566e-01
1.763589999999908287e-01
5.542110000000093351e-01
1.717820000000074288e-01
1.935229999999990014e-01
1.888920000000098298e-01
1.808489999999949305e-01
8.383800000001428998e-02
8.894499999999538886e-02
1.809929999999724259e-01
2.166740000000118016e-01
1.557779999999979736e-01
1.798880000000053769e-01
1.921450000000106684e-01
1.873349999999902593e-01
1.696509999999875618e-01
1.815590000000213422e-01
1.758669999999824540e-01
1.861490000000003420e-01
1.985549999999989268e-01
1.735960000000034142e-01
1.823910000000239506e-01
1.785379999999747724e-01
1.903070000000184336e-01
1.804619999999772517e-01
1.919840000000192504e-01
1.846759999999960655e-01
1.543489999999962947e-01
1.748419999999839547e-01
1.869920000000320215e-01
1.773149999999930060e-01
1.774379999999666779e-01
1.780990000000315376e-01
3.459649999999783176e-01
1.939169999999990068e-01
1.769439999999917745e-01
1.982420000000217897e-01
2.026820000000100208e-01
1.662859999999852789e-01
8.417900000000599903e-02
8.110700000000292675e-02
1.671430000000100335e-01
2.398589999999956035e-01
1.238490000000069813e-01
1.797909999999944830e-01
1.884649999999794545e-01
1.802840000000003329e-01
1.767100000000141335e-01
1.761260000000106629e-01
1.794839999999737756e-01
3.615210000000104174e-01
1.751649999999926877e-01
1.851859999999874162e-01
3.494030000000236669e-01
1.828469999999811080e-01
1.983590000000106102e-01
1.631959999999992306e-01
1.910870000000102209e-01
1.743160000000045784e-01
1.873840000000086548e-01
1.918409999999823867e-01
1.707389999999975316e-01
1.757090000000118835e-01
1.826140000000009422e-01
3.472720000000037999e-01
1.786209999999925913e-01
3.984379999999987376e-01
1.693160000000091259e-01
1.713029999999946540e-01
2.114779999999711890e-01
1.553870000000188156e-01
1.821800000000166619e-01
1.727719999999806078e-01
2.015119999999797074e-01
3.559160000000360924e-01
1.668789999999944484e-01
2.002069999999775973e-01
3.584230000000161453e-01
1.653660000000058972e-01
1.947399999999959164e-01
3.630259999999907450e-01
1.648120000000119489e-01
1.797809999999913089e-01
3.567510000000027048e-01
1.736150000000122873e-01
1.965939999999761767e-01
1.813710000000128275e-01
1.869370000000003529e-01
1.648099999999885767e-01
1.922030000000063410e-01
1.990880000000174732e-01
1.578719999999975698e-01
1.685399999999788179e-01
1.966620000000034452e-01
3.631699999999966622e-01
1.757379999999955089e-01
1.885230000000035488e-01
1.875220000000297205e-01
1.748749999999859028e-01
1.712299999999800093e-01
2.011790000000246437e-01
3.655929999999898428e-01
1.638739999999927477e-01
1.902609999999924639e-01
1.914860000000260243e-01
1.625029999999867414e-01
1.702559999999948559e-01
1.211240000000088912e-01
7.836000000000353793e-02
1.727300000000013824e-01
1.943829999999877600e-01
1.591070000000058826e-01
1.941899999999918691e-01
1.898580000000151813e-01
1.740679999999770189e-01
1.704260000000203945e-01
1.821410000000014406e-01
8.744199999998159001e-02
9.153600000001915760e-02
1.600579999999922620e-01
8.069400000002246998e-02
9.235599999996679799e-02
2.116670000000340224e-01
5.140059999999664342e-01
5.905020000000149594e-01
1.619430000000079417e-01
1.874569999999948777e-01
3.461949999999944794e-01
1.681900000000098316e-01
1.957379999999773190e-01
1.913739999999961583e-01
1.761999999999943611e-01
1.736870000000294567e-01
1.934530000000052041e-01
1.824189999999816791e-01
1.678489999999897009e-01
1.768969999999967513e-01
1.911850000000185901e-01
1.873710000000130549e-01
1.778119999999887568e-01
1.679829999999924439e-01
1.935540000000059990e-01
3.519870000000082655e-01
1.736809999999877618e-01
1.997950000000230375e-01
1.846119999999871197e-01
1.746829999999874872e-01
1.770319999999969696e-01
2.027160000000094442e-01
1.648010000000112996e-01
1.748010000000022046e-01
1.720990000000028886e-01
1.991329999999607026e-01
3.586430000000291329e-01
1.707729999999969550e-01
1.902709999999956381e-01
3.684810000000027230e-01
1.765339999999753218e-01
2.039630000000158816e-01
3.660900000000140153e-01
1.755839999999864176e-01
1.708610000000021500e-01
1.972039999999992688e-01
1.702999999999974534e-01
1.733529999999916527e-01
1.912880000000143355e-01
1.796219999999948413e-01
1.852730000000235577e-01
1.700119999999856191e-01
1.881969999999739684e-01
1.875410000000385935e-01
1.722669999999766333e-01
1.689709999999990941e-01
2.013380000000211112e-01
3.594760000000007949e-01
1.774249999999994998e-01
1.882200000000011642e-01
1.818549999999845568e-01
1.731500000000210093e-01
1.707799999999792817e-01
2.020339999999976044e-01
3.655249999999909960e-01
1.723190000000158761e-01
1.935110000000008768e-01
3.598320000000114760e-01
1.714029999999979736e-01
2.007349999999803458e-01
3.644570000000157961e-01
1.673319999999876018e-01
1.950230000000203745e-01
1.871099999999614738e-01
1.646590000000287546e-01
1.650199999999983902e-01
2.014939999999967313e-01
3.531030000000043856e-01
1.801739999999938391e-01
1.900479999999902248e-01
1.807850000000144064e-01
1.731989999999825613e-01
1.642669999999952779e-01
2.071660000000292712e-01
3.668490000000019791e-01
1.689339999999788233e-01
1.885950000000207183e-01
1.960139999999910287e-01
1.626959999999826323e-01
1.681969999999921583e-01
1.990140000000337750e-01
3.629789999999957217e-01
1.700889999999901647e-01
1.934100000000000819e-01
1.848970000000065284e-01
1.731130000000007385e-01
1.696189999999830889e-01
2.008060000000000400e-01
3.492130000000202017e-01
1.751009999999837419e-01
1.934550000000001546e-01
1.852289999999925385e-01
1.693100000000242744e-01
1.660060000000100899e-01
1.983729999999752636e-01
3.551589999999862357e-01
1.648749999999949978e-01
1.870470000000352684e-01
1.838159999999788852e-01
1.788470000000188520e-01
3.209589999999877818e-01
1.362459999999998672e-01
1.089000000000055479e-01
3.510119999999972151e-01
7.232910000000174477e-01
3.819619999999872562e-01
1.947429999999883421e-01
1.635819999999910124e-01
1.939860000000237505e-01
3.552169999999819083e-01
1.906270000000063192e-01
1.740520000000174150e-01
1.880439999999907741e-01
1.803950000000043019e-01
2.029719999999883839e-01
3.381090000000313012e-01
1.676179999999476422e-01
1.820810000000108175e-01
1.889330000000200016e-01
1.750239999999791962e-01
1.862320000000181608e-01
1.770279999999786469e-01
1.827240000000358577e-01
1.889449999999612828e-01
1.540340000000242071e-01
1.940359999999827778e-01
1.740790000000060900e-01
3.645560000000216405e-01
3.569709999999872707e-01
1.883359999999925094e-01
1.677319999999724587e-01
1.857410000000356831e-01
1.803519999999991796e-01
1.806700000000205364e-01
1.801429999999584197e-01
8.363099999999690226e-02
9.465700000004062531e-02
1.843099999999537886e-01
1.977440000000569853e-01
1.492389999999659267e-01
1.822510000000079344e-01
1.826360000000022410e-01
1.965109999999867796e-01
1.594360000000278887e-01
1.776759999999910633e-01
3.689579999999921256e-01
1.673850000000243199e-01
1.804109999999639058e-01
1.808330000000069049e-01
1.963259999999991123e-01
1.755410000000097170e-01
1.745859999999765932e-01
1.918930000000216296e-01
1.848229999999944084e-01
1.550200000000359069e-01
1.894679999999482334e-01
1.771839999999826887e-01
1.891900000000532600e-01
1.712520000000097298e-01
1.774909999999465526e-01
3.757900000000518048e-01
1.676499999999805368e-01
1.834460000000035507e-01
1.781369999999640186e-01
2.060660000000211767e-01
1.820560000000170930e-01
1.669770000000028176e-01
1.780660000000011678e-01
1.958029999999837401e-01
1.519089999999891916e-01
1.896389999999996689e-01
1.847790000000202326e-01
1.928109999999776392e-01
1.595410000000185846e-01
3.436339999999802330e-01
2.623970000000213076e-01
8.975499999996827682e-02
1.870930000000328164e-01
1.753319999999689571e-01
1.989530000000456766e-01
1.708219999999585070e-01
1.764359999999953743e-01
1.880020000000115488e-01
1.884710000000211494e-01
1.674170000000003711e-01
1.797949999999843840e-01
1.764579999999966731e-01
1.807939999999916836e-01
1.875470000000234450e-01
1.708120000000121763e-01
1.850169999999877746e-01
1.938899999999819102e-01
1.594110000000057425e-01
1.771080000000040400e-01
1.707220000000120308e-01
1.987249999999960437e-01
1.733139999999764314e-01
1.716910000000098080e-01
1.767330000000129075e-01
1.947489999999731936e-01
1.601360000000227046e-01
1.867429999999785650e-01
1.773160000000189029e-01
1.902160000000208129e-01
1.744579999999587017e-01
1.716539999999895372e-01
1.977330000000279142e-01
3.428910000000087166e-01
1.793769999999881293e-01
3.714719999999829270e-01
1.833000000000026830e-01
1.786680000000160362e-01
1.781609999999886895e-01
3.487170000000503478e-01
1.777479999999798110e-01
1.947319999999876927e-01
3.648620000000164509e-01
1.771269999999844913e-01
1.842550000000073851e-01
3.423319999999705487e-01
8.392800000001443550e-02
9.806400000002213346e-02
1.900689999999940483e-01
2.030429999999796564e-01
1.534680000000037126e-01
1.838020000000142318e-01
1.811409999999966658e-01
2.095589999999845077e-01
1.416540000000168220e-01
1.731759999999837873e-01
1.987220000000036180e-01
1.829549999999926513e-01
1.797149999999874126e-01
1.741420000000459822e-01
1.883969999999806078e-01
1.914370000000076288e-01
1.669870000000059918e-01
1.804190000000005512e-01
5.457040000000006330e-01
1.681299999999623651e-01
1.870350000000087221e-01
1.951680000000237669e-01
1.636559999999747106e-01
1.664900000000386626e-01
1.850379999999915981e-01
1.804339999999626798e-01
1.842520000000149594e-01
1.618160000000159471e-01
1.871439999999893189e-01
1.906990000000234886e-01
1.690329999999562460e-01
1.866520000000093660e-01
1.803329999999903066e-01
1.862800000000390810e-01
2.067920000000071923e-01
1.400589999999795054e-01
1.879220000000145774e-01
1.906469999999842457e-01
1.758669999999824540e-01
1.650070000000312120e-01
1.819879999999898246e-01
9.976099999997245504e-02
9.223400000004744470e-02
1.693500000000085493e-01
1.706349999999474676e-01
1.665280000000279870e-01
9.696059999999988577e-01
3.593630000000018754e-01
5.449250000000063210e-01
1.717989999999645079e-01
2.012039999999899464e-01
1.832580000000234577e-01
1.714399999999898228e-01
1.713770000000067739e-01
2.010689999999897282e-01
1.818720000000269010e-01
1.639600000000029922e-01
1.685459999999920910e-01
1.985640000000046257e-01
1.653359999999963748e-01
1.974060000000008586e-01
1.667520000000024538e-01
1.976190000000030977e-01
1.855469999999570518e-01
1.707080000000189557e-01
1.708550000000172986e-01
2.003579999999658412e-01
1.897740000000283089e-01
1.631839999999726842e-01
1.800620000000208165e-01
1.926890000000298642e-01
2.259529999999756456e-01
1.150070000000198434e-01
1.779759999999726006e-01
1.941170000000056461e-01
1.955360000000325726e-01
1.712589999999920565e-01
1.711449999999672400e-01
1.945870000000127220e-01
3.484310000000050422e-01
1.793939999999736301e-01
1.880010000000424952e-01
3.675179999999613756e-01
3.567229999999881329e-01
3.546840000000486270e-01
1.710869999999715674e-01
1.936880000000371638e-01
3.739069999999742322e-01
1.734309999999936736e-01
1.959259999999858337e-01
3.609300000000246200e-01
1.654390000000205418e-01
1.952639999999519205e-01
3.543850000000077216e-01
1.691760000000215314e-01
1.881469999999865195e-01
1.879819999999767788e-01
1.679479999999955453e-01
1.733820000000321215e-01
1.923179999999717893e-01
3.735100000000102227e-01
1.600590000000465807e-01
1.931129999999825486e-01
1.964219999999841093e-01
1.720249999999907686e-01
1.674690000000396140e-01
1.979779999999777829e-01
1.806019999999932679e-01
1.606930000000375003e-01
1.663909999999475531e-01
1.837620000000299569e-01
1.913519999999948595e-01
1.788750000000050022e-01
9.069700000000580076e-02
9.210999999996261067e-02
1.929140000000302280e-01
3.661779999999623669e-01
3.642140000000324562e-01
1.875720000000171694e-01
1.754009999999652791e-01
1.599400000000059663e-01
2.087659999999971205e-01
3.513510000000223954e-01
1.676540000000272812e-01
1.988119999999753418e-01
3.590439999999830434e-01
8.419599999996307815e-02
8.831200000003036621e-02
1.981700000000046202e-01
3.638339999999971042e-01
8.155899999997018313e-02
8.762000000001535227e-02
1.878439999999841348e-01
2.393560000000434229e-01
1.165209999999774482e-01
1.688750000000140972e-01
1.968630000000075597e-01
2.428899999999885040e-01
1.197990000000004329e-01
1.448629999999866413e-01
2.300730000000044129e-01
1.712479999999914071e-01
1.656510000000253058e-01
1.811009999999555475e-01
1.964570000000662731e-01
3.709279999999921529e-01
1.672239999999760585e-01
1.950520000000324217e-01
1.944179999999846586e-01
1.581219999999916581e-01
1.641160000000354557e-01
2.033379999999738175e-01
3.558959999999729007e-01
1.661560000000008586e-01
1.889199999999959800e-01
2.781950000000392720e-01
7.892599999996718907e-02
1.705519999999864922e-01
1.943720000000439541e-01
3.683209999999803586e-01
1.615590000000111104e-01
1.896610000000009677e-01
2.714789999999993597e-01
1.081520000000182335e-01
1.617449999999394095e-01
2.007629999999949177e-01
1.862240000000383588e-01
1.685860000000047876e-01
1.696469999999976608e-01
1.975659999999948013e-01
1.868529999999850588e-01
1.675870000000259097e-01
1.777960000000007312e-01
1.941549999999665488e-01
1.760580000000118162e-01
1.751790000000141845e-01
1.877620000000206346e-01
1.756659999999783395e-01
1.985579999999913525e-01
1.779539999999997235e-01
1.671190000000137843e-01
1.962490000000229884e-01
3.442869999999516040e-01
1.705170000000180153e-01
1.893509999999878346e-01
1.948980000000233304e-01
1.697800000000029286e-01
1.729210000000307446e-01
1.917869999999197717e-01
3.659650000000738146e-01
1.749649999999860484e-01
1.934650000000033288e-01
3.516649999999685861e-01
1.735350000000153159e-01
1.973839999999995598e-01
2.088850000000093132e-01
1.504329999999640677e-01
1.095660000000293621e-01
2.482660000000009859e-01
1.890880000000265682e-01
9.938199999999142165e-02
8.756299999998873318e-02
1.638949999999681495e-01
2.050179999999954816e-01
3.321690000000216969e-01
2.064490000000205328e-01
1.896399999999403008e-01
3.509850000000369619e-01
1.757350000000315049e-01
2.007319999999594984e-01
3.583249999999793545e-01
1.609500000000139153e-01
1.852510000000506807e-01
1.827819999999746869e-01
1.788009999999644606e-01
1.693850000000338696e-01
1.926760000000058426e-01
1.918939999999906831e-01
1.681590000000028340e-01
1.775410000000192667e-01
1.888319999999339416e-01
3.636450000000195359e-01
1.728400000000078762e-01
1.967149999999833199e-01
3.646430000000577820e-01
1.660509999999248976e-01
1.790770000000065920e-01
1.847620000000347318e-01
1.798510000000419495e-01
1.792799999999488136e-01
1.878899999999816828e-01
1.867880000000354812e-01
2.542720000000144864e-01
1.118329999999900792e-01
4.120909999999753381e-01
1.357249999999794454e-01
1.739320000000361688e-01
1.814120000000229993e-01
1.949279999999475876e-01
1.691710000000057335e-01
1.845390000000293185e-01
1.825919999999996435e-01
2.013789999999744396e-01
3.531250000000341061e-01
6.045579999999972642e-01
1.488759999999729189e-01
1.854710000000068248e-01
1.843160000000239052e-01
1.658830000000079963e-01
1.700359999999818683e-01
1.997709999999983665e-01
1.913660000000163564e-01
1.635909999999967113e-01
1.647809999999481079e-01
1.890240000000176224e-01
1.909660000000599211e-01
1.793439999999577594e-01
1.732049999999958345e-01
1.879230000000120526e-01
2.077160000000048967e-01
1.688179999999874781e-01
1.669949999999857937e-01
1.968520000000353321e-01
2.070850000000064028e-01
1.561669999999821812e-01
1.673700000000053478e-01
1.985429999999723805e-01
1.937770000000114123e-01
1.604379999999991924e-01
1.768920000000093751e-01
1.896550000000161162e-01
1.890629999999760003e-01
1.705189999999561223e-01
1.706690000000889995e-01
1.960639999999216343e-01
1.883750000000077307e-01
1.786769999999933134e-01
1.705240000000571854e-01
1.903409999999325919e-01
2.052680000000464133e-01
1.692879999999945539e-01
1.643139999999903011e-01
2.027500000000372893e-01
1.833619999999882566e-01
1.758439999999836800e-01
1.723509999999919273e-01
1.899999999999977263e-01
1.870260000000030232e-01
1.702679999999645588e-01
1.678470000000515938e-01
1.952089999999770953e-01
3.736800000000357613e-01
1.718399999999746797e-01
1.941170000000056461e-01
2.154140000000097643e-01
1.351310000000012224e-01
1.737840000000119289e-01
2.001569999999333049e-01
1.935680000000274958e-01
1.709760000000528635e-01
1.703440000000000509e-01
1.853560000000129548e-01
1.894669999999791798e-01
1.721749999999815373e-01
1.710739999999759675e-01
1.982730000000287873e-01
1.803499999999758074e-01
1.810110000000122454e-01
1.797550000000001091e-01
1.695109999999999673e-01
1.987619999999878928e-01
1.651290000000358305e-01
1.668459999999640786e-01
2.029400000000123327e-01
1.931839999999738211e-01
1.679610000000479886e-01
1.664719999999419997e-01
1.825950000000489126e-01
1.906419999999684478e-01
1.613140000000043983e-01
1.778640000000564214e-01
1.943259999999327192e-01
1.872160000000349100e-01
1.811519999999973152e-01
1.783679999999776555e-01
1.815270000000168693e-01
2.239829999999756183e-01
1.399770000000444270e-01
1.734759999999937463e-01
1.994449999999687861e-01
1.963970000000472282e-01
1.574519999999779429e-01
1.753229999999916799e-01
1.791880000000105611e-01
1.869239999999763313e-01
1.713540000000079999e-01
1.699100000000157706e-01
1.955979999999613028e-01
2.075040000000285545e-01
1.646700000000009823e-01
1.716270000000008622e-01
1.843670000000088294e-01
2.040319999999837819e-01
1.701219999999921129e-01
1.711429999999722895e-01
1.970060000000444234e-01
1.840760000000045693e-01
1.745809999999892170e-01
1.714089999999828251e-01
1.827670000000125583e-01
1.893550000000345790e-01
1.695909999999685169e-01
1.693040000000110012e-01
1.934969999999793799e-01
1.919990000000098007e-01
1.776810000000068612e-01
1.707430000000158543e-01
1.873069999999756874e-01
1.927220000000033906e-01
1.726620000000025357e-01
1.669940000000451619e-01
2.019709999999577121e-01
1.907229999999913161e-01
1.649300000000266664e-01
1.676009999999905631e-01
1.863869999999678839e-01
1.921150000000011460e-01
1.715780000000108885e-01
1.712689999999952306e-01
1.943339999999693646e-01
2.207940000000121472e-01
1.521170000000324762e-01
1.745359999999891443e-01
1.840040000000158216e-01
2.226289999999835345e-01
1.312900000000354339e-01
1.706199999999853389e-01
2.005529999999566826e-01
1.939220000000432265e-01
1.659679999999639222e-01
1.740080000000148175e-01
1.864390000000071268e-01
1.919500000000198270e-01
1.625129999999899155e-01
1.743149999999786814e-01
2.001829999999813481e-01
2.227930000000242217e-01
1.527460000000360196e-01
1.779819999999858737e-01
1.876809999999977663e-01
2.198359999999865977e-01
1.495229999999878601e-01
1.730749999999829924e-01
2.001420000000280197e-01
1.949230000000170548e-01
1.580690000000117834e-01
1.739900000000034197e-01
1.825139999999692009e-01
1.861519999999927677e-01
1.557250000000180989e-01
1.766569999999774154e-01
1.939230000000407017e-01
2.363629999999830034e-01
1.281040000000075452e-01
1.797249999999621650e-01
1.869669999999814536e-01
2.440379999999890970e-01
1.445400000000631735e-01
1.658739999999738757e-01
2.000390000000038526e-01
1.920310000000426953e-01
1.675179999999159008e-01
1.705760000000395848e-01
1.879839999999717293e-01
1.862100000000168620e-01
1.705690000000004147e-01
1.732420000000161053e-01
1.881890000000225882e-01
1.972309999999879437e-01
3.555690000000026885e-01
3.850760000000263972e-01
1.555599999999230931e-01
1.769880000000512155e-01
1.934559999999692081e-01
1.958570000000463551e-01
1.730139999999664724e-01
1.712420000000065556e-01
1.765300000000138425e-01
1.967750000000023647e-01
1.620950000000220825e-01
1.810489999999731481e-01
7.434379999999691790e-01
1.948440000000459804e-01
1.924480000000130531e-01
1.614619999999149513e-01
1.682940000000030523e-01
2.058250000000043656e-01
3.474360000000729087e-01
1.729709999999613501e-01
1.869469999999751053e-01
1.896550000000161162e-01
1.693300000000022010e-01
1.698250000000030013e-01
1.958230000000185100e-01
2.000140000000101281e-01
1.724649999999883221e-01
1.787169999999491665e-01
1.935600000000476939e-01
2.152700000000322689e-01
1.381929999999442771e-01
1.670560000000023138e-01
2.017110000000457148e-01
2.057399999999915963e-01
1.490779999999745087e-01
1.730830000000196378e-01
1.807719999999903848e-01
1.896320000000173422e-01
1.638919999999757238e-01
1.743379999999774554e-01
1.972020000000043183e-01
1.967539999999985412e-01
1.725560000000427863e-01
1.817289999999616157e-01
1.937899999999785905e-01
1.924480000000130531e-01
1.702650000000289765e-01
1.653220000000032996e-01
1.945249999999987267e-01
1.854500000000030013e-01
1.614599999999768443e-01
1.753940000000397959e-01
1.847799999999324427e-01
1.883800000000519503e-01
1.656800000000089312e-01
1.687779999999747815e-01
1.996619999999893480e-01
1.830190000000015971e-01
1.823180000000093059e-01
1.803220000000465006e-01
1.846329999999625215e-01
2.046469999999658285e-01
1.566860000000360742e-01
1.696729999999888605e-01
1.926599999999893953e-01
2.090070000000423533e-01
1.369940000000156033e-01
1.708629999999402571e-01
1.825420000000121945e-01
3.457040000000120017e-01
1.906809999999836691e-01
3.666130000000293876e-01
1.842689999999720385e-01
1.798170000000141044e-01
2.023979999999596657e-01
2.097090000000321197e-01
1.362029999999663232e-01
1.672250000000303771e-01
2.020229999999969550e-01
1.864419999999995525e-01
1.629100000000107684e-01
1.739949999999907959e-01
1.866430000000036671e-01
1.897459999999568936e-01
1.713790000000017244e-01
1.725210000000174659e-01
1.917290000000093642e-01
2.179930000000354084e-01
1.569180000000187647e-01
1.695419999999785432e-01
1.963629999999625397e-01
2.030629999999860047e-01
1.604910000000359105e-01
1.678330000000300970e-01
2.002909999999928914e-01
2.071609999999850515e-01
1.479170000000067375e-01
1.735529999999698703e-01
1.806250000000204636e-01
1.944379999999910069e-01
1.641319999999950596e-01
1.779200000000287218e-01
1.985009999999647334e-01
2.466100000000324144e-01
1.148649999999520332e-01
1.826310000000148648e-01
1.781140000000505097e-01
1.896419999999920947e-01
1.647659999999859792e-01
1.693710000000123728e-01
1.985859999999775027e-01
1.780059999999821230e-01
1.660070000000359869e-01
1.669519999999806714e-01
1.877180000000180371e-01
1.839459999999917272e-01
1.706209999999828142e-01
1.740070000000173422e-01
2.069070000000010623e-01
3.640449999999759711e-01
1.660449999999968895e-01
1.810909999999807951e-01
1.827870000000189066e-01
1.784499999999979991e-01
1.736240000000179862e-01
1.931199999999648753e-01
1.837439999999901374e-01
3.250650000000518958e-01
1.961949999999887950e-01
3.516890000000216787e-01
1.714799999999740976e-01
5.444170000000099208e-01
1.755590000000211148e-01
1.820779999999899701e-01
2.015489999999999782e-01
1.546809999999823049e-01
1.711329999999975371e-01
2.036870000000021719e-01
1.841169999999578977e-01
1.645020000000272375e-01
1.732059999999933098e-01
1.778810000000135005e-01
9.437000000002626621e-02
9.599299999996446786e-02
3.549130000000104701e-01
5.396349999999756619e-01
1.773680000000581458e-01
1.723569999999767788e-01
3.675250000000005457e-01
3.522679999999809297e-01
1.853080000000204564e-01
1.785669999999868196e-01
3.260620000000358232e-01
2.114329999999995380e-01
3.495360000000005130e-01
5.303159999999706997e-01
1.731070000000158871e-01
2.013640000000123109e-01
3.592620000000010805e-01
1.826529999999593201e-01
1.843360000000302534e-01
1.993600000000128603e-01
1.017629999999485335e-01
1.209200000000123509e-01
1.156790000000000873e-01
1.173020000000519758e-01
1.182569999999714128e-01
1.269749999999589818e-01
1.124390000000516920e-01
9.486499999997022314e-02
1.254779999999868778e-01
1.406539999999836255e-01
1.105820000000221626e-01
1.099830000000565633e-01
2.183309999999210049e-01
1.413140000000225882e-01
1.850249999999959982e-01
1.969510000000127548e-01
1.728630000000066502e-01
1.737610000000131549e-01
2.021879999999782740e-01
1.828510000000278524e-01
1.620749999999588908e-01
1.813100000000531509e-01
1.900659999999447791e-01
1.960970000000088476e-01
1.694790000000239161e-01
1.768509999999992033e-01
2.026970000000005712e-01
1.932560000000194123e-01
1.731979999999566644e-01
1.673490000000015243e-01
1.823769999999740321e-01
2.000110000000745458e-01
1.800189999999588508e-01
1.844770000000153232e-01
1.839650000000006003e-01
1.870690000000081454e-01
1.033859999999435786e-01
1.049390000000585133e-01
1.193859999999631327e-01
3.622490000000198052e-01
1.075050000000032924e-01
1.050720000000069376e-01
1.155449999999973443e-01
4.181499999999687134e-01
1.497229999999944994e-01
1.871790000000146392e-01
1.853400000000533510e-01
3.687249999999835381e-01
3.746579999999539723e-01
3.625230000000101427e-01
3.711690000000089640e-01
1.870279999999979736e-01
3.486950000000206273e-01
3.975689999999758584e-01
1.779460000000199216e-01
1.721269999999890388e-01
1.918039999999905376e-01
3.815159999999764295e-01
1.711170000000379332e-01
1.576230000000009568e-01
2.097500000000422915e-01
3.374729999999885877e-01
1.910989999999515021e-01
1.772070000000098844e-01
1.718789999999899010e-01
1.783019999999737593e-01
3.764600000000086766e-01
3.685570000000097934e-01
3.786130000000298423e-01
1.658739999999738757e-01
1.635490000000459077e-01
2.127249999999776264e-01
1.904460000000085529e-01
1.625500000000101863e-01
1.718779999999355823e-01
1.942100000000550608e-01
1.982479999999782194e-01
1.604879999999866413e-01
1.766370000000279106e-01
2.026930000000106702e-01
2.072049999999876491e-01
1.579269999999723950e-01
1.759640000000217697e-01
2.204449999999837928e-01
1.626110000000267064e-01
1.677859999999782303e-01
1.658649999999965985e-01
2.030730000000176005e-01
1.869429999999852043e-01
1.741630000000213840e-01
1.687319999999772335e-01
1.895519999999919492e-01
1.887510000000247601e-01
1.659139999999865722e-01
1.700130000000399377e-01
1.967039999999542488e-01
1.828429999999912070e-01
1.771400000000653563e-01
1.780719999999291758e-01
1.859499999999911779e-01
2.092020000000047730e-01
1.740680000000338623e-01
1.647140000000035798e-01
2.083349999999768443e-01
1.849630000000388463e-01
1.647459999999796310e-01
1.669590000000198415e-01
1.887810000000058608e-01
1.827449999999544161e-01
1.571860000000242508e-01
1.790699999999674219e-01
2.020919999999932770e-01
1.843810000000303262e-01
1.803530000000250766e-01
1.832140000000208602e-01
1.823559999999133652e-01
1.861580000000344626e-01
1.709629999999719985e-01
1.706230000000346081e-01
1.959539999999719839e-01
1.827460000000655782e-01
1.622939999999744032e-01
1.782010000000013861e-01
1.864620000000059008e-01
1.815179999999827487e-01
1.768930000000068503e-01
1.722579999999993561e-01
1.752009999999586398e-01
1.911130000000298423e-01
3.564900000000079672e-01
1.875279999999861502e-01
1.986019999999939500e-01
1.669610000000147920e-01
1.660139999999614702e-01
1.920630000000755899e-01
1.929419999999595348e-01
1.670350000000553337e-01
1.759669999999573520e-01
1.829710000000090986e-01
1.873209999999971842e-01
3.514239999999517750e-01
3.988160000000107175e-01
1.870980000000486143e-01
1.716189999999642168e-01
1.786649999999667671e-01
1.990820000000326218e-01
1.763379999999870051e-01
1.805780000000254404e-01
1.728559999999674801e-01
1.884890000000041255e-01
1.091100000000437831e-01
1.034399999999777719e-01
1.187299999999709144e-01
1.238700000000108048e-01
1.107160000000249056e-01
1.246840000000020154e-01
1.054409999999847969e-01
1.171750000000315595e-01
1.269669999999791798e-01
1.161140000000386863e-01
1.202429999999594656e-01
1.265200000000277214e-01
3.634459999999535285e-01
4.126110000000267064e-01
1.387659999999755200e-01
1.618290000000115469e-01
2.051000000000158252e-01
1.906250000000113687e-01
1.767729999999687607e-01
1.702010000000200307e-01
1.854549999999903775e-01
1.899170000000367509e-01
1.665819999999484935e-01
1.778350000000159525e-01
2.072939999999903193e-01
1.812560000000189575e-01
1.666549999999915599e-01
1.793519999999944048e-01
1.913969999999949323e-01
2.250090000000000146e-01
1.438950000000431828e-01
1.600779999999417669e-01
1.997870000000148138e-01
1.967620000000351865e-01
1.614829999999756183e-01
1.637069999999880565e-01
1.853629999999952815e-01
1.859840000000190230e-01
1.679520000000138680e-01
1.734230000000138716e-01
1.849389999999289103e-01
1.854570000000421715e-01
1.632940000000075997e-01
1.866339999999695465e-01
1.881979999999998654e-01
1.917609999999854153e-01
1.636760000000663240e-01
1.672289999999634347e-01
1.953940000000216060e-01
1.882889999999974862e-01
1.650489999999535939e-01
1.731780000000640030e-01
1.882329999999683423e-01
1.875630000000114705e-01
1.699709999999754473e-01
1.714470000000005712e-01
1.983309999999960382e-01
1.879370000000335494e-01
1.813849999999774809e-01
1.763839999999845531e-01
1.848150000000146065e-01
2.225240000000212603e-01
1.516759999999521824e-01
1.659810000000447872e-01
2.016740000000254440e-01
1.882269999999834909e-01
1.628279999999904248e-01
1.715249999999741704e-01
1.853430000000457767e-01
1.837239999999837892e-01
1.740469999999731954e-01
1.756690000000276086e-01
1.976629999999772735e-01
1.904309999999895808e-01
1.737570000000232540e-01
1.756469999999694664e-01
1.884330000000318250e-01
1.924940000000106011e-01
1.671489999999380416e-01
1.640280000000302607e-01
2.027390000000082182e-01
1.934770000000298751e-01
1.660499999999842657e-01
1.766489999999976135e-01
1.867209999999772663e-01
1.862830000000030850e-01
1.656970000000228538e-01
1.673729999999977736e-01
1.968180000000074870e-01
1.992740000000026157e-01
1.682739999999967040e-01
1.789610000000152468e-01
1.835689999999772226e-01
2.250850000000355067e-01
1.429339999999683641e-01
1.659730000000081418e-01
2.045620000000099026e-01
1.839329999999677057e-01
1.685949999999820648e-01
1.686670000000276559e-01
1.893979999999828578e-01
1.876599999999939428e-01
1.700450000000159889e-01
1.668099999999981264e-01
2.016790000000128202e-01
1.923140000000103100e-01
1.780200000000036198e-01
1.727109999999925094e-01
1.867029999999658685e-01
2.046680000000264954e-01
1.560220000000072105e-01
1.742219999999861102e-01
2.080030000000192558e-01
1.918630000000121072e-01
1.637180000000171276e-01
1.786789999999314205e-01
1.770999999999958163e-01
1.908570000000509026e-01
1.661639999999806605e-01
1.783350000000041291e-01
2.043840000000045620e-01
2.093899999999848660e-01
1.559199999999805186e-01
1.652680000000259497e-01
1.832839999999578140e-01
2.295480000000225118e-01
1.363579999999728898e-01
1.690360000000623586e-01
2.012179999999830216e-01
1.893509999999878346e-01
1.714040000000522923e-01
1.674609999999461252e-01
1.895860000000197942e-01
1.836450000000127147e-01
1.661520000000109576e-01
1.708229999999844040e-01
1.944389999999316387e-01
1.908440000000837244e-01
1.810649999999895954e-01
1.665629999999964639e-01
1.807959999999866341e-01
1.952430000000049404e-01
1.645129999999994652e-01
1.707129999999779102e-01
2.007340000000112923e-01
1.926399999999830470e-01
1.615050000000337604e-01
1.729129999999372558e-01
1.888900000000717228e-01
1.795849999999745705e-01
1.920190000000161490e-01
1.676809999999591128e-01
1.877760000000421314e-01
1.800309999999853972e-01
1.743399999999724059e-01
1.831109999999966931e-01
1.687959999999861793e-01
3.688570000000481741e-01
1.652310000000056789e-01
1.887059999999678439e-01
1.774450000000342698e-01
1.653850000000147702e-01
1.687739999999280371e-01
1.783110000000647233e-01
1.900420000000053733e-01
1.655829999999696156e-01
1.780679999999961183e-01
1.924169999999776337e-01
1.827870000000189066e-01
3.637760000000298533e-01
1.880009999999856518e-01
1.901169999999865468e-01
1.771009999999932916e-01
1.712899999999990541e-01
1.930820000000039727e-01
2.004239999999981592e-01
1.495820000000094296e-01
1.716979999999921347e-01
1.854010000000130276e-01
1.854830000000333712e-01
1.625459999999634420e-01
1.757660000000100808e-01
1.905999999999608008e-01
2.187920000000644905e-01
1.457989999999540487e-01
1.793910000000096261e-01
1.893220000000042091e-01
2.085250000000087311e-01
1.743389999999749307e-01
1.720510000000103901e-01
1.905100000000174987e-01
1.830249999999864485e-01
1.764370000000212713e-01
1.628640000000132204e-01
1.887709999999742649e-01
1.839049999999815554e-01
1.666309999999953106e-01
1.671210000000087348e-01
1.953550000000063847e-01
1.951280000000110704e-01
1.734359999999810498e-01
1.741329999999834399e-01
1.949190000000271539e-01
1.879050000000006548e-01
1.704900000000293403e-01
1.667729999999778556e-01
1.940029999999524080e-01
2.034390000000598775e-01
1.446569999999383072e-01
1.762060000000360560e-01
1.841169999999578977e-01
1.896710000000894070e-01
1.666749999999979082e-01
1.741349999999215470e-01
1.873850000000061300e-01
2.109790000000089094e-01
1.555740000000582768e-01
1.725480000000061409e-01
1.845329999999307802e-01
2.059120000000120854e-01
1.752070000000571781e-01
1.712409999999522370e-01
1.933419999999728134e-01
1.833880000000362998e-01
1.620530000000144355e-01
1.658009999999876527e-01
1.839980000000309701e-01
1.907719999999812899e-01
1.679209999999784486e-01
1.720339999999964675e-01
3.768249999999966349e-01
1.837230000000431573e-01
1.790929999999661959e-01
1.963669999999524407e-01
1.908970000000635991e-01
1.661919999999668107e-01
1.756700000000250839e-01
2.070009999999911088e-01
2.049169999999662650e-01
1.469160000000329092e-01
1.767760000000180298e-01
1.939639999999940301e-01
1.895250000000032742e-01
1.663249999999720785e-01
1.746699999999918873e-01
1.973360000000070613e-01
1.874419999999759057e-01
1.813060000000632499e-01
1.776550000000156615e-01
1.866489999999885185e-01
1.952249999999935426e-01
1.625659999999697902e-01
1.728680000000508699e-01
2.005749999999579813e-01
1.999519999999961328e-01
1.577320000000099753e-01
1.781799999999975626e-01
1.823049999999852844e-01
1.893029999999953361e-01
1.719459999999912725e-01
1.619059999999876709e-01
1.972579999999766187e-01
1.877730000000497057e-01
1.782010000000013861e-01
1.759030000000052496e-01
1.887719999999717402e-01
2.276290000000358305e-01
1.454509999999800129e-01
1.789090000000328473e-01
1.992149999999810461e-01
1.857799999999656393e-01
1.788800000001060653e-01
1.672789999998940402e-01
1.925749999999766260e-01
1.839260000000990658e-01
1.740509999999630963e-01
1.761139999999841166e-01
1.850760000000377659e-01
1.798220000000014807e-01
1.845219999999585525e-01
1.764120000000275468e-01
1.791839999999638167e-01
1.794230000000425207e-01
1.809830000000260952e-01
1.827909999998951207e-01
5.771260000000779655e-01
2.614750000000185537e-01
1.139929999999367283e-01
1.352910000000520085e-01
1.127119999999877109e-01
1.262300000000209366e-01
2.397359999999935098e-01
2.472170000000346590e-01
1.185229999999251049e-01
1.249679999999671054e-01
2.503090000000725013e-01
7.937299999997549094e-02
1.304250000000024556e-01
7.673199999999269494e-02
1.894019999999727588e-01
8.111000000008061761e-02
2.517229999999130996e-01
1.988499999999930878e-01
1.209740000000465443e-01
1.352269999999293759e-01
1.980380000001105145e-01
1.297819999999205720e-01
1.160850000000550608e-01
1.877149999999687680e-01
1.784400000000232467e-01
1.222559999999361935e-01
1.195360000000391665e-01
1.339240000000359032e-01
1.122660000000337277e-01
1.861369999999169522e-01
1.791240000000016153e-01
4.661140000000614236e-01
9.374809999999911270e-01
1.334759999999732827e-01
