2.424249999999972260e-01
2.396529999999970073e-01
4.399470000000036407e-01
2.717600000000004457e-01
3.448279999999996903e-01
9.149279999999961888e-01
3.742700000000027671e-01
1.391187999999999647e+00
1.880319999999997549e-01
5.092860000000030141e-01
3.468439999999972656e-01
6.918170000000003483e-01
6.378449999999986630e-01
2.300919999999990750e-01
2.367449999999990951e-01
1.539121999999998991e+00
1.444252000000005864e+00
3.187889999999953261e-01
1.880960000000015953e-01
5.130840000000063128e-01
1.977209999999942625e-01
1.969270000000022947e-01
4.792750000000012278e-01
2.228579999999951156e-01
2.157350000000022305e-01
2.391140000000007149e-01
2.114890000000002601e-01
8.505829999999932056e-01
3.511350000000135196e-01
1.750770999999993194e+00
5.515949999999918418e-01
3.479100000000130422e-01
2.053179999999912297e-01
1.768570000000053710e-01
3.377750000000006025e-01
3.978959999999958086e-01
6.676790000000067948e-01
5.072740000000024452e-01
1.931479999999936581e-01
1.461195999999993944e+00
6.891040000000074883e-01
5.739539999999934139e-01
3.459879999999984079e-01
1.933379999999971233e-01
1.587704000000002225e+00
2.399230000000045493e-01
5.097779999999971778e-01
5.243150000000014188e-01
1.675044999999997231e+00
3.642470000000059827e-01
3.570700000000073260e-01
5.532829999999933079e-01
1.420657000000005610e+00
1.818760000000025912e-01
7.567779999999828533e-01
5.633430000000032578e-01
1.353846000000004324e+00
7.792940000000072587e-01
1.982669999999870925e-01
5.080430000000006885e-01
1.797990000000027067e-01
1.852550000000121599e-01
3.874339999999989459e-01
1.946019999999890615e-01
2.039899999999903457e-01
3.204040000000105692e-01
1.852829999999983102e-01
5.248569999999972424e-01
2.034770000000065693e-01
5.203449999999918418e-01
2.020830000000159998e-01
5.431899999999814099e-01
1.814050000000122509e-01
3.409439999999932525e-01
1.952249999999935426e-01
7.330790000000035889e-01
1.852870000000024220e-01
3.511890000000050804e-01
1.897139999999950533e-01
7.097490000000021837e-01
1.861540000000019290e-01
2.004990000000077544e-01
3.146719999999874062e-01
1.857920000000063965e-01
5.434199999999975716e-01
1.942800000000062255e-01
2.247210000000023911e-01
3.167169999999970287e-01
5.501840000000015607e-01
1.979949999999917054e-01
1.789770000000032724e-01
3.412519999999972242e-01
1.770429999999976189e-01
1.862860000000097216e-01
5.605889999999931206e-01
1.866270000000014306e-01
5.396830000000107930e-01
1.811119999999988295e-01
5.891369999999938045e-01
3.756169999999912079e-01
3.464519999999993161e-01
7.088580000000064274e-01
1.973149999999890269e-01
5.553830000000203881e-01
1.861669999999833180e-01
3.443290000000018836e-01
2.214540000000084774e-01
6.328319999999933998e-01
1.999469999999945458e-01
7.716090000000122018e-01
5.155539999999945167e-01
7.173379999999980328e-01
1.795050000000060209e-01
1.961409999999972342e-01
3.557660000000026912e-01
1.856669999999951415e-01
5.130730000000056634e-01
2.088930000000033260e-01
5.018559999999894217e-01
2.017670000000038044e-01
2.164250000000009777e-01
3.557030000000054315e-01
1.902630000000016253e-01
5.561229999999994789e-01
1.835169999999948232e-01
7.425549999999958573e-01
2.177310000000005630e-01
2.979529999999925849e-01
9.005790000000075679e-01
2.194719999999961146e-01
2.953900000000118098e-01
5.281920000000042137e-01
1.754689999999925476e-01
1.991079999999953998e-01
2.936720000000008213e-01
2.740440000000035070e-01
1.803189999999972315e-01
3.056119999999964421e-01
2.110010000000102082e-01
1.811679999999853408e-01
2.457360000000079481e-01
2.640019999999907441e-01
7.422020000000060236e-01
1.839050000000099772e-01
2.186469999999900438e-01
3.133730000000127802e-01
5.523879999999934398e-01
3.796129999999919846e-01
2.257870000000110622e-01
2.854989999999872907e-01
7.091610000000230229e-01
1.957219999999892934e-01
2.372399999999856846e-01
2.989429999999941856e-01
7.264050000000139562e-01
1.971290000000038845e-01
2.316009999999977254e-01
2.948719999999980246e-01
6.995150000000052160e-01
4.196869999999961465e-01
2.861459999999880210e-01
9.390600000000119962e-01
2.321760000000097079e-01
2.903159999999900265e-01
7.003870000000063101e-01
1.874020000000058417e-01
1.896829999999880556e-01
1.908729999999962956e-01
1.773570000000006530e-01
1.803770000000071150e-01
5.268070000000051323e-01
1.843439999999958445e-01
2.356819999999970605e-01
6.330839999999966494e-01
3.330120000000107439e-01
3.801689999999950942e-01
3.701360000000022410e-01
5.647209999999915908e-01
3.156490000000076179e-01
2.263589999999879865e-01
2.978650000000158116e-01
2.122179999999929123e-01
2.073929999999819529e-01
3.403050000000149566e-01
1.851880000000107884e-01
1.859369999999813672e-01
3.306080000000122254e-01
1.616074999999995043e+00
2.411859999999848014e-01
4.934900000000226328e-01
5.535849999999840065e-01
1.630535000000008949e+00
2.317520000000001801e-01
5.094780000000014297e-01
4.941780000000051132e-01
1.634405000000000996e+00
2.132399999999989859e-01
5.661549999999948568e-01
2.538700000000062573e-01
2.884549999999990177e-01
1.826389999999946667e-01
1.792739999999923839e-01
2.438009999999906086e-01
8.380540000000280543e-01
1.853729999999984557e-01
5.343769999999778975e-01
1.798860000000104264e-01
7.103220000000192158e-01
2.061980000000005475e-01
5.046939999999722204e-01
1.905889999999885731e-01
1.825770000000090931e-01
1.820299999999974716e-01
7.335860000000309356e-01
1.897939999999778138e-01
3.899179999999944357e-01
1.789380000000164728e-01
1.819919999999797255e-01
5.322700000000111231e-01
1.880250000000103228e-01
3.540709999999762658e-01
1.756030000000237123e-01
9.003339999999866450e-01
5.437740000000133023e-01
9.006840000000124746e-01
1.854399999999714055e-01
3.347300000000075215e-01
1.856410000000039418e-01
5.619219999999813808e-01
1.948210000000187847e-01
2.061819999999841002e-01
3.130860000000268428e-01
5.506049999999902411e-01
1.750179999999943448e-01
1.906570000000158416e-01
3.473379999999792744e-01
1.929419999999879565e-01
2.065040000000237796e-01
5.434989999999970678e-01
1.857750000000066848e-01
3.118219999999780612e-01
2.079200000000298587e-01
2.062439999999980955e-01
6.991229999999859501e-01
1.858420000000080563e-01
5.395340000000032887e-01
5.546599999999841657e-01
1.855999999999937700e-01
5.323220000000219443e-01
1.768549999999891043e-01
7.111719999999763786e-01
6.774880000000109703e-01
5.557560000000307809e-01
1.832899999999710872e-01
5.334009999999977936e-01
5.174700000000029831e-01
2.055110000000013315e-01
1.911520000000166419e-01
3.318739999999991142e-01
1.927440000000046894e-01
1.819820000000049731e-01
5.532659999999793854e-01
1.855120000000169966e-01
3.528329999999755273e-01
2.075300000000197542e-01
5.108879999999942356e-01
1.828349999999829834e-01
3.613820000000202981e-01
3.649669999999787251e-01
6.806459999999958654e-01
2.322180000000173550e-01
2.173490000000128930e-01
3.206879999999898700e-01
5.320999999999855845e-01
1.935830000000180462e-01
1.906570000000158416e-01
2.041479999999751271e-01
3.039049999999861029e-01
4.445120000000315486e-01
3.542469999999866559e-01
3.664119999999968513e-01
3.617799999999817828e-01
1.804380000000094242e-01
6.626620000000116306e-01
2.382320000000106575e-01
2.804169999999714946e-01
4.238910000000259970e-01
3.591560000000129094e-01
3.646049999999831925e-01
3.765049999999803276e-01
1.878220000000112577e-01
6.847559999999930369e-01
2.427750000000230557e-01
2.782239999999944757e-01
1.817350000000033106e-01
3.829379999999957818e-01
1.916909999999916181e-01
1.760380000000054679e-01
2.255899999999826377e-01
3.042950000000246291e-01
1.851889999999798420e-01
4.040350000000216824e-01
1.889409999999998035e-01
2.180909999999869342e-01
2.029019999999945867e-01
3.055459999999925458e-01
3.955870000000061282e-01
3.560180000000059408e-01
3.654939999999839984e-01
3.134870000000091750e-01
5.650880000000029213e-01
3.122260000000096625e-01
2.288420000000144228e-01
3.281729999999924985e-01
5.372519999999951779e-01
1.881779999999935171e-01
1.759000000000128239e-01
2.569639999999822066e-01
3.109419999999829543e-01
1.799550000000067485e-01
3.491290000000049076e-01
1.839540000000283726e-01
1.751590000000078362e-01
2.548709999999800857e-01
2.753289999999992688e-01
3.822799999999801912e-01
3.221200000000408181e-01
3.886439999999709016e-01
3.303769999999985885e-01
5.544409999999970751e-01
3.653340000000184773e-01
2.167230000000017753e-01
3.043459999999811316e-01
1.899040000000127293e-01
2.383550000000127511e-01
4.894939999999792235e-01
5.285070000000189339e-01
1.630624999999980673e+00
2.450690000000008695e-01
1.854639999999960764e-01
3.105920000000139680e-01
3.656819999999925130e-01
1.763070000000084292e-01
1.593349999999986721e+00
2.369309999999984484e-01
4.925859999999886440e-01
3.890540000000157761e-01
2.235000000000013642e-01
1.383118999999993548e+00
1.914190000000246528e-01
2.322629999999890060e-01
1.846889999999916654e-01
4.183349999999848023e-01
5.251250000000027285e-01
3.310940000000073269e-01
1.826609999999959655e-01
1.828380000000038308e-01
1.826560000000085893e-01
2.502700000000004366e-01
2.349609999999984211e-01
1.852439999999830889e-01
7.427050000000292584e-01
3.498169999999731772e-01
3.582680000000095788e-01
3.615950000000225373e-01
1.836759999999912907e-01
1.789119999999968513e-01
1.955959999999947740e-01
3.475660000000004857e-01
2.017620000000022173e-01
5.487329999999985830e-01
1.845759999999927459e-01
3.251170000000058735e-01
1.962310000000115906e-01
1.993439999999679912e-01
5.155800000000283489e-01
1.888389999999731117e-01
5.531920000000241089e-01
6.880539999999939482e-01
1.869709999999997763e-01
5.639480000000105520e-01
7.179899999999861393e-01
1.824430000000063501e-01
2.326979999999991833e-01
3.217569999999909669e-01
1.855559999999911724e-01
4.985510000000203945e-01
2.004469999999969332e-01
2.197670000000186974e-01
3.318289999999706197e-01
5.415050000000007913e-01
1.842550000000073851e-01
1.989560000000096807e-01
3.741929999999911161e-01
1.764679999999998472e-01
1.859780000000057498e-01
1.845179999999970732e-01
3.352720000000033451e-01
1.964869999999905303e-01
3.516850000000033560e-01
2.234960000000114633e-01
5.558879999999817301e-01
2.206759999999974298e-01
4.698089999999979227e-01
1.856010000000196669e-01
1.853629999999952815e-01
7.304400000000157434e-01
5.047569999999552692e-01
2.111090000000217515e-01
3.357269999999914489e-01
1.989700000000027558e-01
2.021100000000046748e-01
3.527020000000220534e-01
3.520609999999635420e-01
5.532440000000349301e-01
1.971129999999732263e-01
5.101170000000081473e-01
7.387729999999805841e-01
1.869500000000243745e-01
2.024920000000065556e-01
3.036379999999780921e-01
1.853840000000275268e-01
4.913179999999783831e-01
2.333160000000304990e-01
5.193189999999958673e-01
1.910269999999911761e-01
2.163559999999904448e-01
3.929730000000120071e-01
1.906630000000006930e-01
5.480029999999942447e-01
1.847149999999828651e-01
9.386039999999979955e-01
3.325030000000026575e-01
8.663400000000081036e-01
5.265629999999816846e-01
1.001416000000006079e+00
1.986810000000218679e-01
2.721759999999733282e-01
1.823550000000295768e-01
7.195489999999722386e-01
2.055119999999988067e-01
2.966220000000419077e-01
3.947949999999593729e-01
3.440850000000068576e-01
4.019080000000201380e-01
3.107329999999990378e-01
9.033739999999852444e-01
3.075919999999712218e-01
2.249920000000429354e-01
1.851509999999905176e-01
5.183649999999886404e-01
1.992610000000354376e-01
2.585159999999575575e-01
2.400600000000281398e-01
2.146390000000053533e-01
2.606649999999888223e-01
2.311029999999618667e-01
3.852370000000178152e-01
2.012490000000184409e-01
2.327589999999872816e-01
1.821860000000015134e-01
1.789150000000176988e-01
1.822070000000053369e-01
3.245890000000031250e-01
2.242739999999798783e-01
2.959919999999840456e-01
9.009000000000071395e-01
2.115689999999972315e-01
3.032640000000128566e-01
4.199050000000283944e-01
3.890599999999722058e-01
3.480900000000133332e-01
4.122849999999687043e-01
8.072830000000124073e-01
2.425760000000138916e-01
2.895829999999648408e-01
5.217540000000155942e-01
1.836380000000303880e-01
1.980480000000000018e-01
2.246979999999894062e-01
2.931920000000047821e-01
5.314359999999851425e-01
3.631010000000287619e-01
2.346799999999689135e-01
2.988490000000183500e-01
2.064089999999794145e-01
2.107770000000073196e-01
5.234419999999886386e-01
2.061100000000237742e-01
3.047989999999742849e-01
1.630819000000002461e+00
2.018199999999978900e-01
2.222920000000101481e-01
3.060289999999952215e-01
5.196990000000312193e-01
1.470804999999984375e+00
1.860890000000097189e-01
3.480989999999621887e-01
2.026690000000144209e-01
2.068510000000003402e-01
1.864300000000014279e-01
2.837740000000223972e-01
1.821319999999673200e-01
7.348250000000007276e-01
1.874100000000282762e-01
7.254769999999837182e-01
2.094259999999792399e-01
3.316630000000486689e-01
1.868629999999882330e-01
3.331089999999790052e-01
1.885430000000098971e-01
3.567660000000216769e-01
3.553739999999834254e-01
9.200689999999838165e-01
3.597950000000196269e-01
4.370370000000036725e-01
3.192739999999787415e-01
1.851990000000114378e-01
6.838109999999915090e-01
2.414210000000025502e-01
2.955029999999965185e-01
5.713709999999707634e-01
1.772820000000479013e-01
1.779119999999920765e-01
3.145069999999918764e-01
2.564810000000079526e-01
1.904830000000004020e-01
6.939909999999827050e-01
1.769730000000038217e-01
1.900219999999990250e-01
1.887040000000013151e-01
3.780120000000124492e-01
3.175909999999930733e-01
4.203269999999861284e-01
3.352129999999817755e-01
1.849860000000376203e-01
3.509989999999731936e-01
3.845240000000273994e-01
2.196059999999988577e-01
2.990009999999756474e-01
3.864790000000084547e-01
3.572520000000167784e-01
3.691339999999740940e-01
3.638040000000160035e-01
1.900240000000223972e-01
5.034549999999740066e-01
1.998660000000143100e-01
1.937810000000013133e-01
3.362710000000106447e-01
9.339809999999886259e-01
2.338109999999744559e-01
3.170000000000072760e-01
2.265380000000050131e-01
6.210860000000195669e-01
2.296759999999835600e-01
3.110250000000007731e-01
9.130859999999927368e-01
2.048470000000293112e-01
3.817719999999553693e-01
1.875789999999994961e-01
6.687970000000120763e-01
5.448350000000345972e-01
9.375319999999760512e-01
2.563559999999824868e-01
2.834569999999985157e-01
1.857090000000312102e-01
6.989509999999654610e-01
2.222600000000056752e-01
3.372529999999756001e-01
7.028190000000336113e-01
3.734360000000265245e-01
3.752789999999777137e-01
1.872000000000184627e-01
7.132579999999393294e-01
2.077770000000214168e-01
3.200499999999806278e-01
9.622280000000387190e-01
2.155520000000024083e-01
2.850569999999947868e-01
1.851590000000555847e-01
7.216089999999439897e-01
2.141980000000103246e-01
2.972080000000119071e-01
5.715199999999640568e-01
1.795490000000086184e-01
1.854140000000370492e-01
2.401419999999916399e-01
2.623360000000047876e-01
5.519539999999665270e-01
1.756020000000262371e-01
1.827660000000150831e-01
2.442549999999528154e-01
3.344129999999836400e-01
1.874100000000566979e-01
6.710509999999771935e-01
2.440730000000144173e-01
3.196389999999951215e-01
2.020289999999818065e-01
3.703089999999633619e-01
3.422550000000796899e-01
2.340759999999590946e-01
3.115520000000060463e-01
4.069550000000390355e-01
3.571769999999787615e-01
3.645409999999742467e-01
3.458840000000122927e-01
1.875430000000051223e-01
3.286289999999780775e-01
1.903060000000209584e-01
1.851629999999886422e-01
2.296550000000365799e-01
3.294879999999693609e-01
9.147120000000086293e-01
2.038299999999821921e-01
2.906770000000165055e-01
2.064149999999926877e-01
3.458210000000008222e-01
2.036940000000413420e-01
8.759829999999624306e-01
2.379269999999564789e-01
1.848080000000322798e-01
1.997339999999780957e-01
3.586090000000581313e-01
3.208209999999667161e-01
2.023120000000062646e-01
1.923770000000217806e-01
4.962400000000002365e-01
2.174729999999840402e-01
3.643480000000067776e-01
9.093569999999999709e-01
5.449259999999753745e-01
5.250830000000519249e-01
1.773460000000000036e-01
2.537889999999265456e-01
2.045270000000414257e-01
2.841149999999856846e-01
1.851030000000264408e-01
2.155889999999658357e-01
1.847889999999665633e-01
3.441070000000649998e-01
5.256120000000237269e-01
1.796139999999581960e-01
1.787729999999783104e-01
3.576800000000162072e-01
2.317310000000247783e-01
2.327539999999430620e-01
3.168700000000512773e-01
9.304109999999923275e-01
3.451660000000060791e-01
1.864889999999945758e-01
7.161800000000084765e-01
2.279639999999858446e-01
1.837659999999914362e-01
3.084319999999820539e-01
2.003430000000321343e-01
2.019119999999929860e-01
3.208089999999970132e-01
3.738650000000234286e-01
3.519179999999551001e-01
1.781119999999987158e-01
7.408280000000218024e-01
2.161649999999895044e-01
3.638940000000161490e-01
8.695539999999937208e-01
5.344950000000494583e-01
4.902909999999565116e-01
1.924740000000042528e-01
2.362150000000156069e-01
2.047609999999622232e-01
3.068830000000275504e-01
1.850249999999959982e-01
2.003019999999651191e-01
2.001339999999913744e-01
3.356709999999907268e-01
5.222850000000107684e-01
9.275200000000154432e-01
2.313179999999874781e-01
3.369890000000168584e-01
8.695700000000101682e-01
1.884269999999901302e-01
3.723439999999982319e-01
7.094700000000102591e-01
2.328640000000063992e-01
2.247320000000172513e-01
2.722549999999728243e-01
1.846879999999941901e-01
2.000760000000241234e-01
2.001510000000052969e-01
3.170200000000136242e-01
5.636829999999690699e-01
2.618410000000039872e-01
6.117649999999912325e-01
2.527530000000410837e-01
3.023180000000138534e-01
9.053799999999796455e-01
2.156200000000012551e-01
3.212369999999395986e-01
5.353060000000482432e-01
1.854989999999929751e-01
2.195229999999810389e-01
1.839049999999815554e-01
3.205520000000205982e-01
1.848959999999806314e-01
1.848090000000297550e-01
1.847060000000055879e-01
3.835229999999683059e-01
5.290550000000280306e-01
2.338520000000130494e-01
6.689579999999750726e-01
2.422010000000227592e-01
3.218769999999722131e-01
8.899830000000292785e-01
5.545899999999619467e-01
5.486460000000192849e-01
1.994250000000192813e-01
2.223369999999817992e-01
2.240790000000174587e-01
4.683329999999727988e-01
1.902949999999918873e-01
3.612240000000497275e-01
3.893149999999536703e-01
5.268439999999827705e-01
6.918610000000171567e-01
2.182139999999890279e-01
3.703840000000013788e-01
3.409170000000472101e-01
3.555779999999799657e-01
3.998270000000161417e-01
5.067759999999452702e-01
3.730050000000346699e-01
1.761970000000019354e-01
2.380559999999718457e-01
2.455910000000471882e-01
2.828459999999495267e-01
1.996240000000284454e-01
1.842880000000377549e-01
1.845489999999472275e-01
3.341900000000350701e-01
5.254289999999741667e-01
8.960319999999910578e-01
2.348450000000070759e-01
2.843310000000087712e-01
9.119979999999827669e-01
5.610750000000166438e-01
4.766670000000203800e-01
2.096649999999726788e-01
2.802810000000022228e-01
2.449730000000158725e-01
2.065190000000143300e-01
1.970549999999775537e-01
2.341480000000046857e-01
4.849140000000033979e-01
7.618989999999712381e-01
3.530450000000087130e-01
5.590629999999805477e-01
3.284740000000283544e-01
1.924329999999940810e-01
1.948070000000257096e-01
2.154569999999580432e-01
2.920090000000641339e-01
5.187979999999470238e-01
7.389600000000200453e-01
2.545360000000300715e-01
2.045219999999403626e-01
2.473390000000108557e-01
1.850959999999872707e-01
1.848750000000336513e-01
6.006560000000149557e-01
4.941349999999715692e-01
9.287479999999845859e-01
3.559180000000310429e-01
1.956449999999563261e-01
9.073520000000030450e-01
4.984680000000594191e-01
7.282309999999938555e-01
2.074339999999779138e-01
3.380139999999869360e-01
1.965560000000436958e-01
1.833259999999654610e-01
1.438800999999955366e+00
2.132540000000062719e-01
2.812390000000277723e-01
2.415160000000469154e-01
3.387739999999439533e-01
1.870380000000295695e-01
1.751369999999496940e-01
2.196510000000557739e-01
2.058710000000019136e-01
2.516459999999938191e-01
2.231979999999680331e-01
3.189280000000280779e-01
9.178670000000010987e-01
2.083159999999679712e-01
3.269440000000258806e-01
2.039149999999949614e-01
1.081405000000017935e+00
8.617229999999835854e-01
2.063049999999861939e-01
1.997079999999868960e-01
3.227410000000077162e-01
2.568440000000009604e-01
1.789590000000202963e-01
1.787879999999972824e-01
1.923449999999888860e-01
2.850930000000175824e-01
3.354439999999954125e-01
2.113650000000006912e-01
3.364970000000084838e-01
1.986569999999687752e-01
3.598440000000096006e-01
3.105490000000372675e-01
3.676429999999868414e-01
1.845329999999876236e-01
1.842350000000010368e-01
3.425930000000221298e-01
3.645089999999981956e-01
1.783569999999485844e-01
7.519390000000498731e-01
2.109519999999633910e-01
3.153180000000475047e-01
9.297949999999559623e-01
2.464360000000169748e-01
3.325300000000197542e-01
4.874609999999961474e-01
1.875200000000063483e-01
2.107069999999566789e-01
1.840250000000196451e-01
3.338340000000243890e-01
1.856129999999893698e-01
1.842369999999959873e-01
2.333186999999952604e+00
2.321990000000369037e-01
1.901290000000130931e-01
1.902790000000322834e-01
5.460759999999709180e-01
1.086288999999965199e+00
1.790370000000507389e-01
2.012209999999754473e-01
2.015580000000340988e-01
5.199690000000032342e-01
1.984479999999848587e-01
1.820579999999836218e-01
1.790530000000103428e-01
1.859919999999988249e-01
1.821469999999862921e-01
3.145119999999792526e-01
9.309470000000032996e-01
2.108589999999708198e-01
3.391780000000608197e-01
9.238909999999691536e-01
1.935690000000249711e-01
1.786129999999843676e-01
1.824969999999552783e-01
5.314540000000533837e-01
1.907889999999952124e-01
2.107220000000324944e-01
2.045209999999997308e-01
2.876179999999521897e-01
1.852340000000367581e-01
1.996439999999779502e-01
3.356389999999578322e-01
3.820700000000556429e-01
3.475159999999846150e-01
2.020019999999931315e-01
1.787590000000136570e-01
1.924520000000029540e-01
1.786180000000285872e-01
1.910549999999489046e-01
2.013109999999755928e-01
3.030390000000124928e-01
9.081720000000359505e-01
1.998480000000313339e-01
3.412309999999365573e-01
2.052940000000376131e-01
3.443599999999378269e-01
3.552690000000779946e-01
1.924079999999435131e-01
3.524249999999824468e-01
3.992490000000543660e-01
1.836219999999570973e-01
2.148010000000226682e-01
3.108320000000048822e-01
3.441750000000070031e-01
1.928340000000048349e-01
6.924629999999751817e-01
2.514279999999757820e-01
1.206176000000027670e+00
5.435739999999782412e-01
7.236950000000206273e-01
2.087000000000216460e-01
2.046719999999595530e-01
3.114510000000336731e-01
1.819879999999898246e-01
1.997430000000122163e-01
3.343239999999809697e-01
1.946439999999824977e-01
3.199260000000094806e-01
2.058230000000094151e-01
1.815980000000081418e-01
1.814370000000167238e-01
5.767299999999977445e-01
2.083470000000033906e-01
3.024209999999811771e-01
9.029390000000034888e-01
1.931769999999914944e-01
1.921800000000075670e-01
3.695030000000087966e-01
3.508259999999836509e-01
5.732239999999819702e-01
3.647000000000275577e-01
3.450050000000146611e-01
1.805659999999420506e-01
1.842160000000490072e-01
3.183149999999841384e-01
3.387720000000058462e-01
1.922350000000392356e-01
1.921729999999683969e-01
1.923049999999761894e-01
3.223970000000235814e-01
2.316849999999703869e-01
3.212190000000418877e-01
9.087389999999686552e-01
2.017460000000141918e-01
1.785110000000145192e-01
1.896029999999768734e-01
4.800099999999929423e-01
2.019440000000258806e-01
2.113180000000056680e-01
1.840009999999665524e-01
3.404570000000148866e-01
2.049910000000068067e-01
1.995600000000194996e-01
2.076069999999390348e-01
3.016850000000204091e-01
7.319919999999910942e-01
2.924450000000433647e-01
2.264069999999946958e-01
2.345149999999875945e-01
2.243710000000191940e-01
3.140799999999899228e-01
2.289589999999748215e-01
1.921480000000315158e-01
1.782519999999863103e-01
2.904760000000123910e-01
5.341339999999945576e-01
7.519389999999930296e-01
1.935359999999946012e-01
2.260640000000080363e-01
3.185889999999744759e-01
1.839909999999918000e-01
1.913339999999834617e-01
1.813010000000758737e-01
1.844359999999483080e-01
3.317510000000538639e-01
3.571589999999673637e-01
1.875019999999949505e-01
7.334270000000060463e-01
2.445779999999899701e-01
3.011599999999816646e-01
8.509640000000331383e-01
5.816209999999841784e-01
5.521680000000515065e-01
1.806279999999560459e-01
2.112549999999941974e-01
1.829329999999913525e-01
3.235010000000215769e-01
3.676679999999805659e-01
1.819950000000289947e-01
5.548749999999813554e-01
3.306970000000433174e-01
2.292229999999904066e-01
2.059799999999540887e-01
2.473380000000133805e-01
2.265100000000188629e-01
2.349209999999857246e-01
3.106589999999869178e-01
8.688549999999963802e-01
2.002750000000332875e-01
3.477809999999976753e-01
6.984009999999898355e-01
2.212840000000255714e-01
2.043049999999766442e-01
3.339849999999842112e-01
1.851830000000518339e-01
2.157540000000039981e-01
1.847909999999615138e-01
3.329029999999875145e-01
5.145679999999970278e-01
8.961150000000088767e-01
2.161999999999579813e-01
3.261270000000422442e-01
9.348150000000146065e-01
1.928699999999707870e-01
3.543060000000082255e-01
6.789150000000176988e-01
2.478800000000092041e-01
2.247330000000147265e-01
2.543849999999565625e-01
2.007360000000062428e-01
1.848730000000387008e-01
2.155069999999454922e-01
3.457990000000563668e-01
4.938779999999383108e-01
1.922840000000292093e-01
6.995539999999778047e-01
2.186829999999986285e-01
3.405580000000441032e-01
9.192149999999514876e-01
2.024540000000456530e-01
3.779499999999984539e-01
4.697869999999966240e-01
1.783039999999687097e-01
2.154469999999832908e-01
2.044400000000337059e-01
3.338570000000231630e-01
1.850049999999896500e-01
3.233939999999506654e-01
1.850459999999998217e-01
4.239760000000387663e-01
2.979009999999675529e-01
2.440910000000258151e-01
7.151129999999739084e-01
5.132880000000454856e-01
4.199629999999388019e-01
2.917020000000434266e-01
4.405849999999986721e-01
2.950989999999933389e-01
7.517219999999724678e-01
1.919400000000450746e-01
5.617280000000164364e-01
1.852370000000291839e-01
1.848649999999452120e-01
2.002690000000484360e-01
5.593049999999379907e-01
5.543860000000790933e-01
3.141379999999969641e+00
1.844989999999029351e-01
