7.287250000000042860e-01
1.804869999999993979e-01
5.162619999999975562e-01
1.787290000000041346e-01
2.424249999999972260e-01
2.396529999999970073e-01
3.604700000000349291e-02
1.750459999999947058e-01
2.288540000000054420e-01
2.717600000000004457e-01
2.030349999999927491e-01
1.417930000000069413e-01
4.147819999999953211e-01
1.823809999999994602e-01
3.177650000000014074e-01
1.963500000000024670e-01
1.779200000000003001e-01
3.176599999999965007e-01
1.880730000000028213e-01
1.772399999999976217e-01
2.643100000000231375e-02
2.344330000000027781e-01
2.231189999999969586e-01
4.614000000000118007e-02
1.780919999999994729e-01
1.695619999999991023e-01
9.000299999999583633e-02
2.438490000000115288e-01
3.304499999999421789e-02
1.608590000000020837e-01
4.356299999999890815e-02
3.032809999999983575e-01
1.900949999999994589e-01
5.017220000000008895e-01
2.033640000000005443e-01
1.930880000000030350e-01
1.890589999999932047e-01
5.233400000000187902e-02
2.300919999999990750e-01
2.367449999999990951e-01
1.611930000000043606e-01
7.502499999999656666e-02
2.673220000000071650e-01
1.957509999999942352e-01
4.998100000000036403e-01
1.796369999999996026e-01
1.603839999999934207e-01
2.691500000000246473e-02
3.041849999999968190e-01
3.814500000000009550e-02
1.508810000000053719e-01
2.795199999999908869e-02
2.929500000000473392e-02
4.804959999999951492e-01
3.863830000000021414e-01
3.187889999999953261e-01
3.815000000000168257e-02
1.499459999999999127e-01
5.130840000000063128e-01
1.977209999999942625e-01
1.969270000000022947e-01
3.066270000000059781e-01
1.726479999999952497e-01
2.228579999999951156e-01
2.157350000000022305e-01
9.320999999999202146e-02
1.459040000000086934e-01
1.471459999999922275e-01
6.434300000000803266e-02
3.884400000000454156e-02
3.173620000000028085e-01
1.731129999999936331e-01
3.212639999999922225e-01
1.895550000000056912e-01
1.615800000000078285e-01
4.362099999999458078e-02
5.039900000000017144e-01
1.714919999999935385e-01
5.258150000000014757e-01
1.321140000000013970e-01
2.359650000000002024e-01
1.377740000000002851e-01
2.250199999999935585e-01
1.871140000000011128e-01
1.394609999999971706e-01
3.479100000000130422e-01
3.093799999999191641e-02
1.743799999999993133e-01
1.768570000000053710e-01
3.377750000000006025e-01
1.850090000000008672e-01
2.128869999999949414e-01
3.207919999999973015e-01
2.691540000000003374e-01
6.811900000001003264e-02
5.815799999999171632e-02
1.468939999999960833e-01
1.099000000000032173e-01
4.082999999999969987e-02
1.611060000000108516e-01
2.859799999999523834e-02
1.645499999999984198e-01
1.639359999999996376e-01
1.754359999999977049e-01
4.775200000000268119e-02
5.161160000000037940e-01
1.686259999999890624e-01
1.923870000000107439e-01
1.969429999999903202e-01
1.485160000000078639e-01
1.856719999999967285e-01
3.549160000000028958e-01
4.170200000000079399e-02
1.624669999999923675e-01
1.817109999999999559e-01
1.880740000000002965e-01
3.459879999999984079e-01
1.703430000000025757e-01
5.091300000000842374e-02
1.465199999999953206e-01
3.587970000000098025e-01
1.717109999999877346e-01
1.914699999999953661e-01
3.111400000000088539e-01
4.016599999999925785e-02
1.508099999999927832e-01
9.309000000000366981e-02
9.608199999999555985e-02
2.934100000000228192e-02
1.771209999999996398e-01
3.111200000000735599e-02
1.122390000000024202e-01
3.295999999998855401e-02
1.803440000000051668e-01
1.773490000000066402e-01
6.187500000000056843e-02
2.988799999999827151e-01
1.727950000000078035e-01
4.546799999999961983e-02
1.631890000000026930e-01
8.287299999999220290e-02
1.070410000000094897e-01
1.593699999999955708e-01
1.165780000000040673e-01
8.161699999999427746e-02
1.644530000000088421e-01
2.694299999998861495e-02
2.203560000000095442e-01
1.224539999999905149e-01
1.824900000000013733e-01
1.878370000000018081e-01
1.647950000000122373e-01
3.804399999998508974e-02
1.568230000000028213e-01
1.746610000000003993e-01
1.762690000000048940e-01
2.149089999999915790e-01
1.561170000000089431e-01
9.053799999999512238e-02
9.663900000001035551e-02
1.755219999999866332e-01
2.019700000000028695e-01
1.662970000000143500e-01
1.786389999999897782e-01
1.228540000000037935e-01
7.500899999999433021e-02
3.467399999999969396e-01
2.968500000000062755e-02
1.441220000000100754e-01
1.818760000000025912e-01
1.513079999999860092e-01
3.652400000000000091e-02
2.867000000000530235e-02
3.905699999999967531e-02
1.160090000000053578e-01
1.336219999999883612e-01
2.388520000000085020e-01
3.486130000000002838e-01
1.759689999999949350e-01
5.149699999999768352e-02
1.330410000000057380e-01
1.971039999999959491e-01
1.662160000000056925e-01
1.813469999999881566e-01
1.852330000000108612e-01
1.899370000000004666e-01
1.634889999999984411e-01
2.584400000000641739e-02
1.116349999999926013e-01
5.341500000000110049e-02
1.701580000000006976e-01
1.095869999999905531e-01
9.648100000001136323e-02
5.142099999999061311e-02
2.827200000000118507e-01
1.892429999999905021e-01
2.374510000000071841e-01
1.298149999999935744e-01
5.257000000000289219e-02
1.127429999999947086e-01
3.359900000000948239e-02
1.461999999999932243e-01
3.619399999999473039e-02
1.490610000000174296e-01
2.118969999999933407e-01
1.755370000000056052e-01
1.829279999999897655e-01
1.964839999999981046e-01
1.746189999999927522e-01
1.649650000000093542e-01
1.852829999999983102e-01
2.385320000000064056e-01
1.036709999999914089e-01
5.372100000001012177e-02
1.289329999999893062e-01
2.666899999999827742e-02
1.674030000000072960e-01
3.462300000000055888e-01
2.875599999998712519e-02
1.033500000000060481e-01
5.141399999999407555e-02
1.901290000000130931e-01
3.051979999999900883e-01
5.478000000000804448e-02
1.775789999999943802e-01
1.953080000000113614e-01
1.912949999999966622e-01
1.533329999999892834e-01
1.865710000000007085e-01
1.315799999999995862e-01
5.751500000000930868e-02
7.765999999999451120e-02
2.042339999999995825e-01
8.474700000000723321e-02
1.772079999999931488e-01
1.780049999999988586e-01
2.233230000000077098e-01
1.439369999999939864e-01
1.719980000000020937e-01
1.754609999999985348e-01
2.218909999999993943e-01
1.673069999999938773e-01
1.628060000000033369e-01
4.274800000000311684e-02
1.367709999999959791e-01
2.042360000000087439e-01
1.501090000000004920e-01
5.043899999999723605e-02
1.170219999999915217e-01
2.615500000001702574e-02
1.596369999999893707e-01
3.999799999999709144e-02
2.546980000000047539e-01
9.014399999999511692e-02
1.585800000000006094e-01
1.921800000000075670e-01
3.279999999999461124e-02
1.818889999999981910e-01
1.711710000000010723e-01
1.485689999999948441e-01
2.030080000000111795e-01
2.436939999999907513e-01
1.125910000000089894e-01
1.937980000000010250e-01
4.858499999998855401e-02
1.119410000000016225e-01
1.910479999999949996e-01
3.296400000000687669e-02
1.392910000000000537e-01
1.690580000000068139e-01
1.948679999999995971e-01
2.193709999999953197e-01
1.734409999999968477e-01
1.623480000000085965e-01
1.714819999999974698e-01
2.238229999999958864e-01
1.707730000000111659e-01
4.115899999999328429e-02
1.037239999999997053e-01
1.267189999999942529e-01
7.517100000001164517e-02
3.507999999999356078e-02
1.967619999999925540e-01
1.678210000000035507e-01
1.762120000000066966e-01
1.872189999999847032e-01
1.760410000000121045e-01
2.561899999999184274e-02
1.714520000000021582e-01
1.550340000000147711e-01
1.724889999999845713e-01
2.668900000000462569e-02
1.966560000000043829e-01
1.399299999999925603e-01
4.395800000000349428e-02
1.491019999999991796e-01
1.639940000000024156e-01
2.993999999999630290e-02
2.165010000000080481e-01
1.613639999999918473e-01
8.967499999999972715e-02
3.575700000000381351e-02
5.141700000000071213e-02
1.657309999999938555e-01
1.890379999999964866e-01
1.692869999999970787e-01
1.887620000000111986e-01
4.318200000000160799e-02
1.368189999999884776e-01
1.979630000000014434e-01
1.798150000000049431e-01
1.182349999999985357e-01
5.353200000000413183e-02
1.464149999999904139e-01
4.600700000000301770e-02
1.397979999999989786e-01
1.971130000000016480e-01
1.858229999999991833e-01
1.890440000000097598e-01
1.973029999999909023e-01
1.528350000000102682e-01
1.753799999999898773e-01
1.632790000000028385e-01
4.940700000000219916e-02
1.550799999999981083e-01
2.799100000000009913e-02
1.477140000000076725e-01
3.687699999998983458e-02
1.408500000000003638e-01
1.795050000000060209e-01
1.886920000000031905e-01
1.835870000000028313e-01
1.757069999999885113e-01
3.062300000000561795e-02
1.589649999999949159e-01
2.290500000000008640e-01
1.170829999999938309e-01
2.627000000001089575e-02
1.406700000000000728e-01
1.739210000000070977e-01
2.093329999999866686e-01
1.585880000000088330e-01
1.689069999999901484e-01
5.999900000000479849e-02
1.417679999999990059e-01
4.013799999999889678e-02
6.209800000000598175e-02
7.500699999998516887e-02
3.464030000000093423e-01
2.387450000000086447e-01
1.502169999999836136e-01
3.113700000000108048e-02
1.524050000000016780e-01
1.848329999999975826e-01
9.369900000000086493e-02
5.775800000000685941e-02
6.959100000000262298e-02
5.158000000000129148e-02
8.713399999999182910e-02
2.455230000000057089e-01
1.353200000000072123e-01
3.252299999999763713e-02
1.590629999999890742e-01
1.754920000000055325e-01
7.365099999999813463e-02
1.088060000000012906e-01
1.542730000000034352e-01
3.085799999999494503e-02
1.622370000000046275e-01
1.942980000000034124e-01
2.549399999999479860e-02
1.564589999999981274e-01
1.523949999999985039e-01
1.915759999999977481e-01
5.943100000000356431e-02
1.190259999999909724e-01
6.315100000000484215e-02
3.983000000000913587e-02
7.034199999999657393e-02
1.251620000000031041e-01
3.149899999999661304e-02
1.800220000000081200e-01
2.152909999999934598e-01
6.208399999999869578e-02
7.189800000000445834e-02
1.946640000000030568e-01
1.795509999999893580e-01
1.931419999999945958e-01
1.283460000000076207e-01
5.777899999999647207e-02
1.613619999999968968e-01
5.490300000001013814e-02
1.286929999999983920e-01
2.145939999999910697e-01
1.426440000000042119e-01
1.857830000000006976e-01
1.674930000000074415e-01
2.846289999999953579e-01
7.922599999999135889e-02
7.731600000001037643e-02
9.817300000000273030e-02
6.649699999998404110e-02
1.180440000000118062e-01
1.456220000000030268e-01
2.173479999999869960e-01
1.756300000000123873e-01
1.949529999999981555e-01
2.044309999999995853e-01
1.321099999999972852e-01
3.912999999998589828e-02
2.583000000001334229e-02
1.331959999999980937e-01
1.811900000000150612e-01
2.046439999999876136e-01
3.774900000000513955e-02
1.216630000000122891e-01
1.950589999999863267e-01
1.476719999999858146e-01
5.566300000000978798e-02
1.806150000000030786e-01
4.815600000000586078e-02
1.127699999999833835e-01
1.070250000000072532e-01
6.570399999999665397e-02
1.522820000000137952e-01
3.376899999999238844e-02
1.821159999999935053e-01
1.409350000000131331e-01
3.566899999998440762e-02
1.620520000000027494e-01
1.719939999999979818e-01
2.606600000001435546e-02
1.855979999999988195e-01
3.188899999999250667e-02
1.342699999999865668e-01
1.844260000000019772e-01
1.736650000000139471e-01
2.066889999999972360e-01
1.661660000000182436e-01
1.524839999999727524e-01
2.041080000000192740e-01
2.183799999999962438e-01
1.208939999999927295e-01
3.346100000001683838e-02
1.055149999999827060e-01
3.948300000001836452e-02
1.685879999999855272e-01
4.219299999999748252e-02
2.039290000000022474e-01
1.215979999999916572e-01
2.510300000000142973e-02
3.396699999998986641e-02
1.332990000000222608e-01
1.950389999999941892e-01
1.898909999999887077e-01
3.475700000001324952e-02
1.036320000000046093e-01
3.570799999998541807e-02
1.468059999999979937e-01
3.833000000001618446e-02
1.766620000000074242e-01
2.105699999999899319e-01
1.482530000000110704e-01
1.629269999999962693e-01
1.473929999999938900e-01
5.007200000000011642e-02
1.600219999999978882e-01
2.548400000000583532e-02
5.152300000000309410e-02
3.134299999999257125e-02
5.889599999999006741e-02
4.692000000000007276e-02
5.494300000000862383e-02
9.496099999999785268e-02
1.779969999999906349e-01
2.086030000000107520e-01
1.480350000000072441e-01
1.555189999999839756e-01
1.890960000000063701e-01
8.217299999999738702e-02
1.117590000000063810e-01
1.348189999999931388e-01
3.962900000000502132e-02
1.641290000000026339e-01
1.633300000000019736e-01
2.567700000000172622e-02
1.966279999999756001e-01
1.105800000000130012e-01
6.566200000000321779e-02
1.116169999999954143e-01
3.880900000001474837e-02
1.986609999999870979e-01
1.994329999999990832e-01
5.400900000000774526e-02
9.511099999998862131e-02
1.683990000000079590e-01
1.821610000000077889e-01
5.153699999998195835e-02
1.358760000000103219e-01
3.379499999998358817e-02
1.321180000000197197e-01
1.335540000000037253e-01
3.354500000000371074e-02
3.282199999999591000e-02
1.640619999999870515e-01
1.832850000000121327e-01
3.064899999999681768e-02
7.282599999999206375e-02
5.844299999999691408e-02
1.922959999999989122e-01
1.756730000000175096e-01
3.942100000000436921e-02
3.597599999999090414e-02
1.165189999999967085e-01
1.634510000000091168e-01
4.960299999999051579e-02
1.174060000000167747e-01
1.624499999999926558e-01
3.579299999999818738e-02
1.793810000000064520e-01
4.005599999997855321e-02
1.459820000000036089e-01
1.587760000000031368e-01
1.607580000000154996e-01
3.545999999998628027e-02
1.718150000000093769e-01
5.033799999998223029e-02
1.429350000000084719e-01
1.830359999999870979e-01
1.877060000000057016e-01
1.922390000000149257e-01
1.682670000000001664e-01
1.691239999999964994e-01
1.885489999999947486e-01
2.159780000000068867e-01
1.570639999999912106e-01
1.063719999999932497e-01
6.486000000001013177e-02
1.712919999999940046e-01
1.983880000000084465e-01
1.086889999999982592e-01
4.641200000000367254e-02
1.978229999999996380e-01
1.606479999999947950e-01
2.127399999999965985e-01
2.605400000000201999e-02
1.271600000000034925e-01
1.607960000000048240e-01
2.981699999999420925e-02
1.756670000000042364e-01
2.892439999999965039e-01
4.721499999999423380e-02
1.923989999999946576e-01
1.730750000000114142e-01
3.480700000000069849e-02
5.771499999998752628e-02
3.163920000000217669e-01
1.480409999999920956e-01
1.547520000000019991e-01
6.051199999998857493e-02
2.267390000000091277e-01
1.290019999999998390e-01
1.115889999999950533e-01
4.694399999999632200e-02
1.185720000000145546e-01
5.216499999998802650e-02
7.848899999999048305e-02
1.122660000000195168e-01
2.670200000000022555e-02
1.859029999999961547e-01
9.149899999999888678e-02
7.381700000000535056e-02
1.427759999999977936e-01
3.193000000000267846e-02
2.423220000000014807e-01
1.310179999999832035e-01
1.420810000000045648e-01
3.094699999999761530e-02
1.844340000000102009e-01
2.025260000000059790e-01
2.506799999999032025e-02
8.866099999998766634e-02
2.798100000001113585e-02
3.798199999999951615e-02
1.056689999999917973e-01
5.393700000001899753e-02
1.406520000000028858e-01
5.400299999998026124e-02
1.847360000000008995e-01
1.455940000000026657e-01
1.776810000000068612e-01
2.751399999998227486e-02
1.510240000000209193e-01
1.892859999999956244e-01
2.001459999999894990e-01
7.946600000001069475e-02
8.694599999999752526e-02
1.925099999999844158e-01
1.534810000000135233e-01
4.393600000000219552e-02
8.749400000000662203e-02
5.943500000000767614e-02
1.959639999999751581e-01
1.528310000000203672e-01
2.828799999997499981e-02
2.541999999999688953e-02
1.667090000000257533e-01
1.267749999999807642e-01
6.405700000001957051e-02
7.468999999997549821e-02
6.339500000001407898e-02
3.178900000000339787e-02
8.518100000000572436e-02
8.016200000000139880e-02
2.051239999999836527e-01
1.292970000000082109e-01
3.327299999997990199e-02
1.512480000000095970e-01
1.877340000000060627e-01
2.066599999999993997e-01
4.693800000001147055e-02
1.441849999999931242e-01
1.680510000000197124e-01
1.912699999999745160e-01
2.128930000000082146e-01
1.486169999999731317e-01
1.883140000000196324e-01
5.343500000000744876e-02
1.204460000000153741e-01
2.061980000000005475e-01
1.382859999999652700e-01
3.431000000000494765e-02
1.779600000000129967e-01
1.541379999999890060e-01
3.747100000001069020e-02
1.531179999999778829e-01
3.074500000002444722e-02
1.518319999999846459e-01
1.820299999999974716e-01
9.506999999999266038e-02
9.678800000003207060e-02
2.085030000000074324e-01
1.698399999999651300e-01
1.633850000000336422e-01
1.897939999999778138e-01
2.063619999999843913e-01
1.752910000000156288e-01
1.264180000000010295e-01
4.270199999999135798e-02
1.924270000000092296e-01
1.777550000000189812e-01
1.660899999999685406e-01
1.865990000000010696e-01
1.679670000000328400e-01
2.361399999999775901e-01
1.389100000000098589e-01
4.173900000000685395e-02
9.845500000000129148e-02
3.672699999998485509e-02
1.868949999999927059e-01
1.751050000000020646e-01
1.869089999999857810e-01
1.752150000000369801e-01
4.333499999998480234e-02
1.291559999999947195e-01
1.823630000000093787e-01
3.289100000000644286e-02
1.227039999999988140e-01
3.878100000000017644e-02
1.547259999999823776e-01
1.492299999999886495e-01
4.782300000002237539e-02
1.109519999999974971e-01
1.031759999999906086e-01
4.878300000001445369e-02
1.006830000000036307e-01
1.726009999999860156e-01
1.825049999999919237e-01
1.936340000000029704e-01
1.878990000000158034e-01
1.468309999999917181e-01
1.856410000000039418e-01
2.154820000000086111e-01
3.405300000000011096e-02
1.394839999999817337e-01
4.413199999999051215e-02
1.287710000000004129e-01
1.928800000000023829e-01
1.810060000000248692e-01
1.834039999999959036e-01
1.455409999999801585e-01
1.901689999999973679e-01
2.291730000000029577e-01
4.064700000000698310e-02
5.789800000002287561e-02
4.397599999998647036e-02
1.663670000000081473e-01
1.989010000000064338e-01
1.858169999999859101e-01
1.619279999999889696e-01
1.898960000000045056e-01
1.990410000000224500e-01
2.017099999999629745e-01
5.790200000001277658e-02
8.067199999999274951e-02
2.749800000000846012e-02
5.003700000000321779e-02
1.174859999999853244e-01
1.858840000000157033e-01
1.973389999999994870e-01
1.330769999999859010e-01
1.639340000000117925e-01
3.406599999999571082e-02
2.009290000000021337e-01
2.740890000000035798e-01
6.705499999998210114e-02
1.855380000000081964e-01
1.876760000000103901e-01
1.858420000000080563e-01
1.904329999999845313e-01
1.672750000000178261e-01
1.818260000000009313e-01
2.256500000000016826e-01
1.228379999999731353e-01
1.666240000000129839e-01
2.884199999999736974e-02
1.609160000000144919e-01
2.923799999996390397e-02
1.510250000000041837e-01
1.987260000000219407e-01
1.593650000000081945e-01
1.927949999999896136e-01
1.467020000000047730e-01
4.730800000001522676e-02
1.383109999999874162e-01
1.660349999999937154e-01
3.230600000000549699e-02
1.702299999999752345e-01
2.012590000000216151e-01
1.743429999999932534e-01
7.033500000000003638e-02
8.920100000000275031e-02
1.660479999999893153e-01
3.394700000001193985e-02
1.809729999999944994e-01
1.649790000000166401e-01
1.758570000000077016e-01
1.832899999999710872e-01
1.808890000000076270e-01
1.819879999999898246e-01
1.705240000000003420e-01
1.778100000000222281e-01
2.253429999999809752e-01
1.143169999999997799e-01
2.055110000000013315e-01
1.755790000000274631e-01
2.301289999999767133e-01
1.173180000000115797e-01
4.602600000001189073e-02
1.467179999999927986e-01
1.819820000000049731e-01
2.784399999998754538e-02
1.787300000000016098e-01
1.756550000000061118e-01
4.757499999999481588e-02
1.226649999999835927e-01
1.798459999999977299e-01
1.918490000000190321e-01
1.646009999999762385e-01
1.536830000000293239e-01
2.999299999999038846e-02
1.885649999999827742e-01
9.883800000000064756e-02
9.662600000001475564e-02
1.529389999999750671e-01
1.793650000000184264e-01
1.703410000000076252e-01
1.835800000000062937e-01
5.448599999996872612e-02
1.277140000000258624e-01
1.827480000000036853e-01
1.795659999999941192e-01
2.117930000000001201e-01
1.308379999999829124e-01
4.035500000000524778e-02
1.296639999999911197e-01
3.853800000001683657e-02
1.922250000000076398e-01
1.857799999999940610e-01
3.302400000001171065e-02
1.529449999999883403e-01
1.677430000000015298e-01
1.972269999999980428e-01
1.883300000000076579e-01
2.971900000000005093e-02
1.168239999999798329e-01
1.686660000000301807e-01
2.106769999999755782e-01
2.090450000000032560e-01
3.406499999999823558e-02
1.111760000000003856e-01
1.484879999999861866e-01
1.847420000000283835e-01
5.997600000000602449e-02
1.096499999999878128e-01
7.570799999999167085e-02
1.366150000000061482e-01
1.694640000000049440e-01
7.277999999999451575e-02
9.164400000000227919e-02
5.711300000001529042e-02
5.425599999998098610e-02
1.197490000000129839e-01
1.718629999999734537e-01
3.893200000001684202e-02
9.413599999999178181e-02
4.766399999999748616e-02
5.283499999998753083e-02
1.239280000000064774e-01
2.129199999999968895e-01
1.459080000000199107e-01
1.363499999999930878e-01
5.441500000000587534e-02
1.695789999999988140e-01
1.931610000000034688e-01
3.766699999999900683e-02
1.216379999999901429e-01
3.839600000000586988e-02
1.102730000000065047e-01
4.490200000000754699e-02
1.596359999999776846e-01
2.549000000001910848e-02
2.025459999999839056e-01
1.258789999999976317e-01
4.018700000000308137e-02
1.656790000000114560e-01
1.764579999999966731e-01
3.440399999999499414e-02
1.897300000000257114e-01
1.336199999999791999e-01
2.524099999999407373e-02
1.369970000000080290e-01
4.301399999999944157e-02
3.788799999998104795e-02
1.130660000000318632e-01
3.653799999997886516e-02
3.542020000000150048e-01
1.737290000000086820e-01
1.860579999999742995e-01
2.073440000000061900e-01
1.660990000000026612e-01
1.563199999999937972e-01
2.637599999999906686e-02
1.555800000000147065e-01
2.580599999998867133e-02
2.085580000000106793e-01
1.293659999999761112e-01
1.276040000000193686e-01
8.329499999999256943e-02
1.690690000000074633e-01
1.893770000000074560e-01
1.948209999999903630e-01
1.526560000000074524e-01
1.851889999999798420e-01
9.301500000000828550e-02
9.093200000000933869e-02
4.972799999998755993e-02
1.693420000000003256e-01
1.309499999999843567e-01
2.808400000000688124e-02
1.876420000000109667e-01
3.781499999999482498e-02
1.607860000000016498e-01
4.558900000000676300e-02
9.267099999999572901e-02
4.990300000000047476e-02
6.078399999998396197e-02
1.051630000000329801e-01
1.163369999999872562e-01
5.331000000001040462e-02
3.078500000000872205e-02
1.735009999999874708e-01
3.876499999998372914e-02
1.344170000000133314e-01
1.860190000000159216e-01
1.800629999999898700e-01
2.053829999999834399e-01
1.621680000000083055e-01
1.667270000000087293e-01
1.634489999999857446e-01
3.165800000002150227e-02
1.773149999999930060e-01
1.406340000000056989e-01
3.680399999996097904e-02
1.737310000000036325e-01
1.539450000000215368e-01
4.532100000000127693e-02
1.510669999999834090e-01
3.245400000002973684e-02
1.598349999999868487e-01
1.683380000000056498e-01
1.847999999999956344e-01
2.186839999999961037e-01
1.337680000000034397e-01
1.169579999999825759e-01
7.122000000001094122e-02
1.759000000000128239e-01
2.080039999999883094e-01
3.301999999999338797e-02
1.280280000000288965e-01
1.367669999999918673e-01
4.409499999997024133e-02
1.642160000000103537e-01
1.931730000000300151e-01
1.548749999999756710e-01
1.786259999999799675e-01
1.978320000000053369e-01
1.968500000000119599e-01
2.573300000000244836e-02
4.975500000000465661e-02
7.224500000000944056e-02
3.141299999998636849e-02
1.501700000000028012e-01
1.816100000000062664e-01
2.221709999999745833e-01
1.433570000000088385e-01
1.787630000000319797e-01
1.792729999999949086e-01
1.658889999999928477e-01
2.542699999997921623e-02
1.518020000000035452e-01
1.771490000000142118e-01
1.754189999999766769e-01
3.666799999999170723e-02
1.809000000000082764e-01
3.018600000001470107e-02
1.284159999999872070e-01
1.761460000000170112e-01
2.842400000000111504e-02
1.656230000000107339e-01
2.134709999999984120e-01
1.642539999999996780e-01
1.233589999999651354e-01
3.745900000001256558e-02
1.165260000000216678e-01
7.337799999999106149e-02
1.514180000000067139e-01
6.740899999999783176e-02
1.768260000000054788e-01
1.002619999999865286e-01
7.104100000000812543e-02
3.316999999998415660e-02
1.039480000000025939e-01
6.664200000000164437e-02
1.631050000000016098e-01
1.739440000000058717e-01
1.324590000000114287e-01
4.787799999999720058e-02
1.863599999999792090e-01
1.993239999999900647e-01
1.643170000000111486e-01
1.749770000000125947e-01
1.589859999999987394e-01
2.640999999999849024e-02
3.520409999999856154e-01
1.616880000000264772e-01
1.747759999999800584e-01
4.483500000000617547e-02
1.728329999999971278e-01
1.699770000000171422e-01
1.381349999999770262e-01
3.208200000000260843e-02
1.832630000000108339e-01
4.355799999999021566e-02
1.561880000000144264e-01
9.876499999998600288e-02
6.717100000000186810e-02
1.464239999999961128e-01
5.839100000000030377e-02
1.471020000000180517e-01
2.020609999999862794e-01
1.793969999999944775e-01
1.698870000000169966e-01
1.851029999999980191e-01
1.844369999999742049e-01
1.668520000000057735e-01
1.776070000000231630e-01
1.523959999999817683e-01
4.930300000000897853e-02
4.527500000000372893e-02
1.339020000000061827e-01
1.773969999999849279e-01
7.084599999998886233e-02
1.035550000000284854e-01
1.492389999999659267e-01
3.823100000002455090e-02
1.938689999999780866e-01
1.569540000000131386e-01
1.635709999999903630e-01
5.992900000001100125e-02
1.262749999999925876e-01
3.965800000000285763e-02
3.931700000001114859e-02
1.648939999999754491e-01
1.445340000000214786e-01
1.853879999999890060e-01
1.439249999999958618e-01
4.633599999999660213e-02
1.726630000000284326e-01
5.541900000000055115e-02
9.108199999997168561e-02
3.482500000001209628e-02
6.270599999999149077e-02
7.609700000000430009e-02
2.938100000000076761e-02
1.194350000000099499e-01
3.923499999999080501e-02
4.288600000000997170e-02
2.876999999998020030e-02
1.371460000000013224e-01
1.758489999999994780e-01
2.534800000000814180e-02
1.547680000000184464e-01
1.902199999999822921e-01
8.366799999998875137e-02
7.479000000003566129e-02
3.564499999998815838e-02
1.466269999999951779e-01
1.612140000000010787e-01
1.068489999999826523e-01
1.104640000000358668e-01
9.298699999996529186e-02
9.153600000001915760e-02
3.610699999998701060e-02
1.239510000000052514e-01
5.870999999999071406e-02
1.143399999999985539e-01
6.849800000000527689e-02
8.660599999998908061e-02
4.627400000001102853e-02
4.977600000000848013e-02
1.679000000000030468e-01
8.236999999999738975e-02
4.793200000000297223e-02
2.667900000000145155e-02
1.496379999999817301e-01
1.820060000000012224e-01
5.353900000002909110e-02
1.339129999999784104e-01
6.666400000000294312e-02
1.529990000000225336e-01
1.333209999999951378e-01
3.000299999999356260e-02
1.862160000000017135e-01
2.097939999999880456e-01
1.376419999999995980e-01
1.681900000000098316e-01
3.913299999999253487e-02
1.533259999999927459e-01
1.946529999999881966e-01
1.669420000000343407e-01
1.829449999999894771e-01
1.549840000000131113e-01
2.182249999999896772e-01
1.560869999999852098e-01
1.885409999999865249e-01
1.804260000000112996e-01
2.009110000000191576e-01
2.832899999998517160e-02
1.401409999999998490e-01
1.773249999999961801e-01
1.935540000000059990e-01
2.030169999999884567e-01
1.414530000000127075e-01
1.641449999999906595e-01
1.880980000000249674e-01
2.875000000000227374e-02
1.846119999999871197e-01
1.746829999999874872e-01
1.708670000000154232e-01
1.888389999999731117e-01
1.848430000000291784e-01
1.693439999999952761e-01
1.610139999999944393e-01
2.069239999999865631e-01
2.158300000000110686e-01
1.415320000000122036e-01
1.617589999999893280e-01
1.869709999999997763e-01
3.725929999999948450e-01
1.831659999999999400e-01
1.855529999999987467e-01
2.025229999999851316e-01
1.663180000000181735e-01
1.717849999999998545e-01
1.824430000000063501e-01
1.976659999999981210e-01
1.826680000000067139e-01
1.609129999999936445e-01
1.987639999999828433e-01
1.803130000000123800e-01
4.450399999998921885e-02
1.367150000000094678e-01
1.370190000000093278e-01
4.796799999999734609e-02
1.524789999999995871e-01
2.677299999999149804e-02
8.351900000002387969e-02
1.094750000000033197e-01
1.554539999999633437e-01
5.344700000000557338e-02
1.229280000000017026e-01
1.807550000000048840e-01
2.219739999999887914e-01
1.366910000000132186e-01
1.863400000000012824e-01
1.699040000000024975e-01
2.905200000000718319e-02
1.525450000000034834e-01
3.611599999999270949e-02
1.394620000000088567e-01
3.565899999998123349e-02
1.405180000000143536e-01
3.612899999998830936e-02
1.443710000000066884e-01
5.183900000000107866e-02
1.609329999999999927e-01
2.104159999999808406e-01
1.292670000000271102e-01
2.043089999999949669e-01
2.283610000000066975e-01
1.346759999999846968e-01
1.660699999999906140e-01
3.438200000002211709e-02
1.875779999999735992e-01
2.070920000000171513e-01
1.321470000000033451e-01
3.206699999998363637e-02
1.633500000000083219e-01
7.737399999999183819e-02
8.413400000000592627e-02
3.935400000000299769e-02
1.830010000000186210e-01
1.338519999999903121e-01
2.946799999998006570e-02
1.749190000000169221e-01
1.516589999999951033e-01
3.833099999999944885e-02
1.346829999999954453e-01
7.004399999999577631e-02
1.549230000000250129e-01
1.739279999999610027e-01
1.890510000000062973e-01
1.929850000000215005e-01
4.389899999998192470e-02
1.293000000000006366e-01
7.045900000002802699e-02
3.165999999998803105e-02
5.031999999997083250e-02
1.698110000000099262e-01
4.129800000001182525e-02
1.833019999999976335e-01
4.042800000001989247e-02
1.119969999999739230e-01
3.014200000001210356e-02
1.688279999999906522e-01
1.749480000000005475e-01
2.186320000000137043e-01
1.612320000000124764e-01
1.696609999999623142e-01
1.824000000000012278e-01
2.146470000000135769e-01
3.846800000002303932e-02
1.196050000000070668e-01
1.769619999999747506e-01
1.741630000000213840e-01
2.041439999999852262e-01
1.731130000000007385e-01
1.579979999999920892e-01
2.055390000000159034e-01
1.727919999999869560e-01
4.250500000000556611e-02
2.933100000001331864e-02
1.070609999999874162e-01
1.795129999999858228e-01
1.903560000000084074e-01
1.775120000000072196e-01
1.736799999999902866e-01
1.549379999999871416e-01
1.853840000000275268e-01
2.133289999999874453e-01
1.426869999999951233e-01
1.353019999999958145e-01
5.740900000000692671e-02
1.484220000000107120e-01
2.748500000001286026e-02
1.967659999999682441e-01
1.703200000000038017e-01
1.522330000000238215e-01
2.863999999996735824e-02
1.486130000000116524e-01
4.099300000001449007e-02
8.602399999998056046e-02
8.664600000000177715e-02
3.469750000000146883e-01
6.246500000000310138e-02
1.373899999999821375e-01
5.327300000001855551e-02
1.449120000000050368e-01
3.607709999999997308e-01
1.265569999999627271e-01
1.004780000000096152e-01
5.051600000001599255e-02
1.044109999999989213e-01
1.947429999999883421e-01
1.635819999999910124e-01
1.939860000000237505e-01
1.875489999999899737e-01
4.381699999999000283e-02
1.238510000000019318e-01
2.911900000000855471e-02
1.532799999999951979e-01
1.781179999999835672e-01
1.922060000000271884e-01
1.531260000000145283e-01
2.726899999998977364e-02
1.473619999999584707e-01
1.650390000000356849e-01
2.947299999999586362e-02
1.837430000000210839e-01
1.683489999999494557e-01
1.724560000000110449e-01
1.569180000000187647e-01
4.672999999999660758e-02
1.846669999999903666e-01
2.932299999997667328e-02
1.109480000000644395e-01
4.281399999996438055e-02
1.038149999999973261e-01
7.635999999999398824e-02
1.432189999999877728e-01
3.950500000004808498e-02
6.913199999996777478e-02
5.585200000001577791e-02
6.396099999997773011e-02
4.297700000000759246e-02
3.589100000002076740e-02
7.516599999999584725e-02
6.089099999996960833e-02
1.331450000000131695e-01
1.496180000000322252e-01
2.299749999999960437e-01
1.499379999999916890e-01
1.507729999999867232e-01
2.826099999998632484e-02
2.593999999999141437e-02
1.567870000000084474e-01
1.926500000000146429e-01
8.501200000000608270e-02
8.188599999999723877e-02
8.039800000000241198e-02
7.577400000002398883e-02
1.919889999999497832e-01
1.409450000000163072e-01
5.849100000003204514e-02
9.761599999995951293e-02
8.252699999999890679e-02
7.870600000001104490e-02
8.860599999999863030e-02
1.779379999999832762e-01
1.351040000000125474e-01
7.998800000004280264e-02
1.019809999999381489e-01
4.725800000002777779e-02
1.564050000000349883e-01
1.749919999999747233e-01
3.210099999998305975e-02
3.959900000000970977e-02
1.583009999999944739e-01
1.594360000000278887e-01
1.776759999999910633e-01
1.752359999999839602e-01
1.937220000000081654e-01
1.138699999999630563e-01
5.351500000006126356e-02
1.714769999999816719e-01
3.415699999999333158e-02
1.509939999999971860e-01
1.945910000000026230e-01
1.409000000000162345e-01
3.459899999995741382e-02
1.482750000000123691e-01
3.270399999999540341e-02
1.628000000000042746e-01
2.064550000000338059e-01
5.581799999995951111e-02
1.066630000000543532e-01
1.333969999999737865e-01
4.793499999999539796e-02
1.667040000000099553e-01
2.078060000000050422e-01
5.285899999998378007e-02
1.183930000000259497e-01
1.127099999999359170e-01
6.478100000001063563e-02
1.932570000000453092e-01
1.271989999999618703e-01
5.533400000004462527e-02
1.384569999999882839e-01
1.577509999999620049e-01
3.698099999999726606e-02
4.548500000001354238e-02
1.274560000000235505e-01
2.065779999999790562e-01
1.665130000000374366e-01
3.813399999998523526e-02
1.630209999999863157e-01
1.627249999999946795e-01
1.922940000000039618e-01
8.845399999998448948e-02
8.626100000000747059e-02
1.567269999999894026e-01
2.827300000001287117e-02
1.696860000000128821e-01
8.261599999997315535e-02
1.299270000000092296e-01
2.577099999999177271e-02
1.150700000000313139e-01
1.826389999999946667e-01
4.056599999998411477e-02
1.263519999999971333e-01
1.001970000000085292e-01
1.113719999999887023e-01
5.557200000001216722e-02
8.437700000001768785e-02
4.631000000000540240e-02
1.170049999999775991e-01
3.036400000002004163e-02
3.944899999996209772e-02
1.427079999999989468e-01
3.303700000003573223e-02
1.659160000000099444e-01
1.696879999999794109e-01
1.724359999999762749e-01
5.536700000001815170e-02
1.377689999999915926e-01
1.884710000000211494e-01
1.674170000000003711e-01
1.708389999999724296e-01
9.587899999999649481e-02
8.953500000001213266e-02
6.505000000001359695e-02
1.157439999999780866e-01
1.821820000000400341e-01
1.704189999999812244e-01
1.755060000000128184e-01
1.979299999999852844e-01
5.349300000000312139e-02
1.150609999999971933e-01
1.660149999999873671e-01
1.839010000000200762e-01
1.987249999999960437e-01
1.476349999999797546e-01
1.836380000000303880e-01
1.904649999999890042e-01
1.947489999999731936e-01
1.601360000000227046e-01
1.705880000000092878e-01
1.934709999999881802e-01
1.902160000000208129e-01
1.477489999999761494e-01
1.982720000000028904e-01
1.648290000000258715e-01
2.889499999994882273e-02
1.871900000000152886e-01
1.584560000000010405e-01
3.894700000000739237e-02
1.200410000000147193e-01
1.694379999999853226e-01
3.697099999999409192e-02
1.795480000000111431e-01
1.905489999999758766e-01
1.218479999999999563e-01
4.744000000002301931e-02
1.744790000000193686e-01
1.818699999999751071e-01
4.459500000001526132e-02
1.323049999999739157e-01
1.703810000000203217e-01
1.867379999999911888e-01
2.488209999999924094e-01
7.858899999999380270e-02
4.367700000000240834e-02
1.892720000000167602e-01
1.165540000000078180e-01
6.606899999999882311e-02
3.318189999999958673e-01
8.850800000001868284e-02
8.393699999996329097e-02
1.620929999999987103e-01
3.685500000000274667e-02
1.663300000000162981e-01
1.952709999999910906e-01
4.623399999999833199e-02
1.257850000000075852e-01
1.954569999999762331e-01
2.084200000000180353e-01
1.479830000000106338e-01
3.326999999995905455e-02
1.310900000000572163e-01
1.700369999999509218e-01
3.750100000002021261e-02
5.166600000001153603e-02
1.189899999999965985e-01
1.895759999999881984e-01
1.172939999999869087e-01
5.928600000004280446e-02
1.882339999999942393e-01
1.915999999999939973e-01
1.610839999999882366e-01
1.692309999999963566e-01
1.860269999999957236e-01
1.406859999999880984e-01
6.370300000003226160e-02
9.498899999999821375e-02
6.508899999997197483e-02
1.767040000000008604e-01
1.699550000000442651e-01
6.286099999996963561e-02
1.128160000000377750e-01
7.361399999996365295e-02
1.130390000000147666e-01
1.568950000000199907e-01
1.959719999999549600e-01
1.963959999999929096e-01
1.788689999999917291e-01
1.433460000000081891e-01
1.974020000000109576e-01
2.042940000000328382e-01
1.690329999999562460e-01
1.866520000000093660e-01
1.803329999999903066e-01
1.860900000000071941e-01
1.798560000000009040e-01
1.671850000000176806e-01
4.761799999999993815e-02
1.403040000000146392e-01
1.906469999999842457e-01
1.758669999999824540e-01
1.580330000000174095e-01
1.889620000000036271e-01
9.976099999997245504e-02
9.223400000004744470e-02
3.911199999996028964e-02
1.239320000000248001e-01
1.531339999999943302e-01
1.903350000000045839e-01
5.388109999999812771e-01
1.947339999999826432e-01
3.612700000002178058e-02
1.704579999999964457e-01
3.597950000000196269e-01
2.110449999999843840e-01
3.830900000002657180e-02
1.590069999999741412e-01
2.867600000001857552e-02
1.369320000000016080e-01
3.946600000000444197e-02
1.323329999999600659e-01
1.655470000000320852e-01
3.019499999999197826e-02
1.887199999999893407e-01
2.743200000003298555e-02
9.401299999998968815e-02
4.999499999996714905e-02
1.282620000000065374e-01
4.311500000000023647e-02
2.900900000003048262e-02
1.232649999999750889e-01
4.001099999999269130e-02
1.810970000000224900e-01
1.263879999999915071e-01
4.713100000000736145e-02
6.093599999999810279e-02
5.877099999997881241e-02
4.883900000001517583e-02
1.175699999999721967e-01
7.933600000004048525e-02
3.422999999997955456e-02
1.266760000000317632e-01
1.793719999999723314e-01
1.326959999999814954e-01
5.252400000003376590e-02
3.783699999999612373e-02
1.349349999999844840e-01
3.050100000001521039e-02
5.079399999999623105e-02
1.223259999999584124e-01
1.160260000000334912e-01
6.710899999998787280e-02
1.690200000000174896e-01
1.750509999999678712e-01
2.169160000000260879e-01
1.349220000000173059e-01
2.826199999995537837e-02
1.547490000000379951e-01
2.531299999998282146e-02
1.185850000000243654e-01
5.102799999997387204e-02
1.769730000000038217e-01
6.584700000001930675e-02
7.001400000001467561e-02
5.120199999998931162e-02
1.349079999999673873e-01
2.270540000000096370e-01
1.780510000000106174e-01
1.656370000000038090e-01
1.816159999999911179e-01
5.746100000001774788e-02
1.087659999999743832e-01
5.112700000000813816e-02
1.987149999999928696e-01
1.497160000000121727e-01
1.387599999999906686e-01
4.063399999998296153e-02
1.830760000000282162e-01
2.145199999999931606e-01
1.487499999999783995e-01
2.059930000000349537e-01
1.552919999999744505e-01
5.186200000002827437e-02
1.572189999999977772e-01
1.502140000000053988e-01
1.476569999999810534e-01
2.037809999999922184e-01
2.175919999999962329e-01
1.563400000000001455e-01
1.505910000000199034e-01
3.615199999998708336e-02
1.843509999999923821e-01
4.179400000003852256e-02
1.490279999999870597e-01
1.497859999999775482e-01
2.802299999999036118e-02
1.673110000000406217e-01
1.459799999999802367e-01
5.128599999997618397e-02
2.158580000000256405e-01
1.019220000000018445e-01
3.660499999998023668e-02
1.569620000000213622e-01
3.880399999999895044e-02
1.319629999999847314e-01
2.959400000000300679e-02
1.879819999999767788e-01
1.309460000000512991e-01
3.700199999994424616e-02
1.440620000000194523e-01
2.932000000001266926e-02
1.770520000000033178e-01
2.259439999999983684e-01
1.568249999999977717e-01
1.382979999999918164e-01
2.776800000003731839e-02
1.907359999999869160e-01
1.926229999999975462e-01
7.047099999996930819e-02
9.275400000001354783e-02
1.597779999999886513e-01
6.446800000000507680e-02
1.332250000000101409e-01
9.331299999999487227e-02
1.090990000000147120e-01
1.593219999999746506e-01
1.689039999999977226e-01
1.837610000000324817e-01
1.913529999999923348e-01
1.624099999999941701e-01
9.946700000000419095e-02
8.747099999999363718e-02
1.797759999999755109e-01
2.037310000000047694e-01
1.802189999999939118e-01
1.343780000000265318e-01
4.324100000002317756e-02
1.453270000000088658e-01
2.591299999997431769e-02
1.627140000000224518e-01
4.172799999997778286e-02
1.489959999999825868e-01
1.925300000000049749e-01
4.115199999998253588e-02
1.235550000000387172e-01
1.690919999999778156e-01
1.876259999999945194e-01
3.687800000002994238e-02
1.694680000000232667e-01
1.458379999999692700e-01
5.073700000002645538e-02
1.902269999999361971e-01
8.414200000004257163e-02
6.980999999996129191e-02
9.575399999999945067e-02
7.808400000004667163e-02
2.099019999999995889e-01
2.178460000000086438e-01
1.308980000000019572e-01
9.580699999997932537e-02
8.789899999999306601e-02
1.531960000000367472e-01
3.925099999992198718e-02
4.786400000006096889e-02
1.405629999999860047e-01
4.559100000000171349e-02
8.952299999998558633e-02
3.233599999998659769e-02
1.427380000000084692e-01
8.783800000003338937e-02
1.195149999999784995e-01
1.559439999999767679e-01
9.525200000001632361e-02
8.910600000001522858e-02
3.803399999998191561e-02
1.094240000000468171e-01
2.802999999994426616e-02
4.094400000002451634e-02
1.505040000000121836e-01
2.172819999999546781e-01
1.620650000000409818e-01
1.428609999999821412e-01
3.410200000001850640e-02
1.785839999999438987e-01
2.115540000000351029e-01
2.667200000001912485e-02
1.413969999999835636e-01
4.582299999998440398e-02
8.936800000003586320e-02
2.662399999996978295e-02
1.740019999999731226e-01
2.762200000006487244e-02
1.718119999999885295e-01
3.476699999998800195e-02
1.297469999999520951e-01
3.195300000004408503e-02
7.746999999994841346e-02
7.711400000005141919e-02
1.617729999999824031e-01
4.965500000002975867e-02
1.853290000000242799e-01
2.760799999992968878e-02
1.122190000000387045e-01
3.218199999997750638e-02
3.720500000002857632e-02
1.289509999999722822e-01
1.469240000000127111e-01
4.199599999998326894e-02
2.086209999999937281e-01
6.432000000000925866e-02
8.418000000000347427e-02
2.989000000002306479e-02
1.122129999999970096e-01
2.844899999996641782e-02
1.942710000000147375e-01
2.055670000000304753e-01
1.554939999999760403e-01
3.510099999999738429e-02
8.050400000001900480e-02
5.331499999999778083e-02
1.700849999999718420e-01
6.888900000001285662e-02
1.873219999999946594e-01
2.823000000000774889e-02
1.095600000000445107e-01
1.669509999999263528e-01
4.134600000003274545e-02
1.332580000000120890e-01
7.978599999995594771e-02
1.281020000000125947e-01
1.349990000000502732e-01
3.403499999996029146e-02
1.736940000000117834e-01
6.521000000003596142e-02
8.902499999999236024e-02
3.585899999995945109e-02
4.310500000002548404e-02
5.659799999995129838e-02
6.910200000004351750e-02
2.551999999997178747e-02
7.723900000002004163e-02
7.742200000001275839e-02
1.207859999999527645e-01
4.163400000004457979e-02
1.303489999999669635e-01
7.382499999999936335e-02
1.068040000000110012e-01
7.794700000005150287e-02
4.239999999998644853e-02
9.764699999993808888e-02
3.604000000001406079e-02
4.298299999999244392e-02
7.011200000005146649e-02
3.194999999999481588e-02
4.101199999996651968e-02
3.645199999999704232e-02
1.446450000000254477e-01
4.345200000000204454e-02
1.538340000000175678e-01
3.703899999993609526e-02
6.020100000006323171e-02
6.670499999995627149e-02
1.259249999999951797e-01
6.143100000002732486e-02
1.057920000000081018e-01
5.543499999998857675e-02
2.707700000001977969e-02
6.632400000000870932e-02
1.313669999999547144e-01
5.708100000003923924e-02
5.865299999999251668e-02
3.678799999994453174e-02
5.714800000004061076e-02
9.009900000000925502e-02
2.528899999998657222e-02
1.574770000000285108e-01
7.505499999996345650e-02
9.138799999999491774e-02
6.032900000002427987e-02
7.370300000002316665e-02
3.575399999994033351e-02
6.032300000003942841e-02
3.683499999999639840e-02
1.136459999999601678e-01
7.059900000001562148e-02
9.850499999998874046e-02
4.512299999998958810e-02
3.249700000003485911e-02
2.911760000000072068e-01
4.229200000003174864e-02
1.749649999999860484e-01
1.230709999999817228e-01
4.613799999998491330e-02
1.684870000000273649e-01
4.131599999999480133e-02
2.885000000003401510e-02
1.267849999999270949e-01
1.050090000000523105e-01
5.899499999998170097e-02
1.641409999999723368e-01
3.324000000003479727e-02
1.968160000000125365e-01
2.594099999993204619e-02
1.234150000000795444e-01
2.878499999991390723e-02
1.078180000000656946e-01
7.988799999998263957e-02
1.545490000000313557e-01
2.090430000000083055e-01
6.393999999994548489e-02
2.831600000001799344e-02
5.790700000000015280e-02
3.678200000001652370e-02
1.302939999999921383e-01
1.940209999999638057e-01
4.306500000006963091e-02
1.729219999999713764e-01
1.558660000000031687e-01
1.595249999999737156e-01
4.451699999998481871e-02
1.924170000000344771e-01
1.856859999999755928e-01
1.565659999999979846e-01
1.681649999999876854e-01
1.803400000000010550e-01
3.569850000000087675e-01
4.257899999998926432e-02
1.477270000000316941e-01
1.851629999999886422e-01
1.940480000000093241e-01
3.560700000002725574e-02
1.167959999999652609e-01
2.844299999998156636e-02
1.313010000000076616e-01
3.595599999999876673e-02
1.639020000000073196e-01
2.841200000000299042e-02
1.812460000000442051e-01
1.812969999999722859e-01
1.221169999999460742e-01
5.542400000007319250e-02
1.730769999999779429e-01
2.300589999999829161e-01
1.493409999999926185e-01
1.413360000000238870e-01
3.150399999998398926e-02
1.599600000000123146e-01
1.999109999999859610e-01
5.071200000003273090e-02
1.101489999999785141e-01
2.847299999996266706e-02
6.759900000002971865e-02
1.076220000000489563e-01
1.820599999999217289e-01
1.847620000000347318e-01
1.604459999999789943e-01
1.932260000000383116e-01
1.031449999999836109e-01
5.234400000000505315e-02
3.029200000003129389e-02
5.444899999997687701e-02
1.188939999999547581e-01
9.803900000002840898e-02
1.210609999999974207e-01
5.618500000002768502e-02
8.999599999998508792e-02
1.952200000000061664e-01
3.389699999996764745e-02
1.589979999999968641e-01
1.815379999999890970e-01
1.633300000000303953e-01
1.790250000000241926e-01
2.079169999999521679e-01
1.559330000000613836e-01
1.977769999999736683e-01
1.502770000000168693e-01
2.174729999999840402e-01
1.885009999999738284e-01
1.502630000000522159e-01
2.117979999999874963e-01
2.095749999999725333e-01
1.538929999999822940e-01
5.987400000003617606e-02
1.144799999999577267e-01
1.628249999999979991e-01
2.367200000000480031e-01
1.705210000000079162e-01
1.562599999999747524e-01
1.979279999999903339e-01
1.963650000000143336e-01
1.347110000000384389e-01
3.949999999997544364e-02
1.378460000000245600e-01
2.693499999992354788e-02
1.890240000000176224e-01
8.426900000000614455e-02
1.066970000000537766e-01
5.139099999996687984e-02
1.150969999999915672e-01
1.690179999999941174e-01
1.851030000000264408e-01
2.082039999999665270e-01
1.881930000000124892e-01
1.306860000000256150e-01
3.630899999996017868e-02
1.810930000000325890e-01
2.228440000000091459e-01
1.440579999999727079e-01
1.587100000000418731e-01
1.796139999999581960e-01
1.787729999999783104e-01
4.680600000000367800e-02
1.683340000000157488e-01
1.425399999999967804e-01
2.075280000000248037e-01
1.020539999999527936e-01
9.566400000005614856e-02
5.923899999993409438e-02
9.637700000001814260e-02
1.933960000000638502e-01
1.536179999999376378e-01
3.190399999999726788e-02
1.434890000000450527e-01
5.542799999994940663e-02
2.739200000002028901e-02
1.201979999999593929e-01
3.108700000001363151e-02
1.099550000000704131e-01
4.195699999996804763e-02
2.089529999999513166e-01
2.052680000000464133e-01
5.608699999999089414e-02
1.132010000000036598e-01
1.626909999999952561e-01
1.835839999999961947e-01
2.041510000000243963e-01
1.438170000000127402e-01
1.987489999999638712e-01
1.750499999999988177e-01
6.672800000001188891e-02
4.503799999997681880e-02
9.583900000001221997e-02
1.222950000000082582e-01
4.797299999995630060e-02
1.435380000000350265e-01
1.834230000000047767e-01
3.609499999998888597e-02
1.715019999999753963e-01
2.001550000000520413e-01
4.522199999996701081e-02
1.241820000000188884e-01
1.729859999999803222e-01
2.559000000002242814e-02
1.752890000000206783e-01
3.217799999998760541e-02
1.430780000000027030e-01
1.737840000000119289e-01
1.809899999999515785e-01
2.127350000000092223e-01
1.251809999999977663e-01
4.579500000005509719e-02
1.598419999999691754e-01
1.610810000000242326e-01
8.223199999997632403e-02
1.420120000000224536e-01
1.588029999999776010e-01
1.741390000000251348e-01
5.906699999997044870e-02
1.495130000000131076e-01
1.803499999999758074e-01
1.574350000000208638e-01
1.970760000000382206e-01
1.699079999999071333e-01
2.046200000000339969e-01
1.651290000000358305e-01
1.657369999999787069e-01
1.806710000000180116e-01
2.096669999999676293e-01
1.142340000000103828e-01
3.715999999997166015e-02
1.553140000000325927e-01
2.072900000000004184e-01
1.008259999999836509e-01
9.974099999999452848e-02
1.445570000000202526e-01
1.599249999999869942e-01
3.469600000005357288e-02
1.726639999999406427e-01
2.047370000000228174e-01
1.852930000000014843e-01
1.158349999999472857e-01
6.253300000003036985e-02
1.776860000000510809e-01
2.066559999999526553e-01
1.575320000000033360e-01
1.613049999999702777e-01
1.781110000000012406e-01
2.686100000005353650e-02
2.047259999999937463e-01
1.409489999999777865e-01
1.852130000000329346e-01
1.813950000000090768e-01
9.721499999994875907e-02
9.604300000000876025e-02
4.832499999997708073e-02
1.054510000000163927e-01
1.653200000000651926e-01
6.621799999993527308e-02
1.235180000000468681e-01
2.802999999994426616e-02
1.882810000000176842e-01
1.838930000000118525e-01
8.162999999996145561e-02
2.905300000003308014e-02
5.600900000001729495e-02
1.582250000000158252e-01
2.093579999999519714e-01
1.669520000000375148e-01
2.892099999996844417e-02
2.743500000002541128e-02
1.294730000000186010e-01
1.639859999999657703e-01
1.222579999999879874e-01
9.837300000003779132e-02
1.690389999999410975e-01
1.753770000000258733e-01
1.797019999999633910e-01
5.316200000004300819e-02
1.515320000000315304e-01
7.319999999998572093e-02
9.639099999998279600e-02
1.490309999999794854e-01
1.935530000000653672e-01
2.011639999999488282e-01
1.605040000000030886e-01
2.822900000001027365e-02
2.829800000000659566e-02
1.058859999999413048e-01
2.111340000000723194e-01
1.869869999999309584e-01
1.911290000000462896e-01
1.669940000000451619e-01
1.933549999999399915e-01
8.705900000001065564e-02
1.022839999999973770e-01
1.561570000000074288e-01
1.800660000000107175e-01
1.661429999999768370e-01
1.061720000000150321e-01
1.124909999999772481e-01
4.120500000004767571e-02
1.059069999999451284e-01
1.835560000000100445e-01
2.065129999999726351e-01
1.968930000000455038e-01
1.335839999999848260e-01
4.243400000001429362e-02
1.594759999999837419e-01
1.499909999999999854e-01
2.934400000003734021e-02
2.008999999999900865e-01
1.727480000000127802e-01
1.227220000000102118e-01
4.048699999992777521e-02
1.773670000000038272e-01
3.059700000000020736e-02
1.939220000000432265e-01
1.334200000000009823e-01
1.854989999999929751e-01
1.596509999999966567e-01
2.244530000000395376e-01
1.358149999999795909e-01
4.203999999998586645e-02
1.400109999999585852e-01
1.975430000000528707e-01
3.694399999994857353e-02
1.572280000000318978e-01
3.194400000000996442e-02
1.527619999999956235e-01
3.360500000002275556e-02
1.129249999999615284e-01
6.505700000002434535e-02
1.107439999999542124e-01
6.119200000000546424e-02
1.470690000000445252e-01
6.237099999998463318e-02
1.603939999999965949e-01
1.592210000000022774e-01
2.912399999996750921e-02
1.331749999999942702e-01
3.020900000007031849e-02
3.444399999995084727e-02
1.840429999999741995e-01
1.362540000000080909e-01
3.500900000005913171e-02
1.607979999999997744e-01
1.597539999999639804e-01
1.320139999999696556e-01
9.009000000003197783e-02
1.557250000000180989e-01
1.354109999999764113e-01
4.124600000000100408e-02
1.852529999999887877e-01
2.012480000000209657e-01
1.718890000000214968e-01
1.077470000000175787e-01
7.197799999994458631e-02
1.614600000000336877e-01
2.194319999999834181e-01
4.445900000001756780e-02
5.870199999998249041e-02
4.209000000003015884e-02
4.940199999998640124e-02
1.405049999999619104e-01
1.875069999999823267e-01
2.173320000000558139e-01
4.014200000000300861e-02
1.036649999999781357e-01
3.631099999995512917e-02
1.543170000000486652e-01
2.019619999999804349e-01
9.549700000002303568e-02
9.299399999997604027e-02
6.476000000003523382e-02
8.647399999995286635e-02
1.649240000000418149e-01
2.004870000000096297e-01
2.067429999999603751e-01
1.501880000000141990e-01
4.106600000000071304e-02
1.280030000000351720e-01
3.190399999999726788e-02
1.748529999999846041e-01
2.003159999999866159e-01
1.757179999999607389e-01
1.713290000000142754e-01
1.826910000000339096e-01
2.078359999999861429e-01
1.437300000000050204e-01
3.372899999999390275e-02
1.606259999999792853e-01
1.453970000000595064e-01
2.385239999999839711e-01
1.547719999999799256e-01
1.750360000000341643e-01
2.056469999999421816e-01
1.773940000000493455e-01
3.467399999999543070e-02
1.319530000000099790e-01
1.889509999999745560e-01
1.430560000000014043e-01
6.994300000002340312e-02
1.826309999999580214e-01
1.712789999999699830e-01
1.094600000000127693e-01
5.883399999999028296e-02
4.649100000006001210e-02
1.120740000000068903e-01
4.725999999993746314e-02
1.733870000000479195e-01
1.626550000000293039e-01
1.787349999999605643e-01
1.864669999999932770e-01
9.969499999999698048e-02
8.179200000000719228e-02
1.156930000000215841e-01
4.577799999998433123e-02
1.838309999999978572e-01
5.323699999996733823e-02
1.267129999999951906e-01
7.291100000003325476e-02
1.400580000000104519e-01
1.835140000000023974e-01
4.526499999997213308e-02
8.413699999999835200e-02
3.522200000003294917e-02
1.122929999999655593e-01
9.536000000002786692e-02
1.777369999999791617e-01
2.933000000001584340e-02
1.294379999999932807e-01
6.684300000000575892e-02
1.171709999999848151e-01
1.431620000000179971e-01
4.100299999998924250e-02
1.871920000000386608e-01
2.733299999994187601e-02
1.578390000000240434e-01
1.580620000000294567e-01
1.804189999999721294e-01
1.084210000000211949e-01
9.658500000000458385e-02
1.499919999999974607e-01
1.772879999999759093e-01
1.767330000000129075e-01
3.141899999997121995e-02
1.513580000000160908e-01
4.539599999998245039e-02
5.641200000002299930e-02
1.161440000000197870e-01
1.048419999999623542e-01
7.255800000001499939e-02
1.571359999999799584e-01
2.334309999999959473e-01
5.078100000002905290e-02
8.563299999997298073e-02
3.385100000002694287e-02
1.573789999999917200e-01
1.601239999999961583e-01
1.196699999999850661e-01
1.081240000000320833e-01
8.874900000000707223e-02
7.271099999996977203e-02
1.369540000000029067e-01
2.857000000000198270e-02
1.717090000000212058e-01
8.000199999997903433e-02
3.636799999998174826e-02
9.495100000003731111e-02
1.136539999999968131e-01
4.081399999995483086e-02
1.657050000000594991e-01
1.970549999999775537e-01
1.999109999999859610e-01
1.823180000000093059e-01
6.974200000001928856e-02
9.475700000001552326e-02
1.573899999999639476e-01
2.202270000000225991e-01
1.841719999999895663e-01
1.696729999999888605e-01
1.708330000000159998e-01
2.237800000000333966e-01
1.356040000000007240e-01
1.793069999999374886e-01
1.647990000000163491e-01
1.135909999999853426e-01
1.221850000000017644e-01
1.276710000000207401e-01
1.906809999999836691e-01
2.073350000000004911e-01
1.592780000000288965e-01
1.436859999999455795e-01
4.058300000002645902e-02
6.671699999998281783e-02
1.131000000000312866e-01
1.542689999999424799e-01
2.318890000000237706e-01
1.621519999999918582e-01
1.293500000000449290e-01
2.398979999999824031e-01
1.864419999999995525e-01
1.629100000000107684e-01
1.697570000000041546e-01
1.762549999999691863e-01
7.828100000006088521e-02
1.260909999999171305e-01
7.843100000002323213e-02
5.568700000003445894e-02
3.726099999994403333e-02
1.391070000000809159e-01
7.476299999996172119e-02
1.110860000000002401e-01
1.994060000000104083e-01
5.011000000001786248e-02
1.646890000000098553e-01
1.467379999999707252e-01
2.105980000000045038e-01
2.116319999999518586e-01
1.447210000000040964e-01
1.663030000000276232e-01
1.765500000000201908e-01
3.704899999996769111e-02
1.831670000000258369e-01
1.399829999999724350e-01
3.592000000003281457e-02
1.664519999999924948e-01
1.794739999999706015e-01
2.026900000000182445e-01
1.633810000000153195e-01
1.412009999999668253e-01
2.338310000000092259e-01
2.183680000000549626e-01
1.452469999999266292e-01
1.026810000000182299e-01
7.715100000001484659e-02
1.658099999999649299e-01
5.228000000005295078e-02
1.524650000000065120e-01
5.084899999997105624e-02
1.139170000000149230e-01
5.997999999999592546e-02
8.768500000002177330e-02
2.034409999999411411e-01
1.189070000000356231e-01
7.594999999997753548e-02
1.612989999999854263e-01
1.686340000000541295e-01
1.907439999999951397e-01
1.839459999999917272e-01
5.191700000000309956e-02
1.187039999999797146e-01
1.664890000000127657e-01
2.033950000000004366e-01
3.431459999999901811e-01
1.979739999999878819e-01
1.717080000000237305e-01
1.921699999999759711e-01
1.784499999999979991e-01
1.643660000000295440e-01
1.593649999999797728e-01
4.175699999996140832e-02
1.585140000000251348e-01
1.184720000000538676e-01
2.086539999999672546e-01
2.159670000000346590e-01
3.191779999999653228e-01
3.716400000001840453e-02
9.054399999996576298e-02
7.028800000000501313e-02
2.181769999999687570e-01
2.196510000000557739e-01
1.172369999999887114e-01
3.015499999997928171e-02
5.847900000003392051e-02
8.692500000000791260e-02
1.647209999999859065e-01
1.994310000000041327e-01
1.741559999999822139e-01
1.685390000000097643e-01
1.783300000000167529e-01
2.795099999997319173e-02
1.810990000000174405e-01
2.971099999996340557e-02
1.315390000000320470e-01
5.330800000001545413e-02
1.261679999999500978e-01
1.600250000000187356e-01
1.122260000000210312e-01
9.599299999996446786e-02
1.514750000000049113e-01
1.709240000000136206e-01
8.841400000000021464e-02
1.300939999999854990e-01
3.536409999999818865e-01
3.656399999999848660e-02
1.408040000000596592e-01
1.723569999999767788e-01
2.071300000000064756e-01
1.603949999999940701e-01
1.684869999999705215e-01
2.735900000004676258e-02
1.564219999999636457e-01
1.853080000000204564e-01
1.785669999999868196e-01
1.495639999999980319e-01
1.764980000000377913e-01
2.114329999999995380e-01
4.439699999994672908e-02
1.032560000000444234e-01
1.688709999999673528e-01
1.347499999999968168e-01
1.108660000000440959e-01
6.184199999995598773e-02
1.789590000000202963e-01
7.691099999999551073e-02
3.177500000003874447e-02
7.010199999996302722e-02
7.123000000001411536e-02
4.807799999997541818e-02
7.303699999999935244e-02
7.662099999998872590e-02
2.069190000000276086e-01
1.559710000000222863e-01
3.190199999994547397e-02
1.491240000000289001e-01
1.528979999999933170e-01
3.306500000002188244e-02
1.993600000000128603e-01
1.017629999999485335e-01
6.077600000003258174e-02
6.014399999997976920e-02
5.487300000004324829e-02
6.080599999995683902e-02
1.173020000000519758e-01
7.005899999995790495e-02
4.819800000001350782e-02
7.783799999998564090e-02
3.622699999999667853e-02
1.253490000000283544e-01
3.829699999994318205e-02
3.269000000005917173e-02
1.225989999999796964e-01
1.674109999999586762e-01
2.990900000003193782e-02
2.847700000000941145e-02
5.219599999998081330e-02
7.510000000002037268e-02
1.983539999999948122e-01
2.539699999999811553e-02
2.946299999996426777e-02
1.375120000000151776e-01
1.883950000000140790e-01
1.714580000000296423e-01
1.987879999999790925e-01
1.657210000000191030e-01
1.783569999999485844e-01
2.946400000001858643e-02
1.852580000000330074e-01
1.620749999999588908e-01
1.813100000000531509e-01
1.756459999999719912e-01
1.227810000000317814e-01
8.557199999995646067e-02
1.610289999999849897e-01
1.437390000000391410e-01
3.133500000001276931e-02
1.830580000000168184e-01
2.135009999999510910e-01
1.849829999999883512e-01
8.508900000003905006e-02
8.225999999996247425e-02
1.569220000000086657e-01
6.447100000002592424e-02
1.609950000000139880e-01
1.067939999999794054e-01
7.322499999997944542e-02
1.608919999999898209e-01
1.680739999999900647e-01
3.392600000000811633e-02
1.871920000000386608e-01
9.329599999995252801e-02
1.204560000000469699e-01
1.086080000000038126e-01
1.562609999999722277e-01
3.824600000001510125e-02
1.782000000000039108e-01
1.078249999999911779e-01
4.958900000002586239e-02
5.548299999998107523e-02
8.937799999995377220e-02
1.934590000000753207e-01
4.573799999997163468e-02
1.523230000000239670e-01
3.191399999997202030e-02
1.706059999999638421e-01
1.871790000000146392e-01
1.081280000000219843e-01
6.649099999998497879e-02
1.656550000000152068e-01
3.646900000001096487e-02
1.773220000000037544e-01
9.684800000002269371e-02
1.401479999999537540e-01
1.264279999999757820e-01
3.365500000000452019e-01
3.720699999996668339e-02
3.453620000000228174e-01
1.297389999999722932e-01
8.309600000001182707e-02
1.259589999999661813e-01
4.224300000004177491e-02
1.514060000000085893e-01
2.908700000000408181e-02
9.020299999997405394e-02
7.742899999999508509e-02
3.196000000002641173e-02
1.902790000000322834e-01
3.598899999991544973e-02
1.496550000000524960e-01
1.136679999999614665e-01
5.845900000002757224e-02
1.641470000000140317e-01
6.637899999998353451e-02
1.813089999999988322e-01
1.019200000000068940e-01
5.956499999996367478e-02
1.568910000000300897e-01
1.718490000000088003e-01
2.044470000000160326e-01
9.816899999998440762e-02
3.062800000003562673e-02
3.928999999993720849e-02
1.746890000000576038e-01
1.780869999999481479e-01
1.902190000000132386e-01
1.577720000000226719e-01
1.811490000000048894e-01
1.829059999999458341e-01
3.371800000002167508e-02
1.710959999999772663e-01
1.915890000000217697e-01
5.207799999999451757e-02
1.139950000000453656e-01
1.616109999999366664e-01
2.556000000004132744e-02
3.286700000001019362e-02
1.616459999999619868e-01
1.604439999999840438e-01
4.407200000002831075e-02
1.304969999999912034e-01
5.633600000004435060e-02
1.538919999999848187e-01
1.945680000000038490e-01
1.631590000000073815e-01
1.718779999999355823e-01
5.380300000007309791e-02
1.295049999999378088e-01
5.283600000001342778e-02
4.375300000003790046e-02
1.125609999999710453e-01
1.604879999999866413e-01
2.833500000002686647e-02
1.483020000000010441e-01
1.774300000000152977e-01
2.526299999999537249e-02
1.995210000000042783e-01
1.656109999999557658e-01
1.390510000000517721e-01
3.691299999996999759e-02
1.894449999999778811e-01
1.936110000000326181e-01
5.611299999998209387e-02
9.220299999998360363e-02
1.853350000000091313e-01
1.858640000000377768e-01
2.041519999999650281e-01
3.437400000001389344e-02
1.178090000000224791e-01
1.907119999999622451e-01
1.677320000000008804e-01
6.196400000004587127e-02
1.486069999999699576e-01
5.591400000002977322e-02
1.099999999999567990e-01
1.217310000000111359e-01
4.828200000002880188e-02
1.323239999999259453e-01
5.490900000006604387e-02
1.923139999999534666e-01
1.771400000000653563e-01
1.435799999999289867e-01
2.785499999998819476e-02
1.925870000000031723e-01
1.894830000000524706e-01
1.926399999999830470e-01
1.548760000000015680e-01
2.020019999999931315e-01
1.787590000000136570e-01
1.882679999999936626e-01
1.669590000000198415e-01
1.516419999999811807e-01
2.889299999998229396e-02
9.697300000004815956e-02
9.401799999994864265e-02
1.545300000000224827e-01
3.766200000001163062e-02
1.418269999999779429e-01
2.043289999999728934e-01
1.843810000000303262e-01
5.471799999997983832e-02
1.256350000000452383e-01
1.225589999999669999e-01
5.724400000002560773e-02
1.639109999999845968e-01
2.009460000000444779e-01
7.230299999997669147e-02
9.778699999998252679e-02
1.711409999999773390e-01
1.232130000000211112e-01
8.016399999996792758e-02
1.359790000000202781e-01
2.582800000004681351e-02
7.283300000000281216e-02
7.172199999996564657e-02
3.198200000002771048e-02
1.685009999999920183e-01
1.321140000000013970e-01
5.802899999997634950e-02
1.654209999999807224e-01
2.881200000001626904e-02
1.526369999999701577e-01
1.874329999999986285e-01
9.980000000001609806e-02
8.448199999997996201e-02
1.604320000000711843e-01
2.532449999999357715e-01
1.191090000000372129e-01
5.744800000002214801e-02
3.824399999996330735e-02
9.574200000002974775e-02
4.576899999995021062e-02
1.526080000000433756e-01
1.765339999999469001e-01
1.655890000000113105e-01
1.714330000000359178e-01
2.068549999999618194e-01
1.271849999999972169e-01
4.855500000007850758e-02
1.759669999999573520e-01
1.229399999999714055e-01
5.112700000000813816e-02
1.048170000000254731e-01
8.756099999999378269e-02
5.904999999995652615e-02
2.678940000000125110e-01
1.712610000000154287e-01
5.503300000003719106e-02
1.778509999999755564e-01
2.100960000000213768e-01
9.451799999999366264e-02
3.688199999999142165e-02
3.275999999999612555e-02
1.598809999999843967e-01
2.624299999996537736e-02
8.543600000007245399e-02
1.120669999999677202e-01
1.660989999999742395e-01
1.537289999999984502e-01
1.656570000000670007e-01
4.586599999993268284e-02
1.884890000000041255e-01
1.091100000000437831e-01
7.205099999998765270e-02
3.138899999999011925e-02
1.111329999999952634e-01
1.314669999999864558e-01
7.153199999999060310e-02
3.918400000003430250e-02
1.246840000000020154e-01
2.634000000000469299e-02
7.910099999998010389e-02
1.057270000000016807e-01
1.083590000000071996e-01
3.005600000000185901e-02
1.161140000000386863e-01
5.506900000000314321e-02
5.502299999994875179e-02
5.908800000003111563e-02
6.412999999997737177e-02
2.207280000000082509e-01
1.347870000000170876e-01
2.109609999999975116e-01
1.936709999999948195e-01
1.294269999999642096e-01
3.759999999999763531e-02
1.629310000000145919e-01
1.868900000000053296e-01
1.814370000000167238e-01
2.739800000000514046e-02
1.415440000000103282e-01
3.522899999995843245e-02
1.702010000000200307e-01
1.584050000000161162e-01
2.704999999997426130e-02
1.899170000000367509e-01
1.601430000000050313e-01
1.366629999999986467e-01
4.094799999995757389e-02
1.736880000000269320e-01
3.744699999998601925e-02
1.840779999999995198e-01
4.770999999999503416e-02
1.189449999999965257e-01
1.086690000000203327e-01
4.248899999998911881e-02
2.819399999998495332e-02
1.617190000000050532e-01
2.967799999998987914e-02
8.099199999998063504e-02
8.250700000002098022e-02
4.729900000000952787e-02
1.031229999999823121e-01
4.175800000001572698e-02
1.726949999999760621e-01
1.646650000000136060e-01
2.101480000000037762e-01
1.225100000000338696e-01
5.031099999996513361e-02
9.825699999998960266e-02
7.645600000000740692e-02
1.526589999999714564e-01
3.071400000004587127e-02
9.748500000000603904e-02
9.048899999999093779e-02
1.448520000000144137e-01
1.586609999999950560e-01
3.786200000001826993e-02
5.048899999997047416e-02
1.344499999999584361e-01
1.854570000000421715e-01
1.568599999999946704e-01
1.866630000000100154e-01
1.946029999999723259e-01
1.700690000000122382e-01
1.853680000000395012e-01
1.534039999999663451e-01
1.922350000000392356e-01
1.921729999999683969e-01
1.597320000000195250e-01
1.915950000000066211e-01
1.633749999999736247e-01
2.124210000000061882e-01
1.699709999999754473e-01
1.312460000000328364e-01
3.926599999999780266e-02
1.523760000000038417e-01
3.324799999995775579e-02
1.984560000000215041e-01
2.940599999999449210e-02
1.293900000000007822e-01
2.571199999999862484e-02
8.798000000001593435e-02
8.840399999996861879e-02
1.362760000000662330e-01
2.749099999994086829e-02
2.017460000000141918e-01
3.151100000002315937e-02
9.697599999998374187e-02
4.492299999998294879e-02
5.591200000003482273e-02
1.297329999999874417e-01
1.696959999999876345e-01
2.089370000000485561e-01
1.104359999999360298e-01
6.408800000002656816e-02
1.378559999999993124e-01
3.366899999997485793e-02
1.525040000000217333e-01
1.185249999999768988e-01
9.062099999999873035e-02
1.322670000000130131e-01
4.919699999999238571e-02
1.143589999999790052e-01
4.463400000003048262e-02
1.948629999999980100e-01
2.096880000000282962e-01
1.358749999999986358e-01
3.810099999998328713e-02
3.363099999995711187e-02
1.062110000000302534e-01
1.903420000000437540e-01
3.040699999996832048e-02
1.631140000000073087e-01
3.286900000000514410e-02
1.671180000000163091e-01
1.640589999999519932e-01
1.572830000000067230e-01
2.389330000000313703e-01
7.578599999999369174e-02
9.026399999999057400e-02
1.361430000000041218e-01
4.050599999999349166e-02
1.310010000000261243e-01
4.770299999995586404e-02
1.690070000000218897e-01
2.529299999997647319e-02
4.537600000003294554e-02
1.203209999999899082e-01
1.269309999999563843e-01
2.816000000001395165e-02
1.864810000000147738e-01
8.114599999998972635e-02
5.638799999996990664e-02
6.236000000001240551e-02
1.548730000000091422e-01
3.540000000003828973e-02
6.137899999998808198e-02
3.811400000000730870e-02
7.900899999998500789e-02
1.371740000000158943e-01
3.617900000000418004e-02
8.870000000001709850e-02
1.130600000000185901e-01
2.706999999992376615e-02
8.479700000003731475e-02
4.910599999999476495e-02
5.672700000002350862e-02
1.146739999999795145e-01
1.838829999999802567e-01
2.531800000002704110e-02
1.898269999999797619e-01
1.382030000000327163e-01
3.039199999994934842e-02
1.686670000000276559e-01
1.719360000000165201e-01
2.051219999999602805e-01
5.819100000002208617e-02
1.118539999999939027e-01
1.668099999999981264e-01
1.772100000000023101e-01
1.897360000000389846e-01
2.704699999998183557e-02
1.780200000000036198e-01
1.496480000000133259e-01
5.932599999994181417e-02
1.387809999999944921e-01
1.929700000000593718e-01
1.793789999999830798e-01
1.742219999999861102e-01
3.791699999999309512e-02
1.393620000000055370e-01
2.225870000000327309e-01
1.374009999999543652e-01
2.010860000000320724e-01
1.558779999999728716e-01
1.920890000000099462e-01
8.274499999998852218e-02
1.063920000000280197e-01
1.617089999999734573e-01
2.219370000000253640e-01
1.740360000000009677e-01
2.922300000000177533e-02
1.620509999999626416e-01
9.171300000002702291e-02
3.798699999998689236e-02
3.556800000001203443e-02
1.315079999999966276e-01
5.177599999996118640e-02
1.931160000000318178e-01
3.320800000000190266e-02
1.395819999999616812e-01
1.639390000000275904e-01
1.894480000000271502e-01
2.062179999999784741e-01
1.431980000000407927e-01
1.939319999999611355e-01
1.636689999999703105e-01
2.112970000000586879e-01
1.204209999999648062e-01
4.573100000004615140e-02
1.529139999999529209e-01
1.839350000000194996e-01
2.841299999994362224e-02
1.684580000000437394e-01
1.819050000000288492e-01
1.569039999999972679e-01
2.621099999998932617e-02
1.760209999999915453e-01
2.050120000000106302e-01
2.746300000001156150e-02
1.370499999999879037e-01
1.675200000000245382e-01
1.989969999999630090e-01
1.975699999999847023e-01
1.359909999999899810e-01
2.551400000004377944e-02
1.244689999999764041e-01
4.629900000003317473e-02
1.755890000000022155e-01
9.053899999997838677e-02
1.034619999999790707e-01
4.554200000001173976e-02
1.475070000000187065e-01
1.338529999999877873e-01
2.929899999998042404e-02
1.676800000000184809e-01
5.954800000000659566e-02
4.095000000000936780e-02
1.019640000000094915e-01
4.256599999996524275e-02
2.970599999997602936e-02
1.042620000000056280e-01
1.062310000000366017e-01
7.534800000001951048e-02
1.405999999999494321e-01
6.664300000005596303e-02
5.895099999997910345e-02
7.468099999999822103e-02
2.939100000003236346e-02
1.689189999999598513e-01
5.747800000000324872e-02
9.199300000000221189e-02
5.184699999995245889e-02
1.440770000000384243e-01
1.859870000000114487e-01
1.394099999999980355e-01
2.597500000001673470e-02
1.511049999999727333e-01
1.959800000000200271e-01
1.900420000000053733e-01
3.956699999997681516e-02
9.837399999997842315e-02
2.764200000001437729e-02
1.732709999999997308e-01
1.752889999999638349e-01
1.151920000000359323e-01
7.520400000004201502e-02
6.995000000000572982e-02
6.940299999996568658e-02
7.650499999999738066e-02
3.888299999999844658e-02
1.212830000000053587e-01
1.895879999999579013e-01
1.608010000000490436e-01
2.979699999997365012e-02
3.820200000001250373e-02
1.358840000000327564e-01
1.719159999999533284e-01
1.038490000000251712e-01
9.162199999997255873e-02
1.940349999999853026e-01
1.421020000000225991e-01
1.855669999999918218e-01
1.771640000000047621e-01
1.937200000000416367e-01
1.625459999999634420e-01
1.757660000000100808e-01
1.905999999999608008e-01
2.098530000000664586e-01
1.547379999999520805e-01
1.197120000000495565e-01
4.783799999995608232e-02
3.714999999999690772e-02
1.461450000000468208e-01
6.949199999996835686e-02
1.374020000000086839e-01
1.729429999999751999e-01
5.085400000001527587e-02
1.401099999999928514e-01
1.545879999999897336e-01
1.257620000000088112e-01
9.516700000000355431e-02
7.699199999996153565e-02
9.944500000005973561e-02
1.441859999999905995e-01
1.714849999999614738e-01
3.596400000003541209e-02
4.043100000001231820e-02
4.539399999998749990e-02
9.807999999998173735e-02
8.125900000004548929e-02
3.549699999996391853e-02
4.987499999998590283e-02
1.414090000000101099e-01
2.571199999999862484e-02
1.372749999999882675e-01
5.234500000000252840e-02
1.720920000000205619e-01
2.578900000003159221e-02
1.764179999999555548e-01
3.908899999998993735e-02
1.350439999999935026e-01
1.941310000000271430e-01
1.886930000000006658e-01
1.409770000000207801e-01
2.951300000000856016e-02
4.665999999997438863e-02
1.046589999999696374e-01
1.129460000000221953e-01
7.933800000000701402e-02
2.095340000000192049e-01
9.222199999999247666e-02
6.351299999994353129e-02
1.740080000000148175e-01
1.348720000000298569e-01
2.540499999997791747e-02
2.157090000000607688e-01
1.666749999999979082e-01
1.741349999999215470e-01
1.873850000000061300e-01
1.902100000000359614e-01
4.782299999999395368e-02
1.285200000000372711e-01
1.056289999999648899e-01
6.310999999999467036e-02
3.098299999999198917e-02
1.573589999999853717e-01
3.924900000004072353e-02
5.660599999998794374e-02
1.022779999999556821e-01
1.338590000000863256e-01
4.912699999999858846e-02
1.449649999999564898e-01
2.627599999999574720e-02
1.855199999999967986e-01
1.912100000000123146e-01
1.320190000000138753e-01
2.550400000001218359e-02
1.527999999999565262e-01
1.989270000000260552e-01
9.885800000000699583e-02
9.451599999999871216e-02
1.588439999999877728e-01
1.601660000000038053e-01
1.905950000000302680e-01
3.684299999997620034e-02
1.703319999999735046e-01
1.487250000000130967e-01
3.499800000003006062e-02
1.128259999999841057e-01
2.777699999995775215e-02
7.852800000006254777e-02
1.308219999999664651e-01
2.007879999999886422e-01
1.818079999999895335e-01
1.437129999999910979e-01
3.195700000003398600e-02
1.440749999999866304e-01
4.589299999997820123e-02
2.126910000000066248e-01
6.361400000002959132e-02
5.346099999997022678e-02
3.910000000001900844e-02
1.461669999999912761e-01
3.060900000002675370e-02
5.285599999996293263e-02
1.040729999999712163e-01
3.470800000002327579e-02
1.918520000000398795e-01
1.352139999999621978e-01
3.111100000000988075e-02
1.551110000000335276e-01
1.726659999999924366e-01
3.003000000001065928e-02
1.939919999999233369e-01
1.495490000000359032e-01
3.940600000004224057e-02
1.260219999999776519e-01
3.433899999998857311e-02
1.762299999999754618e-01
1.956090000000472173e-01
2.732900000000881846e-02
1.625659999999697902e-01
3.281699999996590122e-02
1.067940000000362488e-01
3.325700000004871981e-02
1.803389999999467364e-01
2.139329999999972642e-01
1.639870000000200889e-01
1.520590000000083819e-01
1.982150000000046930e-01
1.048339999999825523e-01
9.467999999998255589e-02
1.719459999999912725e-01
8.709800000008272036e-02
7.480799999990495053e-02
1.645700000000260843e-01
3.268799999995053440e-02
1.877730000000497057e-01
1.782010000000013861e-01
3.737300000005916445e-02
2.516899999994848258e-02
5.329399999999395732e-02
6.006700000000364525e-02
2.539500000006000846e-02
1.148039999999923566e-01
4.730999999992491212e-02
1.909340000000270265e-01
2.989800000000286673e-02
1.535109999999804131e-01
1.789090000000328473e-01
1.608789999999657994e-01
3.151600000001053559e-02
1.925999999999703505e-01
1.024350000000708860e-01
7.644500000003517926e-02
1.069489999999291285e-01
6.032999999996491169e-02
1.678229999999985012e-01
2.086780000000771906e-01
1.740509999999630963e-01
1.761139999999841166e-01
1.850760000000377659e-01
1.798220000000014807e-01
3.019999999997935447e-02
1.543219999999791980e-01
1.764120000000275468e-01
1.695750000000089130e-01
1.890319999999974243e-01
1.809830000000260952e-01
1.827909999998951207e-01
4.143640000000914370e-01
5.538300000000617729e-02
1.073789999999803513e-01
4.943099999997002669e-02
2.768899999995255712e-02
8.946600000001581066e-02
6.972500000000536602e-02
2.516400000007479321e-02
1.139929999999367283e-01
1.352910000000520085e-01
1.127119999999877109e-01
3.621499999997013219e-02
9.001500000005080437e-02
5.219299999993154415e-02
7.656800000006569462e-02
1.109749999999962711e-01
7.035699999994449172e-02
3.682500000002164597e-02
1.400350000000685213e-01
1.185229999999251049e-01
7.090600000003632886e-02
5.406199999993077654e-02
6.065600000005133552e-02
1.896530000000211658e-01
7.937299999997549094e-02
9.131700000000364525e-02
3.910799999999881038e-02
7.414099999999734791e-02
5.940599999996720726e-02
1.012300000000436739e-01
3.135699999995722465e-02
8.111000000008061761e-02
4.539799999992055746e-02
2.063249999999925421e-01
1.846320000000218897e-01
1.351920000000177424e-01
7.028899999994564496e-02
6.493799999998373096e-02
8.212000000003172318e-02
5.419900000003963214e-02
6.171900000003915920e-02
8.594399999992674566e-02
4.383799999999382635e-02
5.046900000007781273e-02
6.561599999997724808e-02
1.678919999999948232e-01
1.071889999999484644e-01
9.107400000004872709e-02
1.222559999999361935e-01
1.195360000000391665e-01
1.175559999999791216e-01
1.260960000000181935e-01
1.263380000000324799e-01
6.233699999995678809e-02
7.041500000002542947e-02
1.087089999999761858e-01
8.324800000002596789e-02
9.400400000004083267e-02
3.235000000000809450e-02
2.307369999999764332e-01
2.577500000001009539e-02
9.374809999999911270e-01
1.334759999999732827e-01
nan
