1.172400000000000553e+00
2.125229999999991293e-01
1.882840000000003400e-01
2.327339999999997744e-01
1.779279999999996420e-01
1.829500000000008342e-01
9.796719999999998763e-01
4.554249999999999687e-01
1.323511999999999134e+00
4.281050000000004019e-01
1.776700000000008828e-01
1.163036999999999210e+00
4.392639999999996547e-01
1.337207000000001145e+00
4.237959999999993954e-01
1.342871999999999844e+00
4.343690000000002271e-01
1.113497000000000625e+00
1.942029999999981271e-01
4.434110000000011098e-01
1.319731000000000876e+00
4.306809999999998695e-01
1.087696000000001106e+00
2.090019999999981337e-01
4.688200000000009027e-01
1.328217999999999677e+00
4.202450000000013119e-01
1.326017999999997699e+00
4.102440000000022735e-01
1.311372999999999678e+00
4.353119999999996992e-01
1.137036999999995857e+00
1.889070000000003802e-01
4.242220000000038738e-01
1.304483999999995092e+00
4.166670000000038954e-01
1.045557999999996213e+00
6.648929999999992901e-01
1.303512000000004889e+00
4.303560000000032915e-01
1.311151999999992768e+00
4.111840000000057671e-01
1.326915999999997098e+00
4.049230000000036966e-01
1.286130999999997471e+00
4.007940000000047576e-01
1.323883999999992511e+00
4.206670000000016785e-01
1.329680000000003304e+00
3.950029999999955521e-01
1.334897999999995477e+00
4.072790000000097166e-01
1.322479999999998768e+00
3.696919999999934703e-01
1.333181000000003280e+00
3.951689999999956626e-01
1.126911000000006879e+00
1.955939999999998236e-01
4.343649999999996680e-01
1.265410000000002810e+00
4.266409999999964953e-01
1.330300000000001148e+00
4.421999999999997044e-01
2.142389999999991801e-01
1.037409000000003800e+00
4.390819999999919787e-01
1.309837000000001694e+00
3.952300000000050773e-01
1.342011999999996874e+00
4.137150000000033856e-01
1.304260999999996784e+00
4.302179999999964366e-01
1.314182000000009509e+00
4.000270000000014647e-01
6.283849999999944203e-01
1.998689999999925249e-01
2.532450000000068258e-01
1.882090000000005148e-01
4.622659999999996217e-01
1.316927999999997212e+00
4.348919999999978359e-01
1.082383000000000095e+00
1.849590000000063128e-01
4.392619999999993752e-01
1.078868999999997413e+00
1.973550000000017235e-01
6.187089999999955126e-01
2.741180000000014161e-01
6.678010000000114132e-01
6.054740000000009559e-01
2.144549999999867396e-01
1.925345000000007190e+00
1.902539999999959264e-01
4.873589999999978772e-01
6.494639999999947122e-01
1.778510000000039781e-01
1.834029999999984284e-01
8.935380000000066048e-01
4.208949999999873626e-01
1.321856000000011022e+00
1.878880000000009431e-01
2.252220000000022537e-01
1.778259999999960428e-01
1.830020000000018854e-01
9.832049999999981083e-01
4.245500000000106411e-01
1.306695999999988089e+00
4.559929999999923211e-01
1.779780000000101836e-01
1.831570000000084519e-01
9.692519999999831271e-01
4.067220000000162372e-01
1.298596999999986679e+00
4.438280000000105474e-01
1.777879999999925076e-01
1.116219000000000960e+00
4.251859999999965112e-01
1.351596000000014897e+00
3.959609999999855745e-01
1.776710000000036871e-01
1.831699999999898409e-01
9.679710000000056880e-01
4.092210000000022774e-01
1.351144000000005008e+00
4.174479999999931579e-01
1.779669999999953234e-01
1.830360000000013088e-01
9.868249999999960664e-01
4.450320000000118625e-01
8.763040000000046348e-01
2.359089999999923748e-01
6.736679999999921620e-01
1.779400000000066484e-01
1.158721999999997365e+00
4.165690000000097371e-01
1.302046999999987520e+00
4.646970000000010259e-01
1.776890000000008740e-01
1.161862999999996759e+00
4.474330000000179552e-01
1.321760999999995079e+00
4.102230000000020027e-01
1.350189999999997781e+00
4.193849999999912370e-01
1.329295999999999367e+00
4.156349999999946476e-01
1.376043000000009897e+00
4.244820000000117943e-01
1.292592999999996550e+00
4.329779999999914253e-01
1.349887999999992871e+00
4.237840000000119289e-01
1.330427999999997724e+00
4.113119999999952370e-01
1.349282000000002313e+00
4.359280000000040900e-01
1.318369999999987385e+00
4.529910000000256787e-01
1.330959999999976162e+00
4.025400000000161072e-01
1.327049000000002366e+00
4.083669999999983702e-01
1.377831999999997947e+00
4.195659999999890033e-01
1.305019000000001483e+00
4.081820000000107029e-01
1.387174999999999159e+00
4.028350000000102682e-01
1.337289999999981660e+00
3.921100000000166119e-01
1.778439999999932297e-01
1.197210999999981595e+00
3.980200000000166938e-01
6.659809999999879437e-01
2.035219999999924312e-01
2.596080000000142718e-01
1.879449999999991405e-01
1.772209999999745378e-01
2.623810000000332820e-01
1.775389999999958945e-01
1.119411999999982754e+00
4.087269999999989523e-01
1.382322000000016260e+00
3.974199999999825650e-01
2.142920000000287928e-01
1.831379999999853680e-01
7.452609999999992851e-01
2.162450000000148975e-01
6.278069999999900119e-01
2.769010000000093896e-01
6.427539999999964948e-01
6.592200000000048021e-01
2.188519999999982701e-01
1.985175999999995611e+00
1.903539999999850352e-01
4.728630000000180189e-01
4.739859999999680440e-01
3.520590000000254349e-01
2.882180000000005293e-01
2.978960000000085984e-01
2.980450000000018917e-01
3.113759999999956563e-01
3.947689999999965949e-01
1.123097999999998819e+00
2.427669999999864103e-01
4.527600000000120417e-01
1.271938999999974840e+00
4.326100000000110413e-01
1.142173000000013872e+00
2.288810000000012224e-01
4.409569999999973788e-01
1.346551999999974214e+00
4.065030000000149357e-01
1.135439000000019405e+00
2.170979999999929078e-01
4.137669999999786796e-01
1.382822000000004437e+00
3.894520000000056825e-01
1.140017000000028702e+00
2.637419999999792708e-01
1.882800000000202090e-01
2.135699999999758347e-01
1.778780000000210748e-01
1.830290000000047712e-01
1.043188999999983935e+00
4.195669999999722677e-01
1.357695000000035179e+00
4.185399999999788179e-01
1.781050000000163891e-01
1.215116999999992231e+00
3.881640000000174950e-01
1.368482999999969252e+00
4.077590000000270720e-01
1.779419999999731772e-01
1.196534000000013975e+00
4.025479999999959091e-01
1.393972999999988360e+00
4.215070000000196160e-01
1.357185999999984460e+00
4.398360000000138825e-01
6.571780000000160271e-01
2.161829999999724805e-01
2.382100000000093587e-01
1.882610000000113359e-01
4.804049999999904230e-01
1.778219999999919310e-01
1.829400000000021009e-01
1.829180000000008022e-01
8.239000000000089585e-01
4.196359999999970114e-01
1.377159999999975071e+00
4.290469999999970696e-01
1.780970000000365872e-01
1.194293999999985090e+00
4.034560000000055879e-01
6.414859999999862339e-01
2.096610000000111995e-01
2.343839999999772772e-01
6.759180000000242217e-01
1.777920000000108303e-01
1.829329999999913525e-01
1.021936999999979889e+00
4.212870000000350501e-01
1.365973999999994248e+00
4.619500000000016371e-01
1.780429999999739721e-01
1.830230000000199198e-01
9.831819999999993342e-01
4.199399999999968713e-01
7.277129999999942811e-01
1.826510000000212131e-01
2.207789999999647534e-01
6.545220000000142591e-01
1.962730000000192376e-01
1.831139999999891188e-01
9.716579999999908068e-01
4.249360000000024229e-01
1.375763000000006286e+00
4.529459999999971842e-01
1.780579999999929441e-01
1.830439999999953216e-01
9.855200000000081673e-01
4.169659999999737465e-01
1.155853000000007569e+00
2.057980000000156906e-01
4.188190000000133750e-01
1.382666999999997870e+00
4.089629999999715437e-01
1.334342000000020789e+00
2.015550000000132513e-01
2.367500000000006821e-01
1.778089999999679094e-01
1.829690000000141481e-01
1.018424999999979264e+00
3.733740000000125292e-01
1.369793000000015581e+00
4.132510000000024775e-01
1.779339999999933752e-01
1.158069000000011783e+00
4.350689999999985957e-01
1.346738999999985253e+00
4.275790000000085911e-01
1.779659999999694264e-01
2.013630000000148357e-01
9.769440000000031432e-01
3.982029999999951997e-01
6.625930000000153086e-01
1.965600000000051750e-01
2.496270000000038181e-01
6.578059999999936736e-01
1.778689999999869542e-01
1.829070000000285745e-01
1.017855999999966343e+00
4.265100000000074942e-01
1.324091000000009899e+00
1.879809999999793035e-01
2.414410000000088985e-01
1.779960000000073705e-01
1.831019999999909942e-01
9.968550000000107048e-01
3.965819999999951051e-01
2.358790000000112741e-01
8.844929999999919801e-01
6.371369999999956235e-01
1.330488000000030979e+00
4.007059999999569300e-01
1.132284999999995989e+00
2.001250000000140972e-01
4.531499999999937245e-01
1.312049000000030219e+00
4.132159999999487354e-01
1.132060000000024047e+00
2.103350000000148157e-01
4.411609999999654974e-01
1.780940000000157397e-01
1.093997000000001663e+00
4.425330000000258224e-01
1.295505999999988944e+00
4.369770000000130494e-01
1.320029000000005226e+00
4.240889999999524207e-01
1.333193000000022721e+00
4.367200000000082127e-01
1.288217999999972108e+00
4.316160000000195396e-01
1.338896000000005415e+00
4.333200000000090313e-01
1.293385999999998148e+00
4.435259999999630054e-01
1.330318000000033862e+00
4.172939999999982774e-01
1.314841999999970312e+00
4.341670000000021901e-01
1.316430000000025302e+00
4.437580000000025393e-01
1.294875999999987926e+00
4.331010000000219407e-01
1.310334999999952288e+00
4.452730000000144628e-01
1.307147000000014714e+00
4.356980000000021391e-01
1.337231999999971777e+00
4.090250000000139607e-01
1.310336000000035028e+00
4.330629999999757729e-01
1.132348000000007460e+00
5.998009999999851516e-01
1.298256000000009180e+00
4.357390000000123109e-01
1.337258999999960452e+00
4.242120000000113578e-01
1.284093000000041229e+00
4.322329999999965366e-01
1.319608999999985599e+00
4.321450000000197633e-01
1.281029999999987012e+00
4.498189999999908650e-01
1.349266000000000076e+00
3.838879999999846859e-01
1.346368999999981497e+00
4.258500000000253749e-01
1.330534999999997581e+00
4.404059999999958563e-01
1.286708000000032825e+00
4.275979999999890424e-01
1.327883999999983189e+00
4.192590000000109285e-01
1.328105999999991127e+00
4.138330000000109976e-01
6.515120000000251821e-01
2.124879999999507163e-01
2.328080000000340988e-01
6.354969999999866559e-01
1.375307000000020707e+00
4.109379999999873689e-01
1.294443999999998596e+00
4.529780000000300788e-01
1.297128999999927146e+00
4.150360000000432592e-01
1.310833000000002357e+00
4.444879999999784559e-01
1.295365000000003874e+00
4.664589999999861902e-01
1.135446000000001732e+00
2.119860000000244327e-01
4.367330000000038126e-01
1.288990000000012515e+00
4.517730000000028667e-01
6.787229999999908614e-01
1.799540000000092732e-01
2.471779999999625943e-01
6.788510000000087530e-01
1.302433000000007723e+00
4.585289999999986321e-01
1.311394000000007054e+00
4.066039999999588872e-01
1.378584000000046217e+00
4.236310000000003129e-01
6.456509999999866523e-01
6.618399999999837746e-01
4.520830000000159998e-01
1.086218999999971402e+00
4.620700000000397267e-01
4.399569999999926040e-01
2.673490000000242617e-01
6.582209999999690808e-01
6.626830000000154541e-01
1.769739999999728752e-01
9.568510000000287619e-01
4.377659999999536922e-01
1.953139999999962129e-01
2.103170000000318396e-01
2.529189999999630345e-01
6.503700000000094406e-01
6.702890000000252257e-01
1.117169999999987340e+00
4.638650000000552609e-01
1.853809999999498359e-01
2.342110000000161563e-01
2.396959999999808133e-01
6.699399999999968713e-01
6.570530000000189830e-01
1.774310000000127729e-01
1.827769999999873107e-01
7.616320000000200707e-01
4.229980000000068685e-01
4.085000000000036380e-01
2.610869999999749780e-01
6.523030000000176187e-01
6.725149999999757711e-01
1.130297999999982039e+00
4.358620000000428263e-01
1.972399999999652209e-01
2.161580000000071777e-01
2.461989999999900647e-01
7.091659999999819775e-01
6.690710000000308355e-01
1.777289999999993597e-01
9.227740000000039799e-01
4.525919999999814536e-01
2.242640000000051259e-01
2.207220000000233995e-01
9.700459999999679894e-01
6.349240000000122564e-01
1.775630000000205655e-01
9.160309999999753927e-01
4.411150000000247928e-01
2.028589999999894644e-01
2.115649999999504871e-01
2.580820000000585424e-01
6.832190000000082364e-01
6.635200000000054388e-01
1.775699999999460488e-01
7.625810000000114997e-01
2.083930000000577820e-01
6.319629999999847314e-01
2.651939999999513020e-01
6.623690000000124201e-01
2.417970000000195796e-01
2.154560000000174114e-01
4.555659999999761567e-01
2.540809999999851243e-01
1.784760000000460423e-01
4.650919999999700849e-01
2.393999999999891770e-01
6.112980000000334257e-01
2.594959999999559841e-01
6.948189999999954125e-01
2.385590000000092914e-01
2.290110000000140644e-01
4.494429999999738357e-01
1.988830000000234577e-01
6.581249999999840838e-01
2.091390000000501459e-01
6.614319999999338506e-01
2.166800000000534965e-01
6.884880000000066502e-01
2.220079999999597931e-01
6.672929999999723805e-01
2.425950000000511864e-01
1.784489999999436805e-01
5.212720000000672371e-01
1.979369999999676111e-01
6.591060000000084074e-01
2.246310000000448781e-01
6.707989999999313113e-01
2.070360000000164291e-01
6.526880000000119253e-01
2.195809999999482898e-01
6.817660000000387299e-01
2.013379999999642678e-01
6.598490000000651889e-01
2.323680000000081236e-01
6.945959999999899992e-01
2.246589999999741849e-01
6.399950000000558248e-01
2.145439999999894098e-01
6.974119999999288666e-01
2.067130000000361179e-01
6.838250000000130058e-01
2.435419999999908214e-01
6.280150000000048749e-01
2.372680000000286782e-01
6.799189999999839529e-01
2.217129999999656320e-01
6.700020000000108666e-01
2.106339999999704560e-01
6.224180000000387736e-01
2.281100000000151340e-01
6.896989999999618703e-01
2.242019999999911306e-01
6.627149999999915053e-01
2.433060000000182299e-01
6.448030000000244399e-01
2.228719999999952961e-01
6.820149999999784995e-01
2.401930000000334076e-01
6.808089999999538122e-01
2.152740000000221698e-01
6.503350000000409636e-01
9.011509999999702814e-01
2.207229999999640313e-01
6.580110000000445325e-01
2.281049999999709144e-01
6.709109999999895990e-01
2.328930000000468681e-01
6.434919999999806350e-01
2.430519999999773972e-01
6.595399999999926877e-01
2.017090000000507644e-01
6.557070000000067012e-01
2.254849999999919419e-01
6.583029999999894244e-01
2.178529999999909705e-01
6.784400000000232467e-01
1.786069999999426727e-01
9.589910000000259060e-01
2.034040000000345572e-01
6.528619999999705215e-01
2.268960000000106447e-01
1.421171999999955915e+00
2.265370000000643813e-01
