6.980790000000007822e-01
1.987109999999994159e-01
2.268940000000005952e-01
2.315339999999999065e-01
2.141719999999995849e-01
2.008159999999996614e-01
2.516780000000000683e-01
2.339520000000003819e-01
1.909089999999995513e-01
2.165870000000014173e-01
2.389329999999985077e-01
2.256870000000006371e-01
2.256050000000007216e-01
1.942019999999979873e-01
4.675600000000006418e-01
2.043040000000004852e-01
2.285099999999999909e-01
2.396030000000006766e-01
2.064529999999997756e-01
1.940679999999996852e-01
2.162649999999999295e-01
2.625659999999996330e-01
2.156120000000001369e-01
2.074320000000007269e-01
2.228449999999995157e-01
2.521579999999996602e-01
1.969360000000008881e-01
2.386869999999987613e-01
1.848039999999997463e-01
2.311960000000006232e-01
2.151479999999992287e-01
2.070570000000007127e-01
2.233690000000017051e-01
2.635699999999996379e-01
2.268039999999995615e-01
2.057880000000000820e-01
2.017799999999976279e-01
2.271820000000008832e-01
4.125680000000002678e-01
2.555490000000020245e-01
2.164000000000001478e-01
2.260839999999983974e-01
2.060119999999994178e-01
2.239260000000022899e-01
2.381969999999995480e-01
4.521169999999976596e-01
2.218369999999989517e-01
2.061690000000027112e-01
4.384219999999992012e-01
1.984429999999974825e-01
2.207930000000040138e-01
4.696759999999962076e-01
4.790770000000037498e-01
1.795620000000006655e-01
4.278959999999969455e-01
2.483830000000040172e-01
2.172959999999974912e-01
1.918739999999985457e-01
2.222870000000014556e-01
2.218089999999968143e-01
2.315730000000009170e-01
1.815920000000019741e-01
2.049590000000023338e-01
2.393969999999967513e-01
4.251780000000024984e-01
6.854169999999975005e-01
4.456710000000008165e-01
2.456579999999988217e-01
3.776220000000023447e-01
2.685099999999991383e-01
2.295709999999999695e-01
2.331649999999996226e-01
3.635249999999992099e-01
2.726520000000007826e-01
3.798040000000000305e-01
2.420249999999981583e-01
2.192410000000002412e-01
2.349840000000007478e-01
4.142970000000012476e-01
2.347409999999996444e-01
4.245970000000021116e-01
1.939659999999960860e-01
2.534729999999996153e-01
2.411670000000043501e-01
2.128920000000000812e-01
1.930189999999996076e-01
1.910359999999968750e-01
2.461120000000001085e-01
2.009700000000016473e-01
2.095340000000014413e-01
2.540149999999989916e-01
2.018149999999998556e-01
2.198859999999989157e-01
2.149679999999989377e-01
2.321309999999989770e-01
1.841460000000054720e-01
1.907709999999944728e-01
2.321750000000015746e-01
1.955980000000039354e-01
2.277549999999983754e-01
3.783590000000032205e-01
2.391889999999925465e-01
2.307520000000025107e-01
8.912640000000031648e-01
3.778709999999918523e-01
2.705190000000001760e-01
1.849680000000049063e-01
1.988309999999984257e-01
2.087920000000025311e-01
2.408099999999961938e-01
2.103600000000085402e-01
1.983519999999927563e-01
2.069019999999994752e-01
2.272640000000052396e-01
2.312379999999976121e-01
2.158200000000007890e-01
2.171430000000000859e-01
2.193669999999983133e-01
2.488039999999998031e-01
4.251210000000043010e-01
2.366339999999951260e-01
1.939819999999983224e-01
1.902430000000023824e-01
2.240610000000060609e-01
2.412299999999945044e-01
1.892830000000031987e-01
2.124629999999925190e-01
1.826690000000041891e-01
2.394960000000025957e-01
2.351749999999981355e-01
1.913359999999997285e-01
2.215339999999983434e-01
2.282969999999977517e-01
2.145300000000034402e-01
2.149769999999975312e-01
1.883949999999998681e-01
2.068220000000025038e-01
2.502759999999994989e-01
2.252809999999954016e-01
2.067400000000034765e-01
1.989319999999992206e-01
2.258580000000023347e-01
1.895500000000041041e-01
2.155819999999906145e-01
2.262420000000062714e-01
2.236189999999993461e-01
1.923400000000015098e-01
2.147519999999971674e-01
2.202880000000035920e-01
2.391429999999985512e-01
4.170579999999972642e-01
2.367200000000053706e-01
2.068729999999945335e-01
1.898040000000023042e-01
2.458869999999961919e-01
2.078330000000008226e-01
2.167590000000032546e-01
2.031810000000007221e-01
1.815319999999971401e-01
2.281850000000034129e-01
2.470299999999951979e-01
1.844350000000005707e-01
2.602460000000021978e-01
2.102950000000021191e-01
2.074939999999969586e-01
2.299890000000033297e-01
2.018969999999953302e-01
2.445009999999996353e-01
1.902100000000004343e-01
1.966080000000047789e-01
2.164119999999982724e-01
2.549100000000024124e-01
1.883359999999996148e-01
1.817929999999989832e-01
2.345010000000016248e-01
2.296819999999968331e-01
2.206520000000011805e-01
1.837280000000021118e-01
2.198179999999965162e-01
2.147950000000022897e-01
2.253380000000007044e-01
1.909739999999970905e-01
2.384149999999962688e-01
2.222400000000064324e-01
2.161469999999994229e-01
2.085319999999981633e-01
1.970809999999971751e-01
2.350819999999984589e-01
1.951720000000065625e-01
2.036439999999970496e-01
2.035959999999974457e-01
2.287400000000019418e-01
2.539110000000022183e-01
1.821699999999992770e-01
2.163229999999956021e-01
2.059940000000040072e-01
2.347229999999953520e-01
2.394330000000053360e-01
1.814809999999980050e-01
2.613259999999968386e-01
2.036760000000015225e-01
1.816579999999987649e-01
2.269840000000087343e-01
2.260739999999969996e-01
2.170909999999892648e-01
1.918150000000053979e-01
2.100730000000012865e-01
1.991760000000013520e-01
2.804249999999939291e-01
1.956660000000027821e-01
2.252020000000030109e-01
2.261239999999986594e-01
1.927800000000061686e-01
2.249750000000005912e-01
2.000729999999961706e-01
2.296530000000061023e-01
2.427269999999879246e-01
2.025160000000028049e-01
2.004520000000056257e-01
2.381530000000040559e-01
2.209169999999929246e-01
3.817779999999970642e-01
2.571070000000119649e-01
2.236009999999879483e-01
1.956259999999971910e-01
2.129480000000114615e-01
2.338079999999962411e-01
1.989729999999951815e-01
2.186829999999986285e-01
2.055910000000054083e-01
2.415459999999924889e-01
2.234350000000091541e-01
1.905309999999929005e-01
2.010540000000062832e-01
2.454679999999953566e-01
2.143390000000024997e-01
2.081489999999988072e-01
2.082350000000090517e-01
2.425139999999856855e-01
2.282800000000051455e-01
1.938480000000026848e-01
2.223979999999983193e-01
1.945559999999986189e-01
2.434510000000074115e-01
1.985989999999944189e-01
2.343670000000059872e-01
2.197449999999960824e-01
2.022720000000006735e-01
2.105949999999978672e-01
1.908789999999953579e-01
2.670750000000055024e-01
1.941790000000054306e-01
1.872859999999860747e-01
2.165800000000075443e-01
2.400279999999952452e-01
2.150600000000082446e-01
1.938999999999992951e-01
2.264849999999967167e-01
2.040350000000046293e-01
2.212249999999897909e-01
2.240500000000054115e-01
2.001660000000100581e-01
2.382599999999968077e-01
1.836569999999824176e-01
1.916950000000099408e-01
4.954699999999974125e-01
2.385880000000071277e-01
4.429669999999958918e-01
2.161140000000045802e-01
2.180249999999972488e-01
1.694926999999992745e+00
6.575990000000047075e-01
6.007010000000008176e-01
3.001110000000011269e-01
3.865600000000029013e-01
1.910380000000060363e-01
2.420209999999940464e-01
2.066990000000004102e-01
4.132079999999973552e-01
2.557529999999985648e-01
2.128239999999976817e-01
1.958020000000004757e-01
2.276999999999986812e-01
2.037720000000007303e-01
4.487869999999958281e-01
2.121270000000095024e-01
2.448999999999870170e-01
2.198950000000081673e-01
1.923210000000068476e-01
2.248729999999881102e-01
2.317200000000099180e-01
2.124189999999970269e-01
4.357310000000040873e-01
2.167069999999995389e-01
2.094780000000042719e-01
2.094900000000023965e-01
2.305509999999912907e-01
1.887980000000055725e-01
4.227039999999959718e-01
2.299440000000032569e-01
2.505059999999872389e-01
4.157129999999966685e-01
2.455930000000137170e-01
2.387379999999978963e-01
1.981309999999893989e-01
4.317010000000038872e-01
2.323440000000118744e-01
2.119689999999962993e-01
2.076989999999909742e-01
2.057960000000065293e-01
2.090809999999976299e-01
4.052729999999939992e-01
2.262030000000123664e-01
2.224939999999975271e-01
2.438949999999948659e-01
1.898900000000054433e-01
2.172240000000016380e-01
2.121989999999982501e-01
2.497550000000074988e-01
2.079439999999834754e-01
1.904680000000098516e-01
2.245569999999901256e-01
2.229449999999957299e-01
2.047750000000121418e-01
2.570170000000047139e-01
4.289409999999946876e-01
1.818770000000000664e-01
1.977559999999982665e-01
2.414150000000034879e-01
2.088849999999951024e-01
1.824570000000136361e-01
2.482659999999867750e-01
2.616310000000083846e-01
2.072759999999931324e-01
2.112819999999970833e-01
2.143940000000128521e-01
2.530239999999963629e-01
2.059770000000042955e-01
2.135439999999846350e-01
2.131670000000127629e-01
2.191629999999946676e-01
2.215329999999937627e-01
2.329009999999982483e-01
2.118120000000089931e-01
2.457369999999912125e-01
2.517030000000062273e-01
1.956069999999954234e-01
2.364690000000138070e-01
2.439649999999886631e-01
2.168629999999893698e-01
2.435370000000034452e-01
1.753360000000157015e-01
2.494119999999924175e-01
2.212370000000021264e-01
1.855390000000056716e-01
2.290369999999910533e-01
2.228490000000107329e-01
6.669209999999878846e-01
6.740369999999984429e-01
2.558460000000053469e-01
2.137029999999953134e-01
2.256250000000079581e-01
3.988629999999915299e-01
2.289260000000012951e-01
2.003760000000056607e-01
1.876350000000002183e-01
2.299450000000007321e-01
2.252220000000022537e-01
2.347740000000015925e-01
4.248159999999927550e-01
1.800769999999971560e-01
2.317700000000115779e-01
5.093249999999898137e-01
2.558719999999965466e-01
1.885280000000051359e-01
4.032729999999986603e-01
4.444540000000074542e-01
1.973449999999985494e-01
2.429569999999898755e-01
2.162460000000123728e-01
2.425039999999825113e-01
1.866310000000197533e-01
2.222629999999981010e-01
2.397219999999862239e-01
2.182530000000042492e-01
2.193890000000067175e-01
2.166549999999887177e-01
2.320570000000117261e-01
2.207469999999887023e-01
2.373150000000094906e-01
1.817949999999939337e-01
2.301020000000022492e-01
2.157990000000040709e-01
2.227819999999951506e-01
2.035640000000000782e-01
2.516030000000029077e-01
3.952830000000062682e-01
2.078279999999921301e-01
2.405159999999995080e-01
2.448040000000020200e-01
2.043910000000010996e-01
2.178509999999960201e-01
2.410400000000123555e-01
1.911609999999797083e-01
4.320630000000136306e-01
2.867799999999789407e-01
1.856780000000100017e-01
2.018830000000093605e-01
2.179059999999992669e-01
2.183480000000059817e-01
2.334050000000047476e-01
2.028260000000017271e-01
2.064280000000024984e-01
2.405559999999695719e-01
2.530270000000029995e-01
2.210710000000091213e-01
2.487769999999898118e-01
1.789750000000083219e-01
2.612290000000001555e-01
4.159820000000138407e-01
2.508559999999988577e-01
3.896799999999842612e-01
2.299630000000121299e-01
2.381759999999957245e-01
2.197490000000072996e-01
2.115499999999883585e-01
2.057359999999874844e-01
2.467540000000099099e-01
2.196059999999988577e-01
2.062430000000006203e-01
2.207279999999940401e-01
2.162500000000022737e-01
2.281750000000073442e-01
2.099650000000110595e-01
1.970609999999908268e-01
2.686160000000086256e-01
1.982109999999863703e-01
2.237219999999950915e-01
2.178590000000184546e-01
2.431519999999949277e-01
3.940829999999806432e-01
2.248570000000142954e-01
2.393979999999942265e-01
2.251550000000008822e-01
1.978710000000063474e-01
2.196280000000001564e-01
2.180280000000038854e-01
2.079389999999818883e-01
4.485970000000207847e-01
2.384160000000008495e-01
2.202389999999923020e-01
1.990830000000016753e-01
2.261919999999975062e-01
2.528150000000124464e-01
2.074679999999915481e-01
2.100340000000073815e-01
2.025089999999778456e-01
2.402490000000057080e-01
2.279740000000032296e-01
1.952080000000080418e-01
2.289479999999883830e-01
2.076330000000154996e-01
2.397689999999954580e-01
4.183870000000098344e-01
2.275939999999962993e-01
2.222389999999876409e-01
1.922660000000178115e-01
2.347829999999788697e-01
2.175170000000150594e-01
2.401440000000008013e-01
4.114809999999948786e-01
2.278869999999955098e-01
2.410229999999984329e-01
2.028590000000036753e-01
2.099219999999917263e-01
2.234330000000142036e-01
2.199770000000000891e-01
2.199049999999829197e-01
2.036030000000010887e-01
4.734610000000145646e-01
1.968229999999948632e-01
2.160039999999980864e-01
2.434530000000023620e-01
2.202690000000018244e-01
1.936489999999935208e-01
2.156639999999896418e-01
2.412960000000055061e-01
2.135870000000039681e-01
2.040570000000059281e-01
2.334040000000072723e-01
2.624629999999825714e-01
1.863179999999999836e-01
2.163600000000087675e-01
2.121029999999990423e-01
2.239009999999979073e-01
2.358879999999885513e-01
1.873500000000092314e-01
2.082680000000181053e-01
2.311389999999846623e-01
2.373450000000048021e-01
2.149209999999754928e-01
2.026390000000333202e-01
2.459729999999922256e-01
2.290790000000129112e-01
2.083099999999831198e-01
2.055369999999925312e-01
1.945910000000026230e-01
2.430390000000102191e-01
2.307739999999967040e-01
1.991589999999803240e-01
2.423450000000002547e-01
1.899410000000330001e-01
2.466969999999832908e-01
2.272279999999966549e-01
2.159029999999972915e-01
2.334230000000161453e-01
2.022059999999896718e-01
2.036530000000027485e-01
2.333120000000121763e-01
2.277989999999761039e-01
1.860510000000203945e-01
2.221179999999947086e-01
2.409539999999879001e-01
2.108220000000073924e-01
4.422299999999950160e-01
2.040939999999977772e-01
2.102780000000166183e-01
4.733599999999853480e-01
1.938710000000014588e-01
1.819989999999904740e-01
2.589060000000245054e-01
2.358720000000005257e-01
2.287349999999719330e-01
2.148650000000316140e-01
1.379548999999997250e+00
4.531519999999886750e-01
2.014109999999789125e-01
4.290200000000368163e-01
6.636109999999746378e-01
2.347499999999911324e-01
4.302990000000193049e-01
2.333150000000046020e-01
2.361379999999826396e-01
2.009080000000267319e-01
2.286369999999919855e-01
1.984189999999728116e-01
2.169850000000224099e-01
4.278600000000096770e-01
2.534089999999764586e-01
2.396290000000078635e-01
2.304010000000005220e-01
1.817419999999856373e-01
2.112539999999967222e-01
2.170510000000263062e-01
4.569170000000042364e-01
4.625579999999729353e-01
2.026770000000226446e-01
4.377010000000041146e-01
2.230050000000005639e-01
2.544769999999800802e-01
2.189329999999927168e-01
1.973190000000215605e-01
2.530409999999960746e-01
2.479950000000030741e-01
1.790229999999723987e-01
2.040030000000285781e-01
2.607239999999819702e-01
4.239699999999970714e-01
2.493640000000141299e-01
2.280939999999986867e-01
2.177489999999977499e-01
4.030439999999941847e-01
2.310460000000205127e-01
2.228809999999725733e-01
2.126310000000160016e-01
2.179759999999930642e-01
2.165650000000027831e-01
2.305190000000152395e-01
2.191139999999904830e-01
2.266769999999951324e-01
2.362709999999879074e-01
2.119940000000042346e-01
1.784540000000163218e-01
2.457749999999805368e-01
2.150780000000054315e-01
2.305320000000108394e-01
4.423909999999864340e-01
2.629420000000095570e-01
2.170760000000200307e-01
1.841619999999863921e-01
2.574709999999811316e-01
2.321430000000361815e-01
2.353279999999813299e-01
2.335329999999942174e-01
1.781660000000044874e-01
2.379710000000159198e-01
2.438429999999982556e-01
2.019899999999665852e-01
2.354270000000155960e-01
2.104810000000156833e-01
2.334610000000054697e-01
4.215859999999906904e-01
2.477789999999799875e-01
2.262399999999900047e-01
2.158040000000198688e-01
2.079160000000115360e-01
2.543309999999792126e-01
2.058440000000132386e-01
2.530759999999929732e-01
2.021430000000066229e-01
2.238010000000087985e-01
2.279869999999846186e-01
2.117120000000056734e-01
2.295799999999985630e-01
2.373919999999998254e-01
2.067940000000021428e-01
2.050030000000049313e-01
2.266290000000026339e-01
2.599419999999952324e-01
2.195079999999904885e-01
2.074740000000190321e-01
2.060060000000021319e-01
2.171819999999797801e-01
2.411999999999920874e-01
2.056930000000249947e-01
2.361679999999921620e-01
2.175159999999891625e-01
2.413040000000137297e-01
2.095089999999970587e-01
2.225489999999865631e-01
2.458010000000001583e-01
2.076849999999978991e-01
4.092029999999908796e-01
2.363490000000183500e-01
2.265799999999842385e-01
2.173300000000324417e-01
2.045979999999758547e-01
1.870169999999973243e-01
2.912140000000249529e-01
1.931349999999838474e-01
2.459910000000036234e-01
2.561029999999959728e-01
1.944149999999922329e-01
2.253680000000031214e-01
2.159120000000029904e-01
2.032260000000007949e-01
2.580000000000097771e-01
2.366659999999853881e-01
1.935270000000173241e-01
2.593109999999967386e-01
2.050019999999790343e-01
2.273320000000182972e-01
2.051270000000045002e-01
2.161309999999900811e-01
2.497030000000108885e-01
2.213500000000010459e-01
2.097750000000075943e-01
2.204499999999995907e-01
2.433109999999771844e-01
2.078009999999892443e-01
2.200360000000216587e-01
2.414689999999950487e-01
2.357890000000111286e-01
2.275219999999933407e-01
2.058269999999993161e-01
2.532049999999799184e-01
2.027890000000240889e-01
1.850259999999934735e-01
2.198429999999973461e-01
2.748349999999959437e-01
2.228470000000015716e-01
2.112869999999986703e-01
2.384180000000242217e-01
2.189139999999838437e-01
2.231100000000196815e-01
2.146419999999693573e-01
2.063689999999951397e-01
2.540110000000197488e-01
1.950500000000090495e-01
4.286219999999900665e-01
1.783049999999946067e-01
2.813789999999869451e-01
2.349870000000180426e-01
1.996249999999974989e-01
2.324750000000221917e-01
2.253549999999790998e-01
2.369060000000047239e-01
1.975149999999814554e-01
2.309090000000253440e-01
2.212799999999788270e-01
2.320039999999892188e-01
2.493760000000122545e-01
2.125890000000083546e-01
1.963220000000092114e-01
4.531059999999911270e-01
2.485299999999881493e-01
2.234990000000038890e-01
2.237049999999953798e-01
1.912380000000268865e-01
2.383899999999812280e-01
2.443460000000072796e-01
1.948099999999897136e-01
2.354520000000093205e-01
2.430730000000096425e-01
2.314039999999977226e-01
1.842460000000016862e-01
2.570589999999697284e-01
2.420920000000137406e-01
2.056280000000185737e-01
2.302319999999724587e-01
1.999720000000024811e-01
2.265940000000057353e-01
2.443920000000048276e-01
2.000699999999824286e-01
2.074870000000146320e-01
2.358550000000150249e-01
2.302449999999964803e-01
2.399109999999780030e-01
1.994620000000111304e-01
2.449939999999912743e-01
2.051659999999912998e-01
2.241530000000011569e-01
2.371970000000089840e-01
2.440950000000157161e-01
2.120109999999897354e-01
2.086410000000000764e-01
2.254949999999951160e-01
2.601840000000095188e-01
1.992869999999982156e-01
2.242799999999931515e-01
1.995149999999910051e-01
2.483620000000144046e-01
2.222039999999765314e-01
2.199610000000120635e-01
2.170050000000003365e-01
2.306920000000047821e-01
2.322310000000129548e-01
2.006619999999941228e-01
2.388669999999990523e-01
1.986799999999959709e-01
2.499829999999860775e-01
4.380280000000027485e-01
2.326620000000332311e-01
2.254459999999767206e-01
2.018899999999916872e-01
2.022949999999923421e-01
2.293670000000247455e-01
2.353040000000135024e-01
2.085769999999627089e-01
2.189460000000167383e-01
2.477559999999812135e-01
2.239450000000431373e-01
2.127329999999574284e-01
2.301630000000329801e-01
1.991289999999992233e-01
2.595010000000002037e-01
4.202389999999809334e-01
2.462199999999938882e-01
2.225740000000087093e-01
1.992960000000039145e-01
2.135519999999928586e-01
2.443330000000116797e-01
2.089689999999961856e-01
2.417969999999911579e-01
2.030960000000163745e-01
2.439009999999939282e-01
2.122519999999781248e-01
1.954000000000064574e-01
2.349110000000109721e-01
2.500229999999987740e-01
2.177760000000148466e-01
1.974360000000103810e-01
2.108249999999998181e-01
2.302990000000022519e-01
2.325259999999786942e-01
2.050569999999822812e-01
2.023959999999931370e-01
2.383570000000077016e-01
2.248000000000160981e-01
1.953189999999835891e-01
2.175280000000157088e-01
2.447650000000010095e-01
2.283129999999857773e-01
1.834310000000130003e-01
2.367729999999994561e-01
2.087629999999762731e-01
2.509860000000116997e-01
2.220179999999913889e-01
2.125730000000203290e-01
2.465669999999988704e-01
1.993420000000014625e-01
2.070449999999937063e-01
2.084720000000004347e-01
2.439540000000022246e-01
2.398540000000082273e-01
2.147209999999972752e-01
2.159429999999815664e-01
2.465220000000272194e-01
1.942190000000039163e-01
2.107749999999839474e-01
2.403320000000235268e-01
2.414229999999975007e-01
2.062709999999867705e-01
2.174300000000073396e-01
2.106359999999938282e-01
2.157330000000001746e-01
2.202759999999841511e-01
1.977610000000140644e-01
2.299199999999927968e-01
2.104520000000036362e-01
2.396919999999909123e-01
2.000600000000076761e-01
2.311029999999902884e-01
2.396239999999920656e-01
2.224270000000103664e-01
2.129209999999943648e-01
2.204790000000116379e-01
2.400020000000040454e-01
2.269819999999924676e-01
1.921719999999993433e-01
2.300500000000056389e-01
2.531730000000038672e-01
2.157659999999737011e-01
2.138520000000028176e-01
2.044770000000255550e-01
2.529979999999909523e-01
2.225160000000130367e-01
2.011149999999872762e-01
2.058219999999835181e-01
2.338120000000287746e-01
2.260540000000048622e-01
2.099010000000021137e-01
2.209749999999814918e-01
2.120109999999897354e-01
2.360620000000324126e-01
2.386619999999766151e-01
1.829520000000002256e-01
2.224370000000135406e-01
2.296059999999897627e-01
2.187460000000100990e-01
2.212829999999712527e-01
2.212600000000293221e-01
2.245789999999772135e-01
2.050910000000101263e-01
2.182549999999707779e-01
1.824540000000069995e-01
7.415340000000298915e-01
2.350440000000162399e-01
1.803949999999474585e-01
4.297110000000543550e-01
1.751049999999736428e-01
5.017060000000128639e-01
2.089700000000220825e-01
2.306319999999857373e-01
2.252809999999954016e-01
2.190909999999632873e-01
1.862420000000497566e-01
2.598009999999817410e-01
1.911079999999856227e-01
2.079580000000191831e-01
2.391669999999805896e-01
2.476969999999880656e-01
1.950500000000090495e-01
4.243030000000089785e-01
2.437480000000107339e-01
4.201509999999757383e-01
2.463729999999770826e-01
2.075510000000235777e-01
2.391900000000077853e-01
1.759389999999996235e-01
2.156689999999912288e-01
1.921430000000441396e-01
2.439629999999795018e-01
1.986899999999991451e-01
2.289089999999589509e-01
2.499850000000094496e-01
1.811859999999967386e-01
4.419900000000325235e-01
2.251630000000091059e-01
4.478649999999788633e-01
2.192349999999976262e-01
2.513730000000009568e-01
3.731950000000381351e-01
2.166869999999505580e-01
2.195269999999993615e-01
6.990630000000521704e-01
3.965709999999944557e-01
2.377729999999758093e-01
1.797040000000151849e-01
2.365279999999927441e-01
4.179879999999798201e-01
2.540240000000153486e-01
2.610400000000083764e-01
5.995430000000112614e-01
1.973029999999766915e-01
2.581309999999916727e-01
2.620529999999803294e-01
6.106930000000261316e-01
4.315509999999846968e-01
2.351659999999924366e-01
4.207480000000032305e-01
2.275810000000149103e-01
2.362459999999941829e-01
4.096609999999998308e-01
1.965519999999969514e-01
1.987000000000023192e-01
4.941440000000341115e-01
2.368529999999680058e-01
1.963230000000066866e-01
2.355089999999790962e-01
4.085880000000372547e-01
2.467959999999891352e-01
4.202449999999942065e-01
2.179660000000183118e-01
2.414449999999987995e-01
2.024959999999964566e-01
2.100449999999796091e-01
1.930660000000159471e-01
2.361120000000198615e-01
6.666819999999802349e-01
4.183370000000081745e-01
4.313159999999527372e-01
2.565260000000364471e-01
4.085219999999765150e-01
2.296010000000308082e-01
2.029899999999713600e-01
2.537620000000231357e-01
3.719959999999957745e-01
2.215190000000006876e-01
4.684800000000279852e-01
2.250239999999621432e-01
2.203799999999773718e-01
2.008860000000538548e-01
4.303899999999885040e-01
2.374459999999771753e-01
2.109649999999874126e-01
1.963340000000357577e-01
2.289949999999691954e-01
2.005640000000141754e-01
2.712860000000034688e-01
1.794939999999769498e-01
2.215310000000272339e-01
2.391810000000020864e-01
3.981339999999704560e-01
2.504880000000468954e-01
2.039199999999823376e-01
2.271869999999864831e-01
4.325019999999994980e-01
2.053469999999890661e-01
4.820119999999974425e-01
1.974640000000249529e-01
2.299620000000004438e-01
2.521189999999933207e-01
2.053469999999890661e-01
1.832210000000031869e-01
2.578430000000082600e-01
3.823569999999847369e-01
2.220660000000123091e-01
2.459580000000016753e-01
1.916109999999946467e-01
4.100119999999947140e-01
2.507070000000055643e-01
2.061140000000136752e-01
1.965979999999944994e-01
2.206760000000258515e-01
2.464219999999670563e-01
4.155620000000226355e-01
1.970450000000028012e-01
2.445989999999937936e-01
1.939459999999826323e-01
2.364030000000241216e-01
2.119819999999776883e-01
1.899890000000254986e-01
2.299069999999687752e-01
2.371240000000227610e-01
1.838170000000047821e-01
2.388839999999845531e-01
2.236160000000211312e-01
1.863589999999817337e-01
2.346970000000112577e-01
2.209659999999757929e-01
2.343470000000138498e-01
1.921289999999942211e-01
2.155949999999791089e-01
1.791970000000162599e-01
2.848960000000033688e-01
2.023239999999759675e-01
2.365740000000187138e-01
1.968180000000359087e-01
2.287560000000041782e-01
4.114229999999849952e-01
2.476099999999519241e-01
4.215490000000272630e-01
2.480040000000087730e-01
2.084350000000085856e-01
6.307389999999770680e-01
2.205090000000211603e-01
4.316329999999766187e-01
2.375499999999988177e-01
1.991960000000290165e-01
2.262939999999957763e-01
4.246830000000159089e-01
2.704649999999730881e-01
3.851250000000163709e-01
1.932169999999757692e-01
2.473459999999931824e-01
2.115299999999820102e-01
1.963460000000054606e-01
2.376620000000286836e-01
2.351079999999967640e-01
2.218529999999816482e-01
2.185099999999806641e-01
2.010520000000042273e-01
2.652220000000511391e-01
1.945569999999747779e-01
4.300470000000018445e-01
2.289759999999887441e-01
2.236399999999889587e-01
2.134330000000090877e-01
2.312990000000354485e-01
2.146749999999997272e-01
2.160389999999665633e-01
1.892400000000407090e-01
2.342840000000023792e-01
2.202809999999999491e-01
2.175239999999689644e-01
2.113999999999691681e-01
2.000350000000139516e-01
2.124280000000453583e-01
2.199619999999526954e-01
2.383389999999963038e-01
1.876280000000747350e-01
2.840179999999463689e-01
1.924480000000130531e-01
1.858579999999960819e-01
2.291920000000118307e-01
2.778999999999882675e-01
3.634439999999585780e-01
2.317910000000438231e-01
2.196089999999912834e-01
4.635470000000054824e-01
2.110399999999685861e-01
2.167820000000233449e-01
2.241710000000125547e-01
4.256900000000314321e-01
2.746679999999628308e-01
4.033820000000218897e-01
2.153539999999907195e-01
2.273139999999784777e-01
4.039020000000164146e-01
2.025530000000230757e-01
2.605919999999741776e-01
1.926720000000159416e-01
2.163289999999733482e-01
2.318670000000224718e-01
2.720190000000002328e-01
1.803469999999833817e-01
2.319760000000314903e-01
1.803159999999479624e-01
2.520350000000348700e-01
2.015319999999860556e-01
2.060909999999580577e-01
2.102649999999925967e-01
2.281010000000378568e-01
2.493890000000078544e-01
1.804429999999683787e-01
2.105329999999980828e-01
2.492080000000100881e-01
4.205939999999941392e-01
2.213020000000369691e-01
2.723459999999704451e-01
1.868130000000292057e-01
4.110400000000140608e-01
2.636380000000144719e-01
1.982959999999707179e-01
1.913430000000175824e-01
2.221179999999662869e-01
2.524649999999724059e-01
2.216710000000148284e-01
1.804020000000150503e-01
2.224830000000110886e-01
2.383740000000216241e-01
4.330159999999523279e-01
2.378840000000082000e-01
1.887560000000121363e-01
2.137849999999730244e-01
4.325940000000514374e-01
2.624879999999620850e-01
1.915830000000369182e-01
2.228900000000066939e-01
2.272370000000023538e-01
2.018019999999864922e-01
2.172809999999572028e-01
2.122010000000500440e-01
2.146959999999467072e-01
2.296610000000214313e-01
2.207900000000222462e-01
2.162679999999568281e-01
2.377010000000723267e-01
2.277809999999931279e-01
2.190779999999676875e-01
4.193139999999857537e-01
2.384810000000356922e-01
2.072379999999611755e-01
2.043409999999994398e-01
2.262430000000108521e-01
2.514600000000086766e-01
1.951310000000034961e-01
1.980199999999854299e-01
2.215059999999766660e-01
2.307100000000446016e-01
4.291609999999650427e-01
2.167959999999879983e-01
2.430950000000393629e-01
2.136269999999740321e-01
4.466150000000084219e-01
2.402789999999868087e-01
2.232100000000514228e-01
1.750660000000152650e-01
2.594449999999710599e-01
2.406249999999658939e-01
2.025590000000647706e-01
2.077319999999645006e-01
2.107919999999694483e-01
2.201430000000073051e-01
2.336129999999911888e-01
2.128490000000056170e-01
2.222849999999993997e-01
2.480630000000019209e-01
2.115130000000249311e-01
2.074580000000310065e-01
2.275719999999523679e-01
2.026809999999841239e-01
2.381760000000099353e-01
2.131210000000578475e-01
1.907039999999255997e-01
2.398380000000202017e-01
4.102129999999988286e-01
2.786810000000059517e-01
1.964169999999967331e-01
2.075800000000072032e-01
2.113289999999778956e-01
2.577760000000353102e-01
2.059249999999792635e-01
2.522799999999847387e-01
4.283030000000280779e-01
2.451079999999592474e-01
2.252620000000433720e-01
1.887859999999932370e-01
2.417399999999929605e-01
2.303459999999972752e-01
2.350940000000036889e-01
2.039530000000127075e-01
2.301390000000083091e-01
2.342459999999846332e-01
2.096720000000118489e-01
2.096310000000016771e-01
2.130259999999566389e-01
2.150240000000280816e-01
2.387410000000045329e-01
2.416439999999511201e-01
2.285880000000588552e-01
2.819149999999694955e-01
3.907679999999800202e-01
2.076370000000338223e-01
2.156149999999570355e-01
2.408960000000774926e-01
1.995769999999197353e-01
2.412570000000755499e-01
2.215640000000007603e-01
2.156949999999824286e-01
2.149769999999762149e-01
2.312450000000012551e-01
2.183180000000106702e-01
2.154939999999783140e-01
2.241700000000150794e-01
2.273760000000493164e-01
2.142309999999270076e-01
2.353500000000394721e-01
2.093920000000366599e-01
2.345219999999699212e-01
2.407419999999547144e-01
1.951770000000010441e-01
2.244450000000597356e-01
2.199620000000095388e-01
2.066949999999678766e-01
2.347359999999980573e-01
2.119869999999650645e-01
2.154850000000010368e-01
2.319810000000188666e-01
2.301560000000222317e-01
2.157969999999522770e-01
2.341670000000704022e-01
2.462579999999547908e-01
1.965170000000284745e-01
2.059849999999414649e-01
2.286340000000564032e-01
2.484900000000038744e-01
2.173019999999610263e-01
2.051980000000526161e-01
2.168969999999603715e-01
2.333690000000387954e-01
2.166549999999460852e-01
2.293660000000272703e-01
2.110529999999926076e-01
2.668979999999692154e-01
1.929590000000303007e-01
2.417609999999967840e-01
2.040779999999813299e-01
2.392640000000483269e-01
2.022910000000024411e-01
2.022889999999506472e-01
2.402410000000259060e-01
2.615470000000073014e-01
1.980609999999956017e-01
2.245429999999828397e-01
2.424120000000016262e-01
1.995939999999905012e-01
2.236930000000256769e-01
2.091239999999743304e-01
2.300890000000208602e-01
2.117189999999595784e-01
2.642070000000558139e-01
2.526489999999625979e-01
2.216470000000185792e-01
4.186300000000073851e-01
2.382929999999987558e-01
2.252219999999738320e-01
2.267950000000382715e-01
2.093109999999569482e-01
2.353070000000343498e-01
2.266569999999887841e-01
2.195700000000329055e-01
2.177619999999365064e-01
1.998300000000199361e-01
2.401820000000043365e-01
2.561880000000087421e-01
2.057269999999675747e-01
2.097080000000346445e-01
2.221410000000219043e-01
2.371109999999703177e-01
1.782870000000116306e-01
2.363009999999690081e-01
2.289620000000240907e-01
2.617050000000062937e-01
2.084179999999946631e-01
2.077939999999784959e-01
2.367070000000239816e-01
2.266790000000469263e-01
2.218599999999355532e-01
2.158870000000092659e-01
2.282609999999749562e-01
2.612380000000484870e-01
1.978530000000091604e-01
2.225499999999556167e-01
2.273240000000669170e-01
2.625829999999496067e-01
1.991409999999973479e-01
2.493440000000077816e-01
2.214539999999942665e-01
4.540129999999749089e-01
1.980480000000284235e-01
2.381920000000263826e-01
2.085529999999948814e-01
2.272639999999910287e-01
1.980669999999804531e-01
2.442819999999983338e-01
2.400789999999801694e-01
2.321200000000658292e-01
1.981289999999944484e-01
2.287849999999593820e-01
2.379310000000032232e-01
2.240120000000160871e-01
1.957409999999981665e-01
2.532380000000102882e-01
2.642769999999927677e-01
3.935689999999567590e-01
2.466580000000249129e-01
2.309650000000260661e-01
2.025699999999801548e-01
2.050330000000144537e-01
2.144190000000207874e-01
2.368839999999750034e-01
2.178930000000036671e-01
2.157969999999522770e-01
2.154340000000729560e-01
2.624289999999405154e-01
1.977990000000318105e-01
2.195810000000051332e-01
2.313689999999724023e-01
2.659279999999739630e-01
1.930310000000190485e-01
2.150480000000243308e-01
2.245979999999576648e-01
2.093740000000252621e-01
2.365870000000427353e-01
1.950239999999325846e-01
2.516290000000367399e-01
2.183170000000131949e-01
2.345749999999497959e-01
2.155280000000630025e-01
2.346939999999904103e-01
1.973569999999540414e-01
2.424060000000167747e-01
1.932950000000346336e-01
2.668909999999868887e-01
2.071909999999661522e-01
2.151390000000219516e-01
1.937850000000480577e-01
2.292149999999537613e-01
2.338489999999637803e-01
2.037420000000338405e-01
2.188629999999989195e-01
2.320900000000278851e-01
2.480649999999968713e-01
2.183049999999298052e-01
2.106570000000829168e-01
2.237309999999865795e-01
2.060679999999592837e-01
2.418660000000159016e-01
2.004019999999968604e-01
2.627590000000168402e-01
2.250679999999647407e-01
2.281940000000304281e-01
2.233289999999783504e-01
2.140049999999860120e-01
2.135910000000080800e-01
2.348740000000475447e-01
2.025799999999549073e-01
2.377129999999851862e-01
1.863590000000385771e-01
2.683380000000283871e-01
1.990359999999782303e-01
2.457379999999602660e-01
2.239610000000311629e-01
2.244450000000028922e-01
2.291680000000155815e-01
2.387589999999590873e-01
2.042000000000143700e-01
2.122430000000008476e-01
2.136669999999867287e-01
2.217340000000262989e-01
1.965360000000373475e-01
2.279269999999655738e-01
2.334490000000073451e-01
2.072109999999725005e-01
2.202880000000391192e-01
2.372270000000185064e-01
2.096839999999815518e-01
2.349499999999693500e-01
2.282359999999812317e-01
2.145660000000475520e-01
2.261689999999703105e-01
2.492660000000341824e-01
2.416999999999802640e-01
1.907400000000052387e-01
2.152080000000182736e-01
2.109489999999709653e-01
2.378530000000296241e-01
2.086419999999975516e-01
1.953599999999937609e-01
2.357859999999618594e-01
2.492670000000316577e-01
2.094559999999887623e-01
2.197939999999789507e-01
2.162920000000099208e-01
2.371160000000145374e-01
2.333549999999604552e-01
1.955850000000509681e-01
2.583339999999338943e-01
2.323830000000270957e-01
2.046310000000062246e-01
2.082710000000247419e-01
2.362399999999524880e-01
2.276030000000446307e-01
2.115709999999921820e-01
2.237900000000081491e-01
2.065079999999852589e-01
2.286149999999906868e-01
2.303979999999796746e-01
2.337470000000507753e-01
2.027219999999942956e-01
2.237759999999866523e-01
2.333980000000224209e-01
2.201249999999959073e-01
2.386290000000030886e-01
2.063529999999786924e-01
2.136129999999525353e-01
2.488630000000853215e-01
1.850809999999682987e-01
1.992289999999456995e-01
2.518180000000711516e-01
2.071720000000141226e-01
2.392409999999358661e-01
2.233410000000048967e-01
2.312870000000089021e-01
2.031110000000353466e-01
2.387979999999743086e-01
2.194359999999733191e-01
2.372130000000538530e-01
2.284409999999752472e-01
2.316130000000384825e-01
2.376999999999611646e-01
1.881630000000313885e-01
2.427669999999579886e-01
1.823980000000346990e-01
2.144539999999892643e-01
2.352609999999799584e-01
2.314839999999662723e-01
2.043040000000360124e-01
2.305400000000190630e-01
2.207460000000196487e-01
1.787190000000009604e-01
2.699679999999489155e-01
2.171270000000049549e-01
2.108739999999897918e-01
1.867890000000329565e-01
2.754919999999856373e-01
2.539320000000202526e-01
4.140129999999544452e-01
2.540030000000115251e-01
2.165780000000268046e-01
2.355329999999753454e-01
