1.186655999999999267e+00
1.861399999999999721e-01
2.278180000000000760e-01
4.422230000000002548e-01
4.319890000000006225e-01
4.905799999999986838e-01
2.147280000000009181e-01
2.337619999999995812e-01
3.315509999999992630e-01
2.814329999999998222e-01
3.162839999999995655e-01
3.531930000000009784e-01
4.286200000000004451e-01
2.151289999999992375e-01
2.086040000000011219e-01
2.263029999999996988e-01
2.082879999999995846e-01
2.219899999999999096e-01
2.339509999999993539e-01
2.699800000000003308e-01
3.231719999999995707e-01
2.643130000000013524e-01
4.578059999999997132e-01
4.581689999999998264e-01
4.214299999999990831e-01
2.299980000000019231e-01
2.245420000000013516e-01
9.024449999999983874e-01
2.261729999999992913e-01
2.222179999999998046e-01
4.339380000000012672e-01
4.532570000000006871e-01
2.128719999999990620e-01
2.288259999999979755e-01
4.402550000000040598e-01
2.052919999999964773e-01
2.320279999999996789e-01
4.341920000000030200e-01
4.513419999999968013e-01
2.159919999999999618e-01
2.212320000000040920e-01
4.215609999999969659e-01
4.630499999999990735e-01
4.217779999999997642e-01
4.468880000000012842e-01
2.081219999999994741e-01
2.350999999999991985e-01
4.317630000000036716e-01
4.268879999999981578e-01
2.106229999999982283e-01
6.536480000000004509e-01
4.536499999999996646e-01
4.334710000000008279e-01
4.477100000000007185e-01
2.099709999999994636e-01
8.936419999999998254e-01
1.973079999999995948e-01
2.092969999999994002e-01
2.651190000000021030e-01
4.013920000000013033e-01
4.296159999999957790e-01
2.204920000000036850e-01
2.069609999999997285e-01
2.212800000000001432e-01
2.102199999999996294e-01
2.014200000000023749e-01
2.368459999999963372e-01
2.504110000000032699e-01
2.986719999999962738e-01
3.242830000000012092e-01
2.444880000000004827e-01
4.152089999999972747e-01
2.165290000000048565e-01
4.184599999999960573e-01
3.873680000000021550e-01
6.733929999999972438e-01
1.314825000000002575e+00
4.177710000000018908e-01
2.180499999999980787e-01
8.383700000000047226e-01
6.518369999999933384e-01
2.087730000000007635e-01
4.502729999999957045e-01
4.450950000000020168e-01
4.398370000000042523e-01
2.001959999999982642e-01
2.220050000000028945e-01
6.414509999999964407e-01
2.206990000000033092e-01
6.310780000000022483e-01
2.139329999999901588e-01
4.591540000000051691e-01
3.936729999999997176e-01
2.326949999999996521e-01
2.074309999999996990e-01
2.117560000000011655e-01
2.250609999999966249e-01
6.570900000000037267e-01
2.144959999999969114e-01
2.127639999999999532e-01
2.135910000000080800e-01
2.044299999999950046e-01
2.044110000000003424e-01
4.706180000000017571e-01
4.026689999999959468e-01
4.339660000000051809e-01
2.120369999999951460e-01
2.290840000000002874e-01
6.108609999999998763e-01
2.126090000000004920e-01
2.216310000000021319e-01
4.410169999999951074e-01
2.292240000000020927e-01
4.209630000000004202e-01
4.487650000000016348e-01
4.005650000000002819e-01
2.197569999999942070e-01
2.169000000000025352e-01
6.611340000000041073e-01
2.301919999999952893e-01
2.069380000000009545e-01
4.398580000000009704e-01
2.320490000000035025e-01
4.008289999999945508e-01
4.276610000000076184e-01
4.385339999999899874e-01
2.156780000000040332e-01
2.295900000000017371e-01
5.955929999999938218e-01
2.258150000000043178e-01
2.253760000000042396e-01
4.209570000000013579e-01
2.206629999999947245e-01
4.576969999999960237e-01
4.787750000000059458e-01
4.025859999999994443e-01
1.818370000000015807e-01
2.268199999999964689e-01
6.177170000000060668e-01
2.289579999999915572e-01
6.606550000000055434e-01
2.195319999999938432e-01
4.182350000000027990e-01
4.519529999999960523e-01
2.113349999999982742e-01
2.112640000000070017e-01
2.334060000000022228e-01
1.511879999999976576e-01
2.688279999999920733e-01
2.138350000000102114e-01
2.783949999999961733e-01
1.518589999999946372e-01
2.128410000000044988e-01
4.314359999999979323e-01
1.890330000000091104e-01
2.331939999999974589e-01
2.416270000000011464e-01
2.061750000000017735e-01
4.168729999999953861e-01
2.565170000000023265e-01
1.871649999999931424e-01
2.000249999999965667e-01
2.198920000000086361e-01
2.422109999999975116e-01
2.281410000000008154e-01
2.315600000000017644e-01
1.757810000000006312e-01
2.209919999999954143e-01
1.940330000000045629e-01
4.399649999999937222e-01
2.220020000000033633e-01
6.584399999999988040e-01
4.112760000000008631e-01
4.355890000000073314e-01
2.560749999999956117e-01
6.313449999999960482e-01
4.077200000000118507e-01
4.176589999999862357e-01
2.383099999999984675e-01
6.437130000000053087e-01
1.471200000000010277e-01
2.765029999999910615e-01
4.692450000000150112e-01
6.445640000000025793e-01
3.549469999999956826e-01
2.949789999999978818e-01
2.160999999999972943e-01
1.921350000000003888e+00
1.481169999999991660e-01
5.095330000000046766e-01
6.207829999999887605e-01
2.355220000000031177e-01
4.092140000000057398e-01
4.444379999999910069e-01
2.091380000000100381e-01
2.185079999999857137e-01
4.271650000000022374e-01
4.341630000000122891e-01
4.199619999999981701e-01
4.273670000000038272e-01
2.218639999999965084e-01
2.199689999999918655e-01
4.372800000000012233e-01
4.388170000000002346e-01
2.399280000000061364e-01
2.059589999999928978e-01
4.339950000000101227e-01
4.522639999999995553e-01
2.109260000000006130e-01
2.375880000000023529e-01
4.273339999999876682e-01
2.173310000000014952e-01
2.093229999999977053e-01
4.215399999999931424e-01
4.547760000000096170e-01
1.965859999999963748e-01
6.850340000000016971e-01
8.797730000000001382e-01
4.101940000000041664e-01
1.954379999999957818e-01
2.503070000000064965e-01
3.807799999999872398e-01
4.321500000000071395e-01
2.410550000000029058e-01
6.282729999999929760e-01
4.550839999999993779e-01
2.003450000000128739e-01
2.102949999999879083e-01
2.268320000000159098e-01
2.088519999999789434e-01
2.014090000000123837e-01
2.405269999999859465e-01
2.441440000000056898e-01
2.994150000000104228e-01
3.593240000000008649e-01
6.443419999999946413e-01
2.051840000000026976e-01
8.985279999999988831e-01
4.670899999999988950e-01
2.231850000000008549e-01
1.559807000000006383e+00
2.164259999999984529e-01
2.195869999999899846e-01
6.419580000000024711e-01
2.254480000000000928e-01
6.831249999999897682e-01
2.334720000000203299e-01
4.292909999999920956e-01
4.689580000000006521e-01
4.427249999999958163e-01
2.149140000000073769e-01
2.098119999999994434e-01
6.386719999999996844e-01
2.433900000000051023e-01
6.885879999999957590e-01
1.975532000000001176e+00
8.654190000000028249e-01
6.687239999999974316e-01
2.183309999999920592e-01
4.248149999999952797e-01
1.090635000000006016e+00
1.112938999999997236e+00
6.462190000000020973e-01
2.329210000000045966e-01
4.100889999999992597e-01
4.300879999999835945e-01
6.607190000000287000e-01
2.406000000000005912e-01
4.319289999999682550e-01
4.516020000000082746e-01
8.814900000000136515e-01
4.518919999999866377e-01
4.578050000000075670e-01
8.791409999999899583e-01
4.392890000000164719e-01
5.322359999999832780e-01
5.547080000000192967e-01
2.407379999999790243e-01
4.362940000000179452e-01
4.547749999999979309e-01
6.186780000000027258e-01
2.333639999999945758e-01
4.671580000000119526e-01
1.082046999999988657e+00
2.133010000000012951e-01
4.824980000000067548e-01
4.005679999999927077e-01
6.457429999999959591e-01
2.257759999999962020e-01
4.407430000000118753e-01
4.566339999999939891e-01
6.345489999999927022e-01
2.484449999999895908e-01
4.247050000000172076e-01
4.291259999999965657e-01
6.543539999999978818e-01
2.338979999999963866e-01
4.951669999999950278e-01
3.862580000000122027e-01
6.518699999999881811e-01
2.445650000000227919e-01
4.212199999999910460e-01
4.240989999999982274e-01
2.153020000000083201e-01
2.449510000000003629e-01
1.871769999999912670e-01
2.491619999999983293e-01
1.959850000000074033e-01
2.499419999999901165e-01
1.980360000000160881e-01
4.448169999999862512e-01
4.345509999999990214e-01
4.305499999999966576e-01
2.474449999999990268e-01
1.983690000000137843e-01
2.051500000000032742e-01
2.241190000000017335e-01
4.298229999999989559e-01
2.358459999999951151e-01
2.048179999999888423e-01
2.333979999999939992e-01
1.604840000000109512e-01
1.349389999999885958e-01
1.345720000000198979e-01
2.136730000000000018e-01
4.220119999999951688e-01
4.558020000000055916e-01
2.331629999999904612e-01
6.456279999999878783e-01
2.242210000000284253e-01
2.129299999999716420e-01
4.278060000000039054e-01
8.837939999999946394e-01
4.434690000000216514e-01
4.352079999999887150e-01
2.109890000000120835e-01
6.531449999999949796e-01
1.680669999999793163e-01
7.697520000000110940e-01
2.942650000000242017e-01
3.822539999999605698e-01
6.446970000000362688e-01
2.290969999999958873e-01
1.986456999999973050e+00
1.294950000000198997e-01
2.063740000000109376e-01
3.391929999999945267e-01
6.434250000000076852e-01
2.255949999999700140e-01
3.966190000000153759e-01
4.470039999999926295e-01
2.228390000000217697e-01
2.236109999999769116e-01
4.292840000000239797e-01
4.614809999999920365e-01
1.966899999999895954e-01
2.291360000000111086e-01
4.860689999999863176e-01
2.105260000000157561e-01
2.310009999999920183e-01
4.346599999999796182e-01
4.479700000000264026e-01
2.157679999999970732e-01
2.382659999999816591e-01
4.356570000000203891e-01
8.738619999999741594e-01
4.859860000000253422e-01
1.883100000000013097e-01
2.423799999999971533e-01
4.046009999999853335e-01
4.449680000000171276e-01
2.242029999999886059e-01
2.409190000000194232e-01
4.064629999999738175e-01
4.712580000000059499e-01
2.090689999999995052e-01
2.141660000000058517e-01
2.307539999999903557e-01
2.240219999999908396e-01
2.153350000000102682e-01
2.211350000000038563e-01
2.249579999999866686e-01
4.473910000000387299e-01
2.423199999999781085e-01
2.242559999999969023e-01
4.374200000000030286e-01
2.334240000000136206e-01
2.341509999999971114e-01
4.369480000000010023e-01
2.295679999999720167e-01
2.361270000000104119e-01
4.346620000000029904e-01
2.222610000000031505e-01
2.193880000000092423e-01
4.512309999999786214e-01
2.193240000000002965e-01
2.385130000000117434e-01
4.513149999999939155e-01
2.339150000000245200e-01
2.169799999999781903e-01
4.352779999999825122e-01
2.125249999999994088e-01
2.516420000000323398e-01
4.212619999999844822e-01
4.444239999999979318e-01
4.490700000000060754e-01
2.128040000000055443e-01
2.458349999999995816e-01
4.294179999999983011e-01
2.084729999999979100e-01
2.478549999999870579e-01
4.192610000000058790e-01
2.280790000000081363e-01
2.544249999999976808e-01
4.180529999999862412e-01
2.154080000000249129e-01
2.490409999999769752e-01
4.607990000000086184e-01
2.239920000000097389e-01
2.302349999999933061e-01
4.272259999999903357e-01
2.086620000000038999e-01
2.282490000000052532e-01
4.491899999999873216e-01
2.042240000000106193e-01
2.447729999999808115e-01
6.418020000000126402e-01
2.451110000000085165e-01
4.476350000000195450e-01
2.320289999999829433e-01
2.424589999999966494e-01
4.281679999999994379e-01
2.460420000000169694e-01
2.195039999999721658e-01
1.489380000000153359e-01
2.782830000000160453e-01
2.258109999999931006e-01
2.421359999999879165e-01
4.180020000000013169e-01
2.173850000000072669e-01
2.436910000000125365e-01
4.430769999999881747e-01
2.366339999999809152e-01
2.205179999999984375e-01
4.212630000000103792e-01
2.299129999999820484e-01
2.372190000000387045e-01
4.592669999999827724e-01
2.218119999999998981e-01
2.225530000000048858e-01
4.355009999999879255e-01
2.093110000000137916e-01
2.348010000000044784e-01
6.643909999999948468e-01
2.371129999999936899e-01
4.312449999999898864e-01
2.162770000000193704e-01
2.317099999999925330e-01
4.377269999999953143e-01
2.198319999999966967e-01
2.476169999999910942e-01
4.255249999999932697e-01
2.182800000000213458e-01
2.431980000000066866e-01
6.757100000000093587e-01
2.281030000000043856e-01
4.356139999999868451e-01
2.159749999999860393e-01
2.367590000000063810e-01
4.592939999999998690e-01
2.160860000000184300e-01
2.389739999999846987e-01
4.280640000000062173e-01
2.212869999999895754e-01
2.312670000000025539e-01
6.703660000000013497e-01
2.384150000000033742e-01
4.266910000000052605e-01
2.264839999999992415e-01
2.439489999999864267e-01
4.254669999999975971e-01
2.249160000000074433e-01
2.382970000000170785e-01
4.266969999999901120e-01
2.400399999999933698e-01
2.365489999999965676e-01
4.496460000000013224e-01
2.191969999999798802e-01
2.401430000000175369e-01
4.211530000000038854e-01
4.586899999999900501e-01
4.478190000000097371e-01
2.099369999999964875e-01
2.339980000000139171e-01
4.192060000000026321e-01
2.366629999999929623e-01
2.282830000000046766e-01
6.663599999999689771e-01
2.418570000000102027e-01
4.207670000000121036e-01
2.477650000000153341e-01
2.314729999999940446e-01
4.287209999999959109e-01
2.190719999999828360e-01
2.316100000000176351e-01
4.377089999999839165e-01
2.127460000000098717e-01
2.231999999999914053e-01
4.537990000000036162e-01
2.222380000000043765e-01
2.209789999999998145e-01
4.421940000000006421e-01
2.382509999999911088e-01
1.984240000000170312e-01
4.545620000000099026e-01
2.171649999999658576e-01
2.310439999999971405e-01
4.283850000000199998e-01
4.483889999999917109e-01
6.603729999999927713e-01
2.393710000000339733e-01
4.239789999999743486e-01
2.299650000000212913e-01
2.262269999999944048e-01
4.146250000000009095e-01
2.256490000000042073e-01
2.276209999999991851e-01
4.397489999999777410e-01
2.389410000000111722e-01
2.072259999999914726e-01
4.299660000000073978e-01
2.248679999999865231e-01
2.245070000000168875e-01
4.137659999999812044e-01
2.378510000000062519e-01
2.378889999999955762e-01
4.452200000000061664e-01
1.935560000000009495e-01
2.627239999999915199e-01
4.092930000000194468e-01
2.235379999999906886e-01
2.172089999999968768e-01
6.719310000000007221e-01
2.609740000000044802e-01
4.156499999999994088e-01
2.301659999999969841e-01
2.220889999999826614e-01
4.253660000000252239e-01
2.274449999999887950e-01
2.369369999999832999e-01
4.139320000000168420e-01
2.181820000000129767e-01
2.389419999999802258e-01
6.208310000000096807e-01
2.708560000000090895e-01
4.220750000000066393e-01
2.287959999999884531e-01
2.294890000000009422e-01
4.405239999999821521e-01
2.359000000000150976e-01
2.299979999999948177e-01
3.911889999999971224e-01
2.306389999999964857e-01
2.279760000000123910e-01
6.267209999999749925e-01
2.803270000000281925e-01
3.076329999999813936e-01
3.066460000000006403e-01
2.623940000000004602e-01
2.820810000000051332e-01
3.680980000000033669e-01
4.101389999999867086e-01
2.272200000000168529e-01
2.543100000000038108e-01
2.516509999999811953e-01
2.559640000000058535e-01
2.644070000000056098e-01
2.786019999999780339e-01
2.513390000000299551e-01
3.906580000000019481e-01
4.535079999999993561e-01
4.222449999999753345e-01
4.738310000000183209e-01
3.889760000000137552e-01
4.499399999999980082e-01
1.348904000000004544e+00
4.228190000000040527e-01
4.151149999999859119e-01
6.509189999999875909e-01
2.324990000000184409e-01
4.429149999999992815e-01
6.432479999999998199e-01
2.085200000000213549e-01
2.517219999999724678e-01
1.930519999999944503e-01
2.305950000000223099e-01
2.089899999999715874e-01
4.147800000000074760e-01
2.590979999999944994e-01
3.088040000000091823e-01
3.390800000000240289e-01
2.481159999999533738e-01
1.810410000000217678e-01
1.929850000000215005e-01
2.377809999999840329e-01
2.114290000000096370e-01
2.454149999999799547e-01
2.067060000000253694e-01
2.155969999999740594e-01
2.351140000000100372e-01
2.921369999999967604e-01
2.929900000000031923e-01
2.690580000000011296e-01
2.818269999999927222e-01
3.195000000000050022e-01
4.533989999999903375e-01
4.289240000000233977e-01
4.906779999999741904e-01
2.102620000000001710e-01
2.048060000000191394e-01
4.330040000000110467e-01
3.809219999999697848e-01
2.916620000000023083e-01
3.163849999999968077e-01
2.823690000000169675e-01
2.799119999999959418e-01
2.850650000000030104e-01
3.637379999999836855e-01
4.249810000000024957e-01
2.243330000000014479e-01
4.266920000000027358e-01
2.311490000000162581e-01
2.005460000000027776e-01
2.555779999999856500e-01
2.919229999999970460e-01
5.211999999999932243e-01
7.385419999999953689e-01
2.070930000000146265e-01
4.155569999999784159e-01
4.004590000000405325e-01
2.379359999999905995e-01
4.192119999999874835e-01
2.429109999999923275e-01
2.285220000000265372e-01
2.035969999999736046e-01
2.216559999999958563e-01
2.171020000000112304e-01
2.411790000000166856e-01
2.881629999999688607e-01
3.195260000000246237e-01
2.381179999999858410e-01
5.012490000000298096e-01
1.457939999999950942e-01
1.781809999999950378e-01
2.139679999999657412e-01
1.661090000000342570e-01
7.074779999999805113e-01
2.547399999999981901e-01
4.245340000000226155e-01
8.861310000000059972e-01
1.429989999999747852e-01
2.011299999999778265e-01
7.826770000000067284e-01
4.550780000000145264e-01
4.228080000000034033e-01
2.195909999999798856e-01
2.170010000000388573e-01
2.107759999999530010e-01
2.279930000000263135e-01
4.317810000000008586e-01
4.101299999999810098e-01
2.165640000000337295e-01
2.134209999999825413e-01
4.264180000000123982e-01
2.100969999999904303e-01
2.264370000000042182e-01
2.621629999999868232e-01
2.800520000000119580e-01
2.672579999999982192e-01
2.624959999999987303e-01
2.635999999999967258e-01
3.552149999999869578e-01
4.715980000000001837e-01
2.594970000000103028e-01
1.819969999999955235e-01
2.152550000000132968e-01
2.149580000000241853e-01
2.238499999999987722e-01
2.204949999999712418e-01
2.330870000000118125e-01
2.264179999999953452e-01
1.974649999999940064e-01
4.422969999999679658e-01
4.161780000000305790e-01
4.314830000000142718e-01
4.334409999999593310e-01
4.601100000000144519e-01
2.508830000000159544e-01
3.733269999999890842e-01
2.688939999999888641e-01
3.620439999999973679e-01
2.514749999999992269e-01
4.570930000000146265e-01
2.120969999999999800e-01
2.146989999999959764e-01
6.136979999999994106e-01
2.301140000000145847e-01
4.667989999999804240e-01
2.010600000000124510e-01
2.117609999999956472e-01
4.879550000000278942e-01
1.914229999999861320e-01
2.298290000000235977e-01
4.305509999999799220e-01
2.076519999999959509e-01
2.330359999999700449e-01
4.367550000000619548e-01
2.221079999999915344e-01
2.176549999999792817e-01
2.746109999999930551e-01
2.728559999999902175e-01
2.821700000000078035e-01
2.797209999999950014e-01
2.842830000000162727e-01
5.512540000000285545e-01
2.121789999999919019e-01
2.015020000000049549e-01
2.281279999999696884e-01
4.578940000000102373e-01
2.045609999999555839e-01
1.881430000000250402e-01
2.419810000000097716e-01
2.458839999999895554e-01
3.944240000000149848e-01
2.598969999999667380e-01
2.938410000000430955e-01
2.943999999999959982e-01
2.804429999999911161e-01
3.152329999999778920e-01
2.966279999999983374e-01
2.613709999999969114e-01
6.667830000000094515e-01
4.162580000000275504e-01
3.918469999999842912e-01
2.607459999999832689e-01
4.039130000000454856e-01
2.552440000000046894e-01
4.234739999999419524e-01
4.700320000000601794e-01
2.380409999999528736e-01
2.061679999999910251e-01
4.006279999999833308e-01
4.525970000000256732e-01
2.025669999999877291e-01
2.248500000000035470e-01
6.669970000000375876e-01
6.575119999999401443e-01
2.394150000000649925e-01
2.079359999999610409e-01
2.111380000000053769e-01
2.297720000000254004e-01
4.236280000000078871e-01
4.231379999999376196e-01
1.448940000000220607e-01
3.096510000000307627e-01
4.462110000000052423e-01
2.153189999999653992e-01
2.255800000000363070e-01
2.047059999999873980e-01
2.109449999999810643e-01
2.224220000000514119e-01
4.463589999999726388e-01
4.594759999999951106e-01
4.429569999999785068e-01
4.143070000000079744e-01
4.438729999999964093e-01
2.141890000000330474e-01
2.091909999999757019e-01
7.017720000000053915e-01
2.260169999999561696e-01
2.116340000000604959e-01
2.174179999999523716e-01
2.105290000000081818e-01
2.234320000000593609e-01
2.157179999999243591e-01
2.179730000000290602e-01
2.068550000000186628e-01
2.318879999999694519e-01
2.265080000000239124e-01
2.247580000000084510e-01
2.013379999999642678e-01
2.247940000000312466e-01
2.179510000000277614e-01
2.254889999999249994e-01
2.094030000000657310e-01
2.065399999999613101e-01
4.450310000000285982e-01
4.543239999999855172e-01
4.537349999999946704e-01
4.652619999999956235e-01
4.217989999999645079e-01
2.268720000000712389e-01
1.875099999999747524e-01
6.884680000000003020e-01
2.489360000000147011e-01
1.836509999999975662e-01
2.307899999999563079e-01
2.050570000000675464e-01
2.222689999999829524e-01
2.167279999999891515e-01
4.286779999999907886e-01
2.292699999999854299e-01
2.258930000000418659e-01
2.256069999999681386e-01
2.121119999999905303e-01
2.221180000000231303e-01
2.110889999999585598e-01
6.412550000000578621e-01
2.724259999999389947e-01
2.356750000000147338e-01
4.475680000000465952e-01
2.023799999999482679e-01
2.409760000000460423e-01
4.197469999999725587e-01
2.179380000000037398e-01
2.435530000000198925e-01
4.122740000000248983e-01
2.203779999999824213e-01
2.323089999999865540e-01
4.591609999999946012e-01
2.219840000000203872e-01
2.530390000000011241e-01
4.162279999999896063e-01
2.334969999999998436e-01
2.344129999999609026e-01
4.402320000000372602e-01
2.172320000000240725e-01
2.339769999999816719e-01
4.072249999999826287e-01
2.004249999999956344e-01
2.325500000000033651e-01
4.591350000000034015e-01
2.246020000000044092e-01
2.570029999999974279e-01
4.379690000000096006e-01
2.491739999999822430e-01
2.017569999999864194e-01
4.051489999999944303e-01
2.176050000000486762e-01
2.394580000000132713e-01
4.197879999999827305e-01
2.344639999999458269e-01
2.315389999999979409e-01
4.341950000000451837e-01
2.355359999999677711e-01
2.415710000000217406e-01
4.197209999999813590e-01
2.357789999999795327e-01
2.405630000000087421e-01
4.124700000000416367e-01
2.264089999999896463e-01
2.316319999999905122e-01
4.225720000000023902e-01
2.266520000000014079e-01
2.279580000000009932e-01
4.204040000000190958e-01
2.384629999999674510e-01
2.449840000000449436e-01
4.273999999999773536e-01
2.334010000000148466e-01
2.467799999999442662e-01
4.331320000000573600e-01
2.348079999999868051e-01
2.529289999999946303e-01
4.030639999999721113e-01
2.445930000000089422e-01
2.104960000000346554e-01
6.915970000000015716e-01
2.409109999999827778e-01
4.381500000000073669e-01
2.369679999999902975e-01
2.165749999999775355e-01
4.334519999999884021e-01
2.443680000000085784e-01
2.365040000000249165e-01
4.028620000000273649e-01
2.272739999999657812e-01
2.242120000000227265e-01
6.767079999999623396e-01
2.449839999999881002e-01
4.376359999999976935e-01
2.326970000000301297e-01
2.235689999999976862e-01
4.235080000000266409e-01
2.236889999999789325e-01
2.409940000000005966e-01
4.305580000000190921e-01
2.085969999999406355e-01
2.290000000000418368e-01
4.535999999999944521e-01
2.342519999999694846e-01
2.533880000000294785e-01
4.571450000000254477e-01
2.190079999999738902e-01
2.190380000000118343e-01
4.447599999999738429e-01
2.206150000000093314e-01
2.422649999999748616e-01
4.317740000000185319e-01
2.338420000000382970e-01
2.243310000000064974e-01
4.119859999999562206e-01
2.758470000000556865e-01
2.217359999999644060e-01
4.320369999999797983e-01
4.667049999999903775e-01
4.287200000000552791e-01
2.098829999999907159e-01
2.607439999999883185e-01
4.163589999999999236e-01
4.552819999999542233e-01
7.072870000000079926e-01
2.016660000000456421e-01
4.158830000000079963e-01
2.317959999999743559e-01
2.140719999999873835e-01
4.472410000000195396e-01
2.324489999999741485e-01
2.404349999999908505e-01
4.071510000000557739e-01
2.280979999999885877e-01
2.406750000000101863e-01
6.461949999999774263e-01
2.621490000000221698e-01
4.160379999999577194e-01
2.227379999999925531e-01
2.535349999999993997e-01
4.360620000000494656e-01
2.215089999999690917e-01
2.323360000000320724e-01
4.181759999999599131e-01
2.282600000000343243e-01
2.177709999999706270e-01
6.476180000000226755e-01
2.430329999999685242e-01
4.280200000000036198e-01
2.160509999999931097e-01
2.442940000000248801e-01
4.447380000000293876e-01
2.210279999999329448e-01
2.334850000000301407e-01
4.257249999999999091e-01
2.378959999999779029e-01
2.341630000000236578e-01
6.688340000000039254e-01
2.380109999999717729e-01
4.087230000000090513e-01
2.332799999999792817e-01
2.327730000000087784e-01
4.361970000000496839e-01
2.236779999999498614e-01
2.375340000000392138e-01
4.150839999999789143e-01
2.489240000000449982e-01
2.051709999999502543e-01
4.390470000000163964e-01
2.460550000000125692e-01
2.285439999999994143e-01
1.333719999999516403e-01
2.801160000000209038e-01
2.434819999999717766e-01
2.164010000000189393e-01
4.379940000000033251e-01
2.148799999999937427e-01
2.449420000000372966e-01
4.094309999999836691e-01
2.235450000000014370e-01
2.213580000000092696e-01
6.698839999999677275e-01
2.393920000000093751e-01
4.499410000000239052e-01
2.240260000000375840e-01
2.105649999999741340e-01
4.418999999999755346e-01
2.161949999999706051e-01
2.342920000000390246e-01
4.252589999999827342e-01
4.608370000000263644e-01
6.767059999999673892e-01
2.450269999999932224e-01
4.301410000000487344e-01
2.389469999999960237e-01
1.921389999999405518e-01
4.717680000000541440e-01
2.119730000000004111e-01
2.269640000000094915e-01
4.218449999999620559e-01
2.306880000000433029e-01
2.205949999999461397e-01
6.776350000000093132e-01
2.401730000000270593e-01
4.081860000000006039e-01
2.262380000000234759e-01
2.257779999999911524e-01
4.385499999999638021e-01
2.246729999999956817e-01
2.284990000000561849e-01
4.381189999999719475e-01
2.159730000000195105e-01
2.222549999999614556e-01
4.633140000000253167e-01
2.254009999999766478e-01
2.303499999999871761e-01
3.805560000000127729e-01
2.165850000000091313e-01
2.717749999999909960e-01
4.527269999999816719e-01
2.553200000000401815e-01
1.499670000000037362e-01
2.509099999999762076e-01
2.543390000000158579e-01
2.295269999999618449e-01
