2.010949999999951388e-01
5.367755999999999972e+00
4.475950000000068485e-01
2.257889999999918018e-01
4.374940000000151485e-01
2.233069999999912625e-01
1.934009999999943830e-01
7.188009999999991351e-01
1.652150000000034424e-01
1.742959999999982301e-01
2.191619999999971924e-01
2.011040000000150485e-01
1.832859999999953970e-01
2.017819999999943548e-01
2.270990000000097098e-01
1.071500000000042974e-01
1.827579999999926486e-01
1.519289999999955398e-01
1.565909999999917090e-01
1.883290000000101827e-01
1.760550000000051796e-01
1.821019999999862193e-01
2.186370000000010805e-01
2.221720000000146911e-01
2.108699999999856800e-01
2.259260000000011814e-01
8.260949999999951388e-01
1.240790000000089321e-01
1.379620000000016944e-01
1.446020000000061145e-01
1.575169999999985748e-01
2.011119999999948504e-01
1.544700000000034379e-01
2.327329999999960819e-01
1.881739999999894053e-01
1.656440000000145574e-01
2.317059999999884212e-01
2.162880000000058089e-01
4.054310000000072023e-01
3.070550000000054069e-01
2.587199999999967304e-01
2.113049999999958573e-01
2.142169999999907759e-01
1.476070000000078153e-01
1.436519999999887887e-01
1.542380000000065365e-01
1.482869999999962829e-01
1.920950000000090085e-01
2.080920000000077152e-01
1.466459999999898400e-01
1.196750000000008640e-01
1.111551000000005729e+00
1.871459999999984802e-01
1.241959999999835418e-01
1.074390000000136070e-01
2.176269999999931315e-01
1.130940000000038026e-01
1.105980000000101882e-01
1.096819999999922857e-01
1.011689999999987322e-01
1.265199999999992997e-01
1.053519999999963375e-01
1.889900000000039881e-01
1.206020000000052050e-01
1.115360000000009677e-01
8.488329999999990605e-01
2.052869999999984429e-01
1.207489999999893371e-01
1.066830000000180689e-01
2.091789999999917882e-01
1.259979999999956135e-01
1.132429999999970960e-01
9.625380000000092195e-01
1.110039999999941074e-01
1.182440000000042346e-01
1.113390000000009650e-01
1.151169999999979154e-01
1.016189999999994598e-01
1.309680000000099653e-01
9.707719999999966376e-01
1.864709999999831780e-01
1.287090000000006285e-01
1.150290000000069313e-01
2.157060000000114997e-01
1.533209999999911588e-01
2.472839999999933980e-01
3.402670000000114214e-01
2.466059999999856700e-01
2.360820000000103391e-01
3.653390000000058535e-01
3.182549999999935153e-01
3.118560000000059063e-01
2.311770000000024083e-01
1.770789999999919928e-01
1.677439999999990050e-01
1.909919999999942775e-01
2.162480000000073233e-01
2.134769999999974743e-01
2.382279999999923348e-01
1.929340000000081545e-01
1.844870000000042864e-01
3.667680299999999249e+01
6.916140000000154942e-01
6.494909999999975980e-01
2.316179999999974370e-01
5.444997999999998228e+00
4.476760000000012951e-01
2.428529999999966549e-01
4.424089999999978318e-01
2.304000000000030468e-01
2.036740000000065720e-01
4.924149999999940519e-01
4.293370000000038544e-01
4.327539999999885367e-01
3.921420000000068740e-01
3.398229999999955453e-01
3.315460000000030050e-01
3.347210000000018226e-01
3.372889999999983957e-01
2.423050000000159798e-01
2.287829999999644315e-01
8.629459999999937736e-01
2.356380000000228847e-01
2.016230000000120981e-01
2.213009999999826505e-01
2.371580000000221844e-01
2.681469999999990250e-01
1.043899999999666761e-01
2.749150000000213367e-01
2.669730000000072323e-01
3.892909999999858428e-01
2.240100000000211367e-01
2.498549999999681859e-01
4.372740000000021610e-01
4.281820000000209347e-01
4.299159999999915271e-01
4.555650000000071032e-01
2.549249999999858574e-01
3.203640000000120835e-01
3.315599999999960801e-01
4.040540000000021337e-01
1.713837999999981321e+00
1.014060000000256423e-01
1.297649999999919146e-01
1.071340000000020609e-01
2.206149999999809097e-01
1.249950000000126238e-01
1.061520000000086839e-01
2.023289999999917654e-01
1.193789999999808060e-01
1.115740000000187138e-01
1.257140000000163127e-01
1.024889999999913925e-01
1.293320000000051095e-01
1.044439999999724478e-01
1.070640000000366854e-01
1.029959999999903175e-01
1.184159999999963020e-01
1.168270000000006803e-01
1.046949999999924330e-01
1.101299999999980628e-01
1.329700000000002547e-01
1.370850000000132241e-01
1.365414920000000336e+02
1.861859999999637694e-01
1.469280000000026121e-01
1.892470000000230357e-01
1.993569999999635911e-01
1.108950000000277214e-01
2.422499999999558895e-01
2.388560000000552463e-01
1.130682999999976346e+00
2.271210000000110085e-01
1.861049999999977445e-01
1.908829999999852589e-01
1.960209999999733554e-01
2.262580000000298242e-01
2.070529999999735082e-01
2.930320000000392611e-01
1.980730000000221480e-01
1.642569999999636821e-01
1.254059999999981301e-01
1.464799999999968350e-01
1.338220000000092114e-01
1.657089999999925567e-01
2.014780000000087057e-01
2.009949999999776082e-01
2.062160000000403670e-01
2.172939999999812244e-01
2.810870000000136315e-01
3.696549999999660940e-01
2.649460000000090076e-01
2.810509999999908359e-01
3.800489999999854263e-01
1.254920000000083746e-01
3.085889999999835709e-01
2.764390000000389591e-01
2.411559999999894899e-01
3.045179999999731990e-01
2.616450000000440923e-01
1.897180000000275868e-01
1.606979999999680331e-01
1.830479999999852225e-01
1.785639999999943939e-01
1.839719999999829270e-01
2.673130000000014661e-01
1.751849999999990359e-01
1.664020000000050459e-01
1.515880000000038308e-01
1.942670000000248365e-01
1.674669999999878200e-01
1.612982999999985623e+00
1.916740000000345390e-01
1.189269999999851279e-01
1.372020000000020445e-01
1.963069999999902393e-01
1.203150000000050568e-01
1.226619999999911670e-01
2.050970000000233995e-01
1.240990000000010696e-01
1.142209999999863612e-01
1.221249999999827196e-01
1.062300000000391265e-01
1.298029999999812389e-01
1.132020000000011350e-01
2.053589999999871907e-01
1.174570000000016989e-01
1.122239999999692373e-01
2.058620000000246364e-01
1.215300000000070213e-01
1.236989999999877909e-01
2.128519999999980428e-01
1.257980000000316068e-01
1.045019999999681204e-01
2.396410000000628315e-01
2.353629999999498068e-01
2.135159999999700631e-01
1.358760000000529544e-01
2.117250000000012733e-01
1.336539999999786232e-01
3.087179999999989377e-01
2.825019999999653919e-01
2.572380000000293876e-01
1.988150000000246109e-01
2.450309999999831234e-01
2.597269999999980428e-01
2.066469999999753782e-01
2.220370000000002619e-01
4.444137299999999868e+01
1.659819999999854190e-01
4.496040000000220971e-01
2.406060000000138643e-01
4.750090000000000146e-01
2.278939999999920474e-01
2.055210000000329273e-01
