2.447869999999998658e-01
2.355769999999999254e-01
2.323600000000001220e-01
2.323300000000001475e-01
2.328049999999999287e-01
5.028000000000001357e-01
1.433159999999999989e-01
1.477389999999996206e-01
1.665400000000003544e-01
4.747839999999992067e-01
4.488620000000009824e-01
5.232099999999917372e-02
6.980790000000007822e-01
1.957629999999994652e-01
2.298420000000005459e-01
2.095459999999995659e-01
1.982790000000003161e-01
2.953899999999975989e-02
2.031950000000000145e-01
4.448600000000002552e-02
1.334419999999996165e-01
6.110000000000059828e-02
1.218500000000002359e-01
1.307149999999994705e-01
1.794240000000009161e-01
2.280720000000000525e-01
2.277579999999987947e-01
2.137030000000006424e-01
2.487640000000004292e-01
1.942019999999979873e-01
1.581220000000005399e-01
8.272900000000049658e-02
1.987039999999993256e-01
2.800500000000027967e-02
1.961390000000005074e-01
9.213999999999877843e-02
1.079860000000003595e-01
3.654900000000083082e-02
2.086579999999997881e-01
2.269389999999997798e-01
2.016810000000006653e-01
2.151289999999992375e-01
4.149500000000116984e-02
1.474700000000002120e-01
6.688199999999788758e-02
1.790600000000015513e-01
4.725299999999954537e-02
1.610350000000000392e-01
4.579299999999975057e-02
1.761970000000001590e-01
3.999899999999989575e-02
1.939519999999994582e-01
2.881100000000103023e-02
3.664799999999956981e-02
1.874070000000003233e-01
1.401419999999991006e-01
8.500700000000094292e-02
9.128999999999898307e-02
1.165810000000000457e-01
1.715790000000012583e-01
5.961699999999936495e-02
2.151479999999992287e-01
1.830410000000011195e-01
5.078999999999922466e-02
1.965950000000020736e-01
2.107839999999985281e-01
2.558970000000009293e-01
1.655329999999981538e-01
6.394800000000167017e-02
1.660500000000002530e-01
2.826499999999931845e-02
1.962770000000020332e-01
3.836999999999690658e-02
4.125680000000002678e-01
2.813600000000171519e-02
2.193529999999999092e-01
2.040179999999995886e-01
2.261729999999992913e-01
2.222179999999998046e-01
2.275790000000004198e-01
2.063590000000008473e-01
3.233200000000024943e-02
2.229729999999978673e-01
1.902800000000013370e-01
3.886399999999845534e-02
1.772410000000004260e-01
4.459599999999852571e-02
1.886690000000008638e-01
2.089350000000003149e-01
2.313200000000037448e-01
2.052919999999964773e-01
2.296110000000020079e-01
2.794349999999958811e-01
1.571740000000048099e-01
3.306699999999551665e-02
1.111400000000024590e-01
1.029560000000024900e-01
1.846059999999987156e-01
8.037500000000008527e-02
1.481659999999997979e-01
2.282560000000017908e-01
2.024249999999980787e-01
2.861099999999794363e-02
1.854210000000016123e-01
6.296200000000240493e-02
1.811769999999981451e-01
3.611899999999934607e-02
1.878959999999985087e-01
2.247200000000013631e-01
1.807900000000017826e-01
2.090019999999981337e-01
6.513499999999794454e-02
1.815920000000019741e-01
2.049590000000023338e-01
2.372899999999980025e-01
4.272850000000012471e-01
2.312999999999973966e-01
2.084660000000013724e-01
2.580000000000026716e-02
1.848229999999979611e-01
3.038800000000208001e-02
2.225869999999972038e-01
1.968330000000015900e-01
3.089100000000044588e-02
1.729489999999991312e-01
7.270899999999969054e-02
1.810520000000011009e-01
1.965700000000012437e-01
2.286010000000011644e-01
3.990899999999797387e-02
1.682799999999993190e-01
6.129100000000065052e-02
1.745909999999994966e-01
5.857400000000012597e-02
4.196299999999908437e-02
9.002800000000021896e-02
1.034199999999998454e-01
1.162590000000029988e-01
2.259449999999993963e-01
5.856199999999844863e-02
3.798040000000000305e-01
2.314000000000007162e-01
2.067939999999985901e-01
2.088680000000024961e-01
3.000600000000019918e-02
2.207429999999988013e-01
1.845630000000006987e-01
2.817299999999889337e-02
2.034550000000017178e-01
2.295519999999982019e-01
2.000639999999975771e-01
2.202330000000003452e-01
2.072200000000030684e-01
2.212800000000001432e-01
5.548599999999836996e-02
1.547340000000012594e-01
6.881200000000120554e-02
7.017000000000095383e-02
6.243800000000021555e-02
2.854899999999815918e-02
2.082969999999981781e-01
2.504110000000032699e-01
2.112719999999974618e-01
8.739999999999881197e-02
6.370100000000178397e-02
5.730600000000052319e-02
1.852159999999969386e-01
6.992600000000237515e-02
1.504900000000013449e-01
2.306589999999957286e-01
4.055200000000169780e-02
1.659210000000008733e-01
4.904699999999806437e-02
1.792440000000006251e-01
5.288699999999835200e-02
1.727300000000013824e-01
2.012900000000001910e-01
2.090529999999972688e-01
1.783150000000048863e-01
4.130200000000172622e-02
2.277549999999983754e-01
1.849769999999999470e-01
1.933820000000032735e-01
2.391889999999925465e-01
2.307520000000025107e-01
4.362890000000021473e-01
2.243389999999969575e-01
1.934120000000021378e-01
2.372920000000036111e-01
1.778029999999901634e-01
2.375470000000063919e-01
2.690899999999629699e-02
1.910310000000023933e-01
1.988309999999984257e-01
3.079000000000320370e-02
1.780019999999993274e-01
2.128070000000050754e-01
2.800299999999111833e-02
2.103600000000085402e-01
1.983519999999927563e-01
2.069019999999994752e-01
2.169930000000022119e-01
2.415090000000006398e-01
2.087639999999950646e-01
2.188940000000059172e-01
3.676199999999596457e-02
1.794379999999975439e-01
2.148460000000085302e-01
2.777299999999627289e-02
1.912850000000005934e-01
2.083289999999990982e-01
4.016400000000430737e-02
1.782429999999948222e-01
5.839100000000030377e-02
1.629179999999976758e-01
2.124129999999979646e-01
2.139180000000067139e-01
2.257469999999983656e-01
3.452000000000055024e-02
1.651260000000007722e-01
2.302150000000011687e-01
1.705790000000035889e-01
6.281899999999751572e-02
1.819139999999919155e-01
2.484330000000056771e-01
1.913359999999997285e-01
2.090340000000026066e-01
2.040239999999968745e-01
2.263239999999981933e-01
2.138020000000011578e-01
2.068650000000005207e-01
2.145060000000000855e-01
2.484859999999997626e-01
2.131189999999989482e-01
2.109310000000022001e-01
2.086929999999966867e-01
2.185670000000001778e-01
1.968410000000062610e-01
1.262659999999939942e-01
8.727400000000073987e-02
2.120510000000024320e-01
2.378450000000000841e-01
1.943470000000004916e-01
3.842600000000118143e-02
1.763259999999959859e-01
2.202880000000035920e-01
3.538499999999800139e-02
2.037580000000005498e-01
2.008780000000029986e-01
3.677599999999614511e-02
1.752609999999990009e-01
2.290840000000002874e-01
2.165520000000000778e-01
1.919040000000009627e-01
2.024049999999988358e-01
4.348199999999735610e-02
1.691270000000031359e-01
3.870599999999768670e-02
1.829250000000044452e-01
3.383399999999880947e-02
2.529700000000190130e-02
1.778839999999988208e-01
1.815319999999971401e-01
2.281850000000034129e-01
2.470299999999951979e-01
1.844350000000005707e-01
2.519620000000060145e-01
2.098099999999973875e-01
2.162629999999978736e-01
1.843020000000024083e-01
3.793399999999991223e-02
1.787049999999936745e-01
3.094500000000266482e-02
1.890730000000004907e-01
3.854100000000215687e-02
2.070969999999974220e-01
3.368900000000252248e-02
1.629190000000022565e-01
2.164119999999982724e-01
2.326679999999967663e-01
2.069380000000009545e-01
1.854330000000032896e-01
5.405299999999613192e-02
1.804480000000054929e-01
2.296819999999968331e-01
2.206520000000011805e-01
1.837280000000021118e-01
2.198179999999965162e-01
3.319600000000377804e-02
1.815989999999985116e-01
2.153890000000018290e-01
4.638699999999573720e-02
1.545360000000002287e-01
3.087599999999923739e-02
1.948420000000012919e-01
2.349370000000021719e-01
2.161469999999994229e-01
2.770799999999695729e-02
1.808240000000012060e-01
1.895369999999942934e-01
3.501100000000434420e-02
1.908039999999999736e-01
2.119830000000035852e-01
2.036439999999970496e-01
4.465199999999924785e-02
1.589439999999981978e-01
2.711000000000751697e-02
2.016299999999944248e-01
4.968499999999664851e-02
2.042260000000055697e-01
1.821699999999992770e-01
3.882399999999819329e-02
1.774989999999974088e-01
2.733700000000993668e-02
1.786569999999940705e-01
4.313699999999442980e-02
5.397000000000673481e-02
1.376159999999941874e-01
2.394330000000053360e-01
2.553699999999992087e-02
1.559439999999980841e-01
2.462839999999957286e-01
2.187180000000026325e-01
2.603299999999819647e-02
1.556250000000005684e-01
2.237700000000089062e-01
2.289579999999915572e-01
2.174209999999945353e-01
1.655590000000088935e-01
2.625599999999650436e-02
1.083540000000056125e-01
1.017189999999956740e-01
3.863000000000482714e-02
1.389909999999972001e-01
8.325699999999613965e-02
4.575200000000023692e-02
1.696300000000050545e-01
1.990069999999946049e-01
2.244110000000034688e-01
2.628800000000097725e-02
2.006269999999972242e-01
1.927800000000061686e-01
2.249750000000005912e-01
2.000729999999961706e-01
1.938379999999995107e-01
3.581500000000659156e-02
2.330129999999854817e-01
2.122300000000052478e-01
2.004520000000056257e-01
7.954799999999551119e-02
1.518589999999946372e-01
2.128410000000044988e-01
2.233599999999995589e-01
1.732399999999998386e-01
3.483599999999853480e-02
1.890330000000091104e-01
3.323800000000431965e-02
1.999559999999931392e-01
2.192709999999920001e-01
2.129480000000114615e-01
2.338079999999962411e-01
1.986479999999986035e-01
3.252199999999305646e-02
1.864860000000021500e-01
2.591900000000890714e-02
1.796719999999965012e-01
2.191079999999914207e-01
2.198920000000086361e-01
1.994800000000012119e-01
4.273099999999629972e-02
1.571379999999962251e-01
6.710400000000760201e-02
1.861409999999992237e-01
1.882090000000005148e-01
3.656999999999754891e-02
2.081489999999988072e-01
2.071960000000032665e-01
2.237649999999931083e-01
2.162000000000006139e-01
3.186800000000289401e-02
5.014100000000354385e-02
1.399929999999969255e-01
1.524280000000004520e-01
7.368400000000008276e-02
1.945559999999986189e-01
2.377719999999996503e-01
6.465999999999638703e-02
1.396180000000057930e-01
2.069979999999986831e-01
2.354109999999991487e-01
2.001780000000081827e-01
4.972699999999008469e-02
1.746650000000045111e-01
3.168300000000101591e-02
1.591959999999943420e-01
2.292670000000072150e-01
3.274399999999388911e-02
1.849590000000063128e-01
2.015699999999895908e-01
2.165800000000075443e-01
2.389330000000029486e-01
1.934749999999922920e-01
2.165800000000075443e-01
2.264849999999967167e-01
2.040350000000046293e-01
2.178279999999972461e-01
1.642149999999986676e-01
6.283399999999517149e-02
2.005640000000141754e-01
1.910959999999874981e-01
3.886300000000630916e-02
1.889499999999912916e-01
3.028500000000633463e-02
1.644179999999977326e-01
2.528920000000027812e-01
2.257889999999918018e-01
2.553770000000099571e-01
1.341910000000012815e-01
4.792600000000390992e-02
2.087020000000023856e-01
2.080059999999832598e-01
4.644500000000562068e-02
2.318360000000012633e-01
4.095729999999946358e-01
3.094699999999761530e-02
1.652150000000034424e-01
1.742959999999982301e-01
6.534400000001028275e-02
1.538179999999869096e-01
2.011040000000150485e-01
1.832859999999953970e-01
2.017819999999943548e-01
6.814800000000786895e-02
3.408899999999448482e-02
3.242000000000189175e-02
9.244200000000546424e-02
2.516699999999616466e-02
8.198300000000813270e-02
1.827579999999926486e-01
1.519289999999955398e-01
6.972300000001041553e-02
8.686799999998129351e-02
1.883290000000101827e-01
1.760550000000051796e-01
1.779509999999930869e-01
2.052139999999980091e-01
9.489700000000311775e-02
8.850599999999531065e-02
2.605400000000201999e-02
3.028900000001044646e-02
5.766599999998334170e-02
7.741600000001369608e-02
7.578799999998864223e-02
3.084100000000944419e-02
3.533199999999681040e-02
1.488739999999921793e-01
1.468509999999980664e-01
8.616600000000573800e-02
5.586500000001137778e-02
7.571799999999484498e-02
4.667799999999999727e-02
3.087700000000381806e-02
1.263919999999956190e-01
9.211599999999009469e-02
5.019200000000978434e-02
1.213179999999880465e-01
9.614600000001871649e-02
3.273399999999071497e-02
1.075119999999998299e-01
5.594800000000077489e-02
8.079500000000905402e-02
3.830899999999815009e-02
7.998699999998848398e-02
7.753000000001009084e-02
1.208570000000008804e-01
6.004599999998561088e-02
1.746790000000117971e-01
6.333199999998839758e-02
1.219050000000123646e-01
2.120759999999961565e-01
1.878880000000009431e-01
2.740300000000672753e-02
4.407799999998474050e-02
4.164200000001017088e-02
1.120990000000006148e-01
5.365299999999706415e-02
1.241729999999989786e-01
4.629599999999811644e-02
5.622200000000532327e-02
8.048399999999844567e-02
1.623529999999959728e-01
1.063720000000074606e-01
5.174099999999270949e-02
3.420800000000667751e-02
1.653299999999973124e-01
5.252199999999618285e-02
1.867570000000000618e-01
5.198400000000447108e-02
1.719379999999972597e-01
2.219649999999973033e-01
5.485199999999679221e-02
1.072850000000045156e-01
4.032200000000329965e-02
5.178800000000194359e-02
9.186399999998684507e-02
8.788400000001672652e-02
3.401099999999246393e-02
3.234299999999734609e-02
1.482869999999962829e-01
3.179600000001414628e-02
1.602989999999948623e-01
4.552800000000445380e-02
1.625640000000032614e-01
4.836199999999735155e-02
9.828399999999248848e-02
1.138020000000068421e-01
2.000099999999918055e-01
2.226940000000041664e-01
3.013199999999471856e-02
1.998120000000085383e-01
1.813329999999950815e-01
4.550899999999558077e-02
1.376480000000128712e-01
1.002859999999969887e-01
1.836059999999832826e-01
1.277359999999987394e-01
1.068230000000198743e-01
2.887099999999520605e-02
1.893719999999916581e-01
4.936600000000623822e-02
6.372799999999756437e-02
8.546599999999671127e-02
2.513200000001347689e-02
1.096819999999922857e-01
8.694300000000509954e-02
1.407459999999929323e-01
7.485799999999187548e-02
3.049400000000446198e-02
1.847730000000069595e-01
3.240599999999460579e-02
2.794800000000918772e-02
6.446499999999844022e-02
1.115360000000009677e-01
3.596799999999689135e-02
1.486950000000035743e-01
5.900399999998739986e-02
1.667190000000147165e-01
3.907699999999181273e-02
1.928429999999963229e-01
2.065270000000083428e-01
2.052869999999984429e-01
1.207489999999893371e-01
8.516600000001517401e-02
2.119149999999905276e-01
1.447789999999997690e-01
1.132429999999970960e-01
2.643700000000137607e-02
1.561339999999944439e-01
3.375600000001099943e-02
2.137079999999969004e-01
1.846859999999992397e-01
3.102900000000374803e-02
2.100259999999991578e-01
1.067620000000033542e-01
1.110039999999941074e-01
1.182440000000042346e-01
9.159699999999304509e-02
1.348590000000058353e-01
6.580699999999239935e-02
3.442499999999881766e-02
1.323550000000182081e-01
9.058999999997752184e-02
1.977140000000048303e-01
2.003450000000128739e-01
3.113499999999191914e-02
3.259800000000723230e-02
1.465619999999887568e-01
3.531999999999868578e-02
1.915120000000172240e-01
4.499599999999759348e-02
1.638559999999813499e-01
1.513240000000024565e-01
4.913500000000681212e-02
2.226950000000016416e-01
1.831699999999898409e-01
2.905600000001129501e-02
4.124799999999595457e-02
3.631400000000439832e-02
1.461430000000092377e-01
7.076199999998777912e-02
5.564800000000502678e-02
1.218559999999939691e-01
1.155800000000084538e-01
1.218879999999984420e-01
1.247179999999872280e-01
1.047580000000039036e-01
1.313240000000064356e-01
5.496899999999982356e-02
2.695199999999431384e-02
1.171120000000058781e-01
7.886399999999582633e-02
6.780100000000288674e-02
1.430280000000010432e-01
6.061300000000358068e-02
8.489600000000052660e-02
4.935899999999548982e-02
7.138400000000899581e-02
2.770899999998732710e-02
1.861729999999965912e-01
2.659000000001299213e-02
1.865769999999997708e-01
2.052269999999936090e-01
4.891100000000392356e-02
1.352849999999961028e-01
5.127299999999479496e-02
3.249200000000485034e-02
1.072269999999946322e-01
9.190200000000459113e-02
1.243460000000027321e-01
6.779899999999372540e-02
6.036500000000444288e-02
8.531299999999930606e-02
3.228899999999157444e-02
6.602300000001548597e-02
1.170129999999858228e-01
1.573840000000075179e-01
5.845300000000008822e-02
1.371539999999953352e-01
4.733300000000895125e-02
1.469199999999943884e-01
4.209600000000079945e-02
1.845879999999908705e-01
5.949700000000746059e-02
1.533999999999906549e-01
5.835200000001350418e-02
1.846670000000045775e-01
6.398099999998407839e-02
1.362200000000086675e-01
2.358119999999956917e-01
5.271600000000375985e-02
1.878470000000049822e-01
3.338999999999714419e-02
1.855390000000056716e-01
1.824659999999909132e-01
3.264500000000225555e-02
1.928029999999978372e-01
3.726900000000910040e-02
4.313209999999969568e-01
2.145349999999837109e-01
1.792900000000088312e-01
5.400600000000110867e-02
4.294670000000024856e-01
3.076500000000237378e-02
2.154109999999889169e-01
4.871200000000897035e-02
1.702980000000025029e-01
4.340499999999281044e-02
1.500770000000102300e-01
7.554799999999772808e-02
1.553469999999919082e-01
1.912119999999930542e-01
4.582200000001535045e-02
1.935179999999974143e-01
4.188999999999509782e-02
1.906869999999969423e-01
1.973240000000089367e-01
2.250650000000007367e-01
2.284229999999922711e-01
1.903609999999957836e-01
4.609200000001578701e-02
2.094909999999998718e-01
2.091139999999853671e-01
4.849700000001178068e-02
1.291919999999890933e-01
2.403690000000153759e-01
5.438499999999635293e-02
4.342280000000044993e-01
2.404879999999991469e-01
3.609599999998636122e-02
1.562969999999950232e-01
2.315670000000125128e-01
2.039369999999962602e-01
2.460769999999996571e-01
1.983770000000077971e-01
4.762099999999236388e-02
1.497240000000061855e-01
3.062900000000468026e-02
2.123279999999851952e-01
2.162460000000123728e-01
2.326879999999960091e-01
1.964470000000062555e-01
2.720300000000008822e-02
1.865729999999956590e-01
2.482089999999885777e-01
2.182530000000042492e-01
2.158869999999950551e-01
2.104150000000117871e-01
2.343529999999987012e-01
2.157259999999894262e-01
2.261770000000069558e-01
2.005549999999942656e-01
2.323620000000090613e-01
2.155520000000024083e-01
2.167789999999882866e-01
2.123990000000048894e-01
2.352429999999969823e-01
2.169609999999977390e-01
1.946820000000144546e-01
3.252399999999511238e-02
1.753039999999970178e-01
2.405159999999995080e-01
2.433430000000100790e-01
1.899119999999925312e-01
2.337909999999965294e-01
1.962969999999870652e-01
3.761900000002071920e-02
1.982849999999842794e-01
2.452740000000090959e-01
1.795410000000146056e-01
4.907199999999534157e-02
1.915280000000052496e-01
5.342799999996827864e-02
1.765480000000252403e-01
2.019529999999747361e-01
2.269660000000186528e-01
2.183480000000059817e-01
2.238219999999984111e-01
2.124090000000080636e-01
5.205799999997395844e-02
1.211510000000117770e-01
3.321900000001676290e-02
2.405559999999695719e-01
2.444310000000058380e-01
2.112240000000014106e-01
2.108330000000080418e-01
5.638699999998664225e-02
1.655730000000090740e-01
2.306499999999971351e-01
4.398100000000226828e-02
1.794909999999987349e-01
2.046870000000069467e-01
3.180400000000815908e-02
2.143399999999786587e-01
3.651600000002019897e-02
1.794490000000052987e-01
2.102309999999789625e-01
3.960499999999456122e-02
1.903580000000175687e-01
2.544199999998397743e-02
1.857310000000040873e-01
2.700300000000765976e-02
7.718999999998743533e-02
1.127590000000111559e-01
2.980000000000870841e-02
2.050879999999892789e-01
1.764239999999972497e-01
3.063700000001290391e-02
2.280949999999819511e-01
2.212330000000122254e-01
2.277040000000027931e-01
2.008459999999985257e-01
2.319770000000005439e-01
2.087899999999933698e-01
2.342130000000111067e-01
1.970609999999908268e-01
2.339300000000008595e-01
3.468600000000776618e-02
1.982109999999863703e-01
2.152480000000025484e-01
2.166860000000099262e-01
2.363229999999987285e-01
1.879399999999833426e-01
5.276200000001551871e-02
1.521000000000043428e-01
1.398629999999911888e-01
1.027509999999978163e-01
5.140300000000763703e-02
1.450749999999914053e-01
2.945800000000531327e-02
8.856099999998434669e-02
1.500560000000064065e-01
1.978710000000063474e-01
4.601000000000965429e-02
1.736179999999905021e-01
2.180280000000038854e-01
2.079389999999818883e-01
2.845600000000558794e-02
2.499110000000115406e-01
1.526290000000045666e-01
2.415059999999868978e-01
2.347500000000053433e-01
1.990830000000016753e-01
2.261919999999975062e-01
2.373520000000013397e-01
1.881660000000096034e-01
3.476499999999305146e-02
2.100340000000073815e-01
1.635679999999979373e-01
3.801599999998472867e-02
2.411740000000008877e-01
2.279740000000032296e-01
1.913900000000126056e-01
2.290919999999943002e-01
2.113070000000050186e-01
2.388789999999971769e-01
1.968649999999882994e-01
2.127050000000139107e-01
2.371619999999836637e-01
2.223780000000061818e-01
1.922660000000178115e-01
8.450299999996957467e-02
1.458610000000106766e-01
2.219360000000136779e-01
2.109089999999866905e-01
2.923500000001411081e-02
2.724699999998847488e-02
2.897389999999973043e-01
6.196100000001081298e-02
3.253399999999828651e-02
2.046629999999964866e-01
5.860800000000665477e-02
2.056389999999908014e-01
3.327699999999822467e-02
1.695820000000054506e-01
1.331939999999889324e-01
7.672800000000279397e-02
2.234330000000142036e-01
2.187679999999971869e-01
6.387999999999749434e-02
1.572339999999883275e-01
2.036030000000010887e-01
2.382719999999949323e-01
2.142860000000155196e-01
2.111069999999983793e-01
3.883499999999173724e-02
1.812299999999993361e-01
2.304780000000050677e-01
2.203840000000099053e-01
2.090669999999903439e-01
1.946080000000165455e-01
1.778439999999932297e-01
8.450799999998537260e-02
2.098349999999982174e-01
2.078090000000116788e-01
3.229399999999316151e-02
2.011100000000141108e-01
2.097509999999971342e-01
5.271199999998543717e-02
1.621240000000057080e-01
2.349949999999978445e-01
1.992350000000016053e-01
2.294570000000106802e-01
2.072609999999883712e-01
2.244939999999928659e-01
1.782100000000070850e-01
3.093899999998939165e-02
1.039999999999992042e-01
1.306120000000134951e-01
2.129410000000007130e-01
1.772209999999745378e-01
6.210400000000504406e-02
1.873790000000212785e-01
1.904370000000028540e-01
6.439399999999295687e-02
2.009710000000097807e-01
3.451000000001158696e-02
1.731169999999906395e-01
2.553599999998823478e-02
8.096000000000458385e-02
1.254739999999969768e-01
1.201429999999845677e-01
8.320800000001327135e-02
2.110989999999901556e-01
2.489650000000267482e-01
1.597619999999722040e-01
5.314599999999813917e-02
2.423450000000002547e-01
1.854830000000049495e-01
4.523000000000365617e-02
2.059250000000076852e-01
2.272279999999966549e-01
2.043299999999987904e-01
2.010809999999878528e-01
4.391500000002679371e-02
1.794730000000015480e-01
1.915859999999725005e-01
2.849500000002080924e-02
1.857970000000079835e-01
5.382000000000175532e-02
1.293179999999836127e-01
6.627299999999536340e-02
3.220799999999712782e-02
1.787810000000149557e-01
2.293880000000001473e-01
4.024799999999117972e-02
1.892700000000218097e-01
1.942389999999818428e-01
2.801900000000046020e-02
1.400479999999788561e-01
9.140100000001893932e-02
2.107809999999972206e-01
1.886570000000062919e-01
2.247600000000034015e-01
4.355499999999778993e-02
3.048630000000116524e-01
9.925799999999185275e-02
2.663899999998875501e-02
1.938710000000014588e-01
1.819989999999904740e-01
2.589060000000245054e-01
2.358720000000005257e-01
2.220489999999983866e-01
2.215510000000051605e-01
2.708639999999888914e-01
1.965179999999975280e-01
2.328190000000063264e-01
2.293319999999710035e-01
2.034220000000175332e-01
2.465940000000159671e-01
1.455479999999909069e-01
2.444830000000024484e-01
6.312099999999531974e-02
3.221899999999777719e-02
6.693500000000085493e-02
2.807899999999108331e-02
7.417799999998919702e-02
1.041170000000306572e-01
5.823699999999121246e-02
2.363310000000069522e-01
9.838999999999487045e-02
3.372889999999983957e-01
3.830699999997477789e-02
1.983870000000251821e-01
1.536720000000002528e-01
8.072199999998019848e-02
1.545150000000319324e-01
5.298099999998839849e-02
8.745399999997971463e-02
8.141500000002110937e-02
2.713199999999460488e-02
4.873100000000363252e-02
5.316400000000953696e-02
9.021999999998797648e-02
6.478000000001316039e-02
2.515099999999392821e-02
5.194299999999429929e-02
6.595100000001252738e-02
4.706399999997756822e-02
7.117999999999824468e-02
1.134969999999952961e-01
3.816200000002822890e-02
2.524399999998649946e-02
1.681150000000002365e-01
3.025199999999017564e-02
5.427500000001828084e-02
6.116399999999089232e-02
9.719200000000682849e-02
4.006299999997509076e-02
8.628600000002961679e-02
7.687399999997523992e-02
4.586100000003057175e-02
1.048749999999927240e-01
1.294799999999725060e-01
1.381820000000004711e-01
2.805600000002073102e-02
2.845700000000306318e-02
1.181279999999844676e-01
7.856200000000512773e-02
6.349299999999402644e-02
1.656430000000170821e-01
2.110720000000014807e-01
5.083299999998303065e-02
2.835699999999974352e-02
1.511959999999987758e-01
4.461100000000328691e-02
1.106100000000083128e-01
7.617100000001642002e-02
1.389309999999852607e-01
1.026530000000036580e-01
5.867199999997296800e-02
1.397249999999985448e-01
2.471480000000099153e-01
7.291200000000230830e-02
1.546450000000163527e-01
1.528759999999920183e-01
4.774900000001025546e-02
1.984429999999690608e-01
3.939000000002579327e-02
1.920829999999966731e-01
4.618299999998498606e-02
1.313790000000096825e-01
7.864800000001537228e-02
1.993549999999970623e-01
2.383560000000102264e-01
2.389149999999915508e-01
9.801799999999616375e-02
1.190899999999999181e-01
1.933659999999974843e-01
5.967499999999859028e-02
1.692060000000026321e-01
7.878900000000044201e-02
1.154879999999991469e-01
3.657400000000166074e-02
2.696099999997159102e-02
1.831450000000245382e-01
2.326999999999941338e-01
2.653000000000815817e-02
2.308280000000024756e-01
1.737729999999828578e-01
4.172099999999545616e-02
1.856610000000102900e-01
6.370300000000383989e-02
1.538830000000075415e-01
7.421099999999114516e-02
1.499919999999974607e-01
6.775700000000028922e-02
6.639899999998988278e-02
1.014060000000256423e-01
1.297649999999919146e-01
5.472599999998806197e-02
3.261100000000283217e-02
1.947179999999946176e-01
4.569399999999745887e-02
1.249950000000126238e-01
8.764500000000907676e-02
2.129239999999867905e-01
1.272909999999853881e-01
8.177800000001411718e-02
2.762599999999792999e-02
1.278840000000229793e-01
5.865599999998494241e-02
1.731650000000115597e-01
5.754999999999199645e-02
2.982900000000654472e-02
1.241290000000105920e-01
7.010299999996050246e-02
1.513090000000261170e-01
3.839699999997492341e-02
2.562900000000922773e-02
1.574960000000089622e-01
6.363899999999489410e-02
4.649100000000316868e-02
1.329700000000002547e-01
4.549699999998324529e-02
9.158800000002997876e-02
1.252619999999922129e-01
2.305410000000165383e-01
5.021799999997256236e-02
1.800939999999968677e-01
2.305320000000108394e-01
3.923169999999913671e-01
5.007399999999506690e-02
2.341850000000249565e-01
2.875699999998460044e-02
1.989210000000127820e-01
2.023169999999936408e-01
2.248669999999890479e-01
2.008960000000286072e-01
3.738399999997454870e-02
2.221490000000017062e-01
1.924890000000232249e-01
8.068999999997572559e-02
1.328800000000001091e-01
4.296399999998357089e-02
1.349140000000375039e-01
9.448899999998161547e-02
8.854000000002315574e-02
1.308479999999860866e-01
3.534500000000662112e-02
2.019899999999665852e-01
2.138960000000054151e-01
2.193240000000002965e-01
2.385130000000117434e-01
3.283100000001581975e-02
3.900089999999636348e-01
2.480440000000214695e-01
2.223429999999950724e-01
2.232999999999947249e-01
2.104340000000206601e-01
2.230519999999671654e-01
2.305220000000360869e-01
2.596769999999821721e-01
1.588629999999966458e-01
1.781050000000163891e-01
8.897600000000238651e-02
2.011849999999810734e-01
2.519200000000410000e-02
2.133220000000051186e-01
2.105559999999968568e-01
2.128040000000055443e-01
4.361199999999598731e-02
1.949449999999899319e-01
2.168520000000171422e-01
1.958370000000115851e-01
2.324799999999811462e-01
5.825400000000513501e-02
1.896009999999819229e-01
2.373810000000275977e-01
1.818799999999782813e-01
2.280790000000081363e-01
2.408079999999870324e-01
2.193140000000255441e-01
1.884450000000015280e-01
1.779419999999731772e-01
6.137700000002155321e-02
2.591999999998506610e-02
2.220900000000085583e-01
2.287230000000022301e-01
2.053030000000148902e-01
2.517959999999845877e-01
1.922050000000012915e-01
4.116679999999917072e-01
2.606150000000013733e-01
2.265799999999842385e-01
2.173300000000324417e-01
2.045979999999758547e-01
3.056599999999320971e-02
1.564510000000041146e-01
4.777300000000650471e-02
3.268800000000737782e-02
2.107530000000110704e-01
1.931349999999838474e-01
2.349910000000079435e-01
2.150079999999832125e-01
5.172899999999458487e-02
1.933820000000139316e-01
3.046399999999493957e-02
1.963030000000003383e-01
2.159120000000029904e-01
2.032260000000007949e-01
3.375900000000342516e-02
2.174029999999902429e-01
2.435040000000014970e-01
1.935270000000173241e-01
2.483560000000011314e-01
2.159569999999746415e-01
1.663640000000157215e-01
2.930600000001959415e-02
3.166199999998298154e-02
1.845209999999894990e-01
2.367370000000050823e-01
1.897340000000156124e-01
5.718199999998319072e-02
2.241370000000131313e-01
1.990859999999941010e-01
1.778219999999919310e-01
5.143000000001052285e-02
1.315099999999915781e-01
1.120139999999878455e-01
7.090400000001295666e-02
1.385709999999846787e-01
2.200360000000216587e-01
2.414689999999950487e-01
2.238240000000075725e-01
2.394869999999968968e-01
1.801490000000001146e-01
2.371319999999741412e-01
2.372190000000387045e-01
1.923469999999838365e-01
3.676600000000007640e-02
1.830769999999972697e-01
4.503300000001786429e-02
2.238559999999836236e-01
2.217299999999795546e-01
2.183500000000151431e-01
2.106969999999819265e-01
1.780970000000365872e-01
3.849099999999339161e-02
3.004699999999616011e-02
2.047540000000083182e-01
2.329979999999807205e-01
2.063689999999951397e-01
3.284199999998804742e-02
1.921820000000309392e-01
2.898700000000076216e-02
1.950500000000090495e-01
4.286219999999900665e-01
1.783049999999946067e-01
5.367100000000846194e-02
2.277079999999784832e-01
1.892100000000027649e-01
4.577700000001527769e-02
1.638839999999959218e-01
3.574100000000157706e-02
1.986429999999757001e-01
2.830600000001481931e-02
2.308810000000107721e-01
2.369060000000047239e-01
1.798249999999939064e-01
1.777920000000108303e-01
6.601799999998547719e-02
1.169150000000058753e-01
1.091539999999895372e-01
2.320039999999892188e-01
2.168820000000266646e-01
3.032299999998144813e-02
2.136300000000233013e-01
1.974519999999984066e-01
4.437790000000063628e-01
2.384609999999725005e-01
2.362510000000099808e-01
2.052939999999807696e-01
2.505500000000893124e-02
1.912380000000268865e-01
2.921899999998345265e-02
2.091709999999977754e-01
2.312850000000139516e-01
2.078709999999830416e-01
2.354520000000093205e-01
1.966699999999832471e-01
3.295800000000781438e-02
1.500650000000121054e-01
8.120199999999044849e-02
1.978280000000154359e-01
2.570589999999697284e-01
2.154790000000161854e-01
2.661299999999755528e-02
2.047560000000032687e-01
2.311039999999877637e-01
1.890810000000158198e-01
2.374849999999923966e-01
2.352769999999964057e-01
2.091849999999908505e-01
4.576600000001462831e-02
1.617210000000000036e-01
2.358550000000150249e-01
2.302449999999964803e-01
2.399109999999780030e-01
1.902200000000107138e-01
4.258199999998169005e-02
1.536910000000375476e-01
5.020199999998453677e-02
1.329120000000045820e-01
8.001499999997463419e-02
2.241530000000011569e-01
2.371970000000089840e-01
2.383769999999856282e-01
1.919160000000204036e-01
2.344539999999994961e-01
1.904820000000029268e-01
3.501299999999218926e-02
2.456310000000030414e-01
2.138400000000046930e-01
2.242799999999931515e-01
1.995149999999910051e-01
3.144199999999841566e-02
2.111690000000123746e-01
2.148730000000114160e-01
2.330429999999807933e-01
2.052880000000243399e-01
4.273599999999078136e-02
1.499369999999942138e-01
4.399000000000796717e-02
5.633100000000013097e-02
8.272299999998722342e-02
8.922900000001732224e-02
3.614799999999718239e-02
1.742079999999930351e-01
2.388669999999990523e-01
1.986799999999959709e-01
2.483880000000056043e-01
4.169659999999737465e-01
2.501700000000255386e-01
2.268449999999972988e-01
2.056399999999882766e-01
2.022949999999923421e-01
3.873600000002852539e-02
1.906309999999962201e-01
2.844099999998661588e-02
2.068630000000268865e-01
2.085769999999627089e-01
2.189460000000167383e-01
3.030300000000352156e-02
2.173760000000015680e-01
2.231999999999914053e-01
2.135549999999852844e-01
2.268490000000156215e-01
2.024430000000165819e-01
3.318999999999050488e-02
2.209789999999998145e-01
4.233729999999980009e-01
2.412800000000174805e-01
2.117729999999937718e-01
2.172349999999880765e-01
2.135519999999928586e-01
2.433829999999943539e-01
2.099190000000135115e-01
2.024430000000165819e-01
3.935399999997457599e-02
1.973960000000261061e-01
1.778089999999679094e-01
6.888800000001538137e-02
1.140809999999987667e-01
9.567000000001257831e-02
2.008049999999741431e-01
2.341820000000041091e-01
2.276439999999979591e-01
2.196390000000292275e-01
2.186810000000036780e-01
1.951779999999700976e-01
2.459460000000319724e-01
2.233699999999885222e-01
2.142129999999724532e-01
2.023959999999931370e-01
2.383570000000077016e-01
2.248000000000160981e-01
1.953189999999835891e-01
2.175280000000157088e-01
1.990490000000022519e-01
4.571599999999875763e-02
2.168900000000064665e-01
1.948539999999923111e-01
2.367729999999994561e-01
2.087629999999762731e-01
3.071500000001492481e-02
2.149379999999894153e-01
2.273509999999987485e-01
1.930410000000222226e-01
2.407939999999939573e-01
2.246470000000044820e-01
2.070449999999937063e-01
2.593200000001161243e-02
1.825399999999888223e-01
3.821100000001820263e-02
1.982899999999858665e-01
2.473070000000063828e-01
2.147209999999972752e-01
2.099890000000073087e-01
3.606099999998946259e-02
1.508439999999779957e-01
3.663300000002323031e-02
2.893800000001078843e-02
1.357919999999808169e-01
5.247900000000527143e-02
2.167230000000017753e-01
2.403320000000235268e-01
2.148759999999754200e-01
2.654700000002208071e-02
2.061639999999727024e-01
2.175370000000214077e-01
2.004889999999761585e-01
2.258800000000178443e-01
2.202759999999841511e-01
3.198599999998918975e-02
1.657750000000248747e-01
2.152360000000044238e-01
4.435499999999592546e-02
1.807809999999960837e-01
2.396919999999909123e-01
2.000600000000076761e-01
2.311029999999902884e-01
1.893110000000035598e-01
5.031299999998850581e-02
1.325940000000400687e-01
8.983299999997029772e-02
2.129209999999943648e-01
2.204790000000116379e-01
4.062700000000063483e-02
1.685549999999977899e-01
3.082000000000562068e-02
2.269819999999924676e-01
1.921719999999993433e-01
2.300500000000056389e-01
2.387410000000045329e-01
2.259770000000003165e-01
2.119390000000009877e-01
2.106110000000001037e-01
2.352439999999944575e-01
2.246729999999956817e-01
1.968139999999891643e-01
2.248040000000059990e-01
1.946330000000102700e-01
3.600599999998621570e-02
3.268700000000990258e-02
1.144089999999948759e-01
8.088000000000761247e-02
2.120680000000163545e-01
3.531299999997372652e-02
1.856620000000077653e-01
1.936779999999771462e-01
2.543950000000450018e-01
2.386619999999766151e-01
9.490299999998796920e-02
8.804900000001225635e-02
2.185969999999883839e-01
2.334460000000149194e-01
2.819500000001085027e-02
1.905509999999992488e-01
9.228299999998057501e-02
1.289999999999906777e-01
2.212600000000293221e-01
2.245789999999772135e-01
2.033979999999928623e-01
2.064900000000307045e-01
1.959119999999643369e-01
7.912800000002562228e-02
2.516509999999811953e-01
2.559640000000058535e-01
1.361259999999901993e-01
1.282810000000154105e-01
1.254280000000278505e-01
1.531739999999501833e-01
2.513390000000299551e-01
1.737279999999827851e-01
3.186500000003888999e-02
1.751049999999736428e-01
2.737500000000068212e-01
1.897179999999991651e-01
3.823800000000687760e-02
2.089700000000220825e-01
1.750369999999463744e-01
3.960200000000213549e-02
2.001250000000140972e-01
4.114900000001853186e-02
1.902419999999835909e-01
2.884899999997969644e-02
1.862420000000497566e-01
1.765979999999842676e-01
8.320299999999747342e-02
1.911079999999856227e-01
1.756290000000149121e-01
3.232900000000427099e-02
2.369069999999737774e-01
2.007749999999930424e-01
4.918200000000183536e-02
1.673650000000463933e-01
2.211539999999843076e-01
1.976829999999552001e-01
3.315100000003212699e-02
2.103580000000135897e-01
2.368020000000115033e-01
1.860169999999925494e-01
3.072199999996882980e-02
1.925229999999942265e-01
5.384999999998285602e-02
1.380200000000399996e-01
2.951200000001108492e-02
2.314399999999920965e-01
4.776899999998818203e-02
1.395959999999831780e-01
3.634300000001644548e-02
1.662589999999966039e-01
2.694999999999936335e-02
2.023379999999974643e-01
2.454869999999971242e-01
2.006390000000237706e-01
2.223290000000019973e-01
2.262649999999837291e-01
3.909199999998236308e-02
1.555620000000317305e-01
2.085200000000213549e-01
3.902899999994247082e-02
1.924560000000212767e-01
2.132890000000031705e-01
2.743499999999698957e-02
2.031600000000253203e-01
2.089899999999715874e-01
2.379790000000241434e-01
2.901899999997681334e-02
1.477820000000065193e-01
4.471499999996808583e-02
5.887600000002635170e-02
1.314120000000116306e-01
2.398869999999817537e-01
9.301200000001585977e-02
1.040780000000154359e-01
2.350020000000085929e-01
2.302099999999427382e-01
1.989470000000324035e-01
1.929850000000215005e-01
2.960899999996513543e-02
5.333000000004517460e-02
1.548419999999737229e-01
2.114290000000096370e-01
2.419469999999819265e-01
1.958169999999768152e-01
2.299540000000206419e-01
2.351140000000100372e-01
1.994609999999852334e-01
9.267600000001152694e-02
1.374790000000132295e-01
1.555109999999899628e-01
7.238999999998441126e-02
5.700800000002459456e-02
1.396599999999921238e-01
2.491779999999721440e-01
3.264900000002057823e-02
1.688330000000064501e-01
1.506669999999985521e-01
5.585899999999810461e-02
2.968699999999557804e-02
2.284439999999960946e-01
1.394090000000005602e-01
4.450500000001511580e-02
7.813899999996465340e-02
1.423090000000399868e-01
1.639710000000036416e-01
5.841299999997318082e-02
1.968149999999866395e-01
2.347010000000295804e-01
1.969149999999899592e-01
4.911999999998784006e-02
1.697820000000263008e-01
3.131999999996537554e-02
3.406400000000076034e-02
1.802200000000198088e-01
2.890899999999874126e-02
1.584910000000263608e-01
5.312799999995831968e-02
1.931109999999875981e-01
3.447000000002731213e-02
1.002129999999965548e-01
7.633200000000783803e-02
5.970099999998979001e-02
1.556290000000046803e-01
2.540319999999951506e-01
6.235300000000165710e-02
6.025200000001973422e-02
6.636400000002140587e-02
1.557529999999758274e-01
5.052999999998064595e-02
4.058800000001383523e-02
1.887940000000014606e-01
3.387199999997392297e-02
1.896900000000414366e-01
4.120000000000345608e-02
1.842059999999605679e-01
5.264700000000743785e-02
1.436009999999896536e-01
5.272200000001703302e-02
1.645080000000120890e-01
2.792799999997441773e-02
4.307299999999258944e-02
1.403370000000165874e-01
4.915300000001820990e-02
1.751799999999832380e-01
4.391800000001921944e-02
2.149459999999976390e-01
3.184999999999149622e-02
1.359779999999943811e-01
4.102699999998549174e-02
1.901220000000307664e-01
5.311799999998356725e-02
1.474280000000192103e-01
3.002100000000496038e-02
4.051699999999414104e-02
1.706869999999867105e-01
7.075800000001208900e-02
1.678029999999921529e-01
3.469300000000430373e-02
3.302199999998833846e-02
9.656400000000076034e-02
8.045899999999051033e-02
5.451099999999087231e-02
1.180450000000234922e-01
1.585910000000012587e-01
9.803100000002018533e-02
3.842999999997687155e-02
1.482419999999819993e-01
4.240670000000079654e-01
2.494340000000079272e-01
1.980469999999741049e-01
5.476600000002918023e-02
1.489359999999919637e-01
1.303910000000030323e-01
1.000739999999780139e-01
1.798809999999946285e-01
1.005930000000319069e-01
4.289300000002072011e-02
9.883199999998737439e-02
3.098799999997936538e-02
2.502499999999940883e-02
2.107839999999896463e-01
1.524150000000190630e-01
7.036300000001460830e-02
1.725479999999777192e-01
3.726499999999077772e-02
1.912570000000357595e-01
6.250499999998737621e-02
1.410919999999862284e-01
3.235699999999042120e-02
1.892990000000054351e-01
2.171020000000112304e-01
2.411790000000166856e-01
2.319620000000099935e-01
5.620099999995886719e-02
1.680520000000171876e-01
1.514740000000074360e-01
7.868099999996047700e-02
1.594370000000253640e-01
4.144900000002849083e-02
4.045309999999915362e-01
2.585899999999696774e-02
2.941000000001281478e-02
1.457939999999950942e-01
3.143199999996681981e-02
3.081000000000244654e-02
1.159390000000257714e-01
8.088799999998741441e-02
1.330799999999783267e-01
6.130400000000690852e-02
1.048050000000273485e-01
1.085149999999828196e-01
3.176299999998377643e-02
2.005640000000141754e-01
2.101719999999716038e-01
6.111400000003186506e-02
9.534999999999627107e-02
8.414399999998067869e-02
1.705960000000175114e-01
3.406899999998813655e-02
2.020870000000059008e-01
5.396000000001777153e-02
1.344180000000108066e-01
5.674699999997301347e-02
2.059649999999919601e-01
2.500720000000171694e-01
2.053400000000067394e-01
1.680070000000171149e-01
3.055099999997423765e-02
2.862899999999513057e-02
8.381900000000541695e-02
2.011299999999778265e-01
1.221200000000237651e-01
2.543299999999248939e-02
2.053469999999890661e-01
2.286130000000241580e-01
2.011639999999772499e-01
5.223499999999603460e-02
1.559129999999981919e-01
4.155100000002676097e-02
1.938310000000171840e-01
2.331449999999506417e-01
5.510500000002593879e-02
1.383710000000064611e-01
6.697599999998260500e-02
1.460410000000251785e-01
2.168039999999962220e-01
7.821899999999004649e-02
1.470629999999744086e-01
2.279930000000263135e-01
2.025480000000072778e-01
2.681899999998904605e-02
1.913200000000188084e-01
5.463799999998286694e-02
1.637870000000134496e-01
2.027989999999704196e-01
3.082400000002394336e-02
1.857400000000097862e-01
2.134209999999825413e-01
4.135600000000749787e-02
2.063009999999678712e-01
1.787610000000370292e-01
2.100969999999904303e-01
4.263200000002598244e-02
1.838049999999782358e-01
3.010599999998930798e-02
3.207299999999690954e-02
1.862350000000105865e-01
2.297650000000146520e-01
6.403599999998732528e-02
1.309379999999862321e-01
1.363200000000119871e-01
9.072100000000205000e-02
1.717749999999966803e-01
4.179999999999495230e-02
2.187510000000258970e-01
2.145619999999723859e-01
1.437019999999904485e-01
6.135900000003857713e-02
2.192659999999762022e-01
1.909729999999854044e-01
2.704300000002035631e-02
2.974900000000957334e-02
1.714219999999784250e-01
2.132799999999974716e-01
2.999800000003460809e-02
1.852569999999786887e-01
4.460099999997169107e-02
1.703570000000524942e-01
2.238499999999987722e-01
2.860799999999130705e-02
1.918869999999799347e-01
2.657400000001075568e-02
2.989499999998201929e-02
1.766180000000190375e-01
3.033899999999789543e-02
1.921289999999942211e-01
2.014149999999972351e-01
1.933769999999981337e-01
5.787499999999567990e-02
1.910449999999741522e-01
3.597600000003353671e-02
1.539220000000227628e-01
4.840199999995320468e-02
1.778780000000210748e-01
2.555140000000335476e-01
1.759689999999807242e-01
2.735000000001264198e-02
2.506709999999827687e-01
1.554199999999639203e-01
2.614200000004984759e-02
2.522369999999511947e-01
1.817310000000134096e-01
2.398180000000138534e-01
2.025330000000167274e-01
4.547099999999204556e-02
1.363879999999824122e-01
3.405400000002600791e-02
2.273769999999899483e-01
2.117410000000177206e-01
1.577659999999525553e-01
5.033300000002327579e-02
2.011419999999759511e-01
2.364860000000419404e-01
2.007380000000011933e-01
2.213939999999752217e-01
5.144699999999602369e-02
1.738239999999962038e-01
2.537200000003281275e-02
1.829319999999938773e-01
2.658259999999756928e-01
1.395679999999970278e-01
4.442500000001814442e-02
1.856889999999964402e-01
5.532399999998460771e-02
4.767800000001898297e-02
1.538209999999935462e-01
2.099759999999832871e-01
2.010600000000124510e-01
2.117609999999956472e-01
3.674399999999877764e-02
2.238559999999836236e-01
1.963460000000054606e-01
3.100900000004003232e-02
1.798899999999719057e-01
2.413620000000378241e-01
2.423619999999573338e-01
1.881890000000225882e-01
1.244590000000016516e-01
8.319299999999429929e-02
2.330359999999700449e-01
5.590700000004744652e-02
1.778609999999503088e-01
2.029870000000641994e-01
3.934599999996635233e-02
1.827620000000251821e-01
2.176549999999792817e-01
3.296899999998004205e-02
2.196880000000192013e-01
2.173849999999788452e-01
7.742500000000518412e-02
1.328619999999887114e-01
1.493080000000190921e-01
6.971900000002051456e-02
2.100019999999744869e-01
1.061910000000239052e-01
1.057299999999941065e-01
7.236199999999826105e-02
1.560289999999895372e-01
2.261900000000309774e-01
1.690350000000080399e-01
4.848899999996092447e-02
1.636900000000309774e-01
4.770999999993819074e-02
1.537920000000667642e-01
4.624299999994718746e-02
4.348700000002736488e-02
1.383979999999951360e-01
3.054300000002285742e-02
5.077499999998735802e-02
1.691869999999653373e-01
2.073890000000346845e-01
3.094999999996161932e-02
1.736109999999939646e-01
1.881430000000250402e-01
6.824799999998276689e-02
4.164400000001933222e-02
1.320890000000076725e-01
3.770700000001170338e-02
2.081769999999778520e-01
2.252939999999625797e-01
1.691300000000524051e-01
5.579999999997653504e-02
5.720100000002048546e-02
1.468959999999697175e-01
2.162590000000363943e-01
7.758200000000670116e-02
1.404059999999844877e-01
1.539940000000115106e-01
7.970699999998487328e-02
2.007360000000062428e-01
2.121970000000032996e-01
5.061399999999594002e-02
5.242199999997865234e-02
1.531800000000202999e-01
1.434479999999780375e-01
3.975800000000617729e-02
3.901400000000876389e-02
1.825989999999819702e-01
2.249680000000466862e-01
2.110569999999825086e-01
3.123700000003282184e-02
1.893779999999765096e-01
8.528999999998632120e-02
1.465999999999780812e-01
1.945110000000340733e-01
6.227100000000973523e-02
1.547129999999583561e-01
6.064100000003236346e-02
1.142219999999838365e-01
5.747400000001334774e-02
2.713699999998198109e-02
2.848099999999931242e-02
1.476539999999886277e-01
2.300720000000069376e-01
2.617600000002084926e-02
1.476650000000176988e-01
2.878299999997580016e-02
2.264610000000288892e-01
6.023599999997486520e-02
1.926720000000159416e-01
1.705659999999511456e-01
4.576300000002220258e-02
1.919909999999731554e-01
3.987600000004931644e-02
1.770989999999983411e-01
9.492000000000189175e-02
1.302409999999554202e-01
2.219940000000519831e-01
6.008800000000746877e-02
1.526789999999778047e-01
2.002179999999498250e-01
7.945400000005520269e-02
1.711379999999849133e-01
3.039400000000114233e-02
1.716109999999844149e-01
3.447999999997364284e-02
1.680870000000140863e-01
2.970200000004297181e-02
1.951479999999605752e-01
2.511500000002797606e-02
2.107560000000034961e-01
2.849099999997406485e-02
3.045600000001513763e-02
1.085830000000100881e-01
7.185999999995829057e-02
4.290400000002136949e-02
1.155390000000124928e-01
3.270299999996950646e-02
2.066800000000625914e-01
6.191499999994221071e-02
3.895069999999805077e-01
2.544600000004493268e-02
1.994559999999978572e-01
2.224489999999832435e-01
7.738399999999501233e-02
1.337540000000103646e-01
5.305900000001884109e-02
1.767130000000065593e-01
1.882439999999974134e-01
4.608300000001008812e-02
1.893010000000003856e-01
7.433700000001408625e-02
1.770859999999743195e-01
1.717149999999492138e-01
4.083800000006476694e-02
1.040559999999572938e-01
1.134670000000141954e-01
1.961840000000165674e-01
6.087599999995063627e-02
1.368900000000508044e-01
8.478099999996402403e-02
1.636640000000397777e-01
1.960429999999746542e-01
2.448560000000270520e-01
3.669600000000627915e-02
1.680099999999811189e-01
2.109449999999810643e-01
5.406099999999014472e-02
1.683610000000612672e-01
6.952299999994693280e-02
1.575109999999995125e-01
3.124500000001262379e-02
1.541569999999978791e-01
3.128100000003541936e-02
2.303269999999884021e-01
2.048509999999623687e-01
2.576300000004039248e-02
2.138879999999971915e-01
4.859999999996489350e-02
1.703770000000304208e-01
2.440960000000131913e-01
1.814799999999650026e-01
4.575700000003735113e-02
1.852799999999774627e-01
2.128359999999815955e-01
2.141890000000330474e-01
4.594399999996312545e-02
8.436100000000124055e-02
7.888600000001133594e-02
2.515420000000290202e-01
2.233929999999872962e-01
2.038000000000010914e-01
2.126609999999686806e-01
2.162210000000186483e-01
3.180600000001732042e-02
1.822750000000041837e-01
2.456719999999563697e-01
2.061010000000464970e-01
2.207969999999477295e-01
3.929000000005089532e-02
1.909349999999676584e-01
2.068550000000186628e-01
2.008000000000151886e-01
3.108799999995426333e-02
2.160900000000083310e-01
2.351760000000240325e-01
2.013379999999642678e-01
2.216569999999933316e-01
2.210880000000656764e-01
2.254889999999249994e-01
4.993999999999232386e-02
1.594630000000734071e-01
2.065399999999613101e-01
2.442510000000197579e-01
2.007800000000088403e-01
4.543239999999855172e-01
2.425380000000245673e-01
2.111969999999701031e-01
2.788300000003118839e-02
1.750660000000152650e-01
3.295499999995854523e-02
2.084529999999631400e-01
2.148880000000303880e-01
4.377399999998488056e-02
1.744070000000306209e-01
2.164429999999697429e-01
1.901609999999891443e-01
2.602150000000165164e-01
2.336129999999911888e-01
2.120530000000258042e-01
2.230809999999792126e-01
2.095060000000330547e-01
3.855699999996886618e-02
1.922329999999874417e-01
2.050570000000675464e-01
2.222689999999829524e-01
2.167279999999891515e-01
2.359309999999936736e-01
1.927469999999971151e-01
3.555600000004233152e-02
1.907039999999255997e-01
3.735300000005281618e-02
1.915500000000065484e-01
2.125529999999571373e-01
1.991760000000226682e-01
5.443600000000969885e-02
9.249199999999291322e-02
1.011799999999993815e-01
8.806700000002365414e-02
1.230219999999349056e-01
2.532000000002199158e-02
5.101500000000669388e-02
1.108950000000277214e-01
4.566999999997278792e-02
2.897500000000263753e-02
1.676049999999804641e-01
2.117750000000455657e-01
2.708100000000968066e-02
2.115929999999366373e-01
2.800100000001748413e-02
2.414259999999899264e-01
1.926430000000323162e-01
2.465139999999905740e-01
1.934430000000020300e-01
2.441840000000183863e-01
1.861049999999977445e-01
1.908829999999852589e-01
5.689899999998715430e-02
2.687400000002071465e-02
1.122479999999654865e-01
7.881600000001753870e-02
1.474420000000122855e-01
9.611100000000760701e-02
3.333099999997557461e-02
7.761099999999032661e-02
1.263420000000223808e-01
1.666900000000168802e-01
4.471699999999145803e-02
1.533560000000306900e-01
7.016999999996187398e-02
2.945199999999204010e-02
6.463500000000976797e-02
9.865700000000288128e-02
2.674899999999524880e-02
1.464799999999968350e-01
8.278200000000879299e-02
5.104000000000041837e-02
1.521099999999933061e-01
2.150770000000079563e-01
4.331700000000182627e-02
1.576779999999757820e-01
4.734799999999950160e-02
1.588680000000408654e-01
7.387199999993754318e-02
1.434220000000436812e-01
5.166900000000396176e-02
4.262199999999438660e-02
1.679179999999860229e-01
1.139969999999834727e-01
1.341189999999983229e-01
1.404170000000135587e-01
8.721900000000459841e-02
2.901299999996354018e-02
1.487140000000408691e-01
3.794199999998681960e-02
2.118679999999812935e-01
2.376280000000292603e-01
1.736619999999788888e-01
5.391099999997095438e-02
7.158100000003742025e-02
1.159650000000169712e-01
1.926239999999665997e-01
8.265100000005531911e-02
1.576999999999770807e-01
3.608800000000655928e-02
2.368839999999750034e-01
1.861630000000218388e-01
2.549200000004248068e-02
9.713499999992336598e-02
1.019750000000385626e-01
1.596700000000055297e-01
7.936999999998306521e-02
1.103480000000445216e-01
1.290739999999459542e-01
3.162400000002207889e-02
1.571599999999762076e-01
2.044520000000034088e-01
2.975900000001274748e-02
1.542129999999701795e-01
8.505700000000615546e-02
1.822559999999953106e-01
2.815100000003667446e-02
1.470339999999623615e-01
5.288400000000592627e-02
4.828100000003132664e-02
6.523699999996779297e-02
1.040870000000495565e-01
3.723999999999705324e-02
1.968679999999949359e-01
1.751269999999749416e-01
8.180500000003121386e-02
1.682059999999978572e-01
2.176739999999881547e-01
1.827769999999873107e-01
6.555199999996830229e-02
2.391709999999989122e-01
1.950240000000462715e-01
2.355359999999677711e-01
2.254870000000437358e-01
1.934249999999906322e-01
3.043500000001131411e-02
8.849199999997381383e-02
1.234529999999836036e-01
1.965550000000462205e-01
8.543699999995624239e-02
4.837900000001127410e-02
1.226619999999911670e-01
2.050970000000233995e-01
1.240990000000010696e-01
1.065830000000005384e-01
1.297629999999685424e-01
9.137000000004036337e-02
5.167299999999386273e-02
9.298999999998613930e-02
8.858900000001312947e-02
2.299719999999751963e-01
1.174570000000016989e-01
7.879900000000361615e-02
2.266520000000014079e-01
1.341649999999958709e-01
9.379300000000512227e-02
2.700399999997671330e-02
2.157540000000039981e-01
1.257980000000316068e-01
5.184800000000677755e-02
4.447099999998727071e-02
1.939919999999801803e-01
2.985599999999521970e-02
2.151280000000497239e-01
2.207339999999931024e-01
3.699299999993854726e-02
1.358760000000529544e-01
6.325499999996964107e-02
1.484700000000316322e-01
5.547300000000632281e-02
3.524199999998245403e-02
4.293899999998984640e-02
1.413489999999910651e-01
2.724999999998090061e-02
1.401190000000269720e-01
6.541199999998070780e-02
2.170899999999846841e-01
2.381920000000832260e-01
4.650599999996529732e-02
1.713550000000054752e-01
2.450309999999831234e-01
2.002279999999814208e-01
2.047830000000203654e-01
3.980999999998857675e-02
2.104960000000346554e-01
2.257239999999569591e-01
2.300890000000208602e-01
2.117189999999595784e-01
2.539230000000429754e-01
2.036049999999818283e-01
5.932799999999360807e-02
1.649360000000115178e-01
5.671100000000706132e-02
1.640110000000163382e-01
2.780699999993885285e-02
2.038120000000276377e-01
2.396459999999933643e-01
2.163419999999973697e-01
2.283920000000421169e-01
5.404699999996864790e-02
1.734020000000100481e-01
2.460990000000151667e-01
1.817940000000248801e-01
2.608899999995628605e-02
1.851030000000264408e-01
5.164400000001023727e-02
1.886499999999955435e-01
3.070899999994480822e-02
1.998300000000199361e-01
2.401820000000043365e-01
2.050160000000005311e-01
5.117200000000821092e-02
1.947829999999726169e-01
1.951600000000439650e-01
2.549199999998563726e-02
1.773670000000038272e-01
3.961699999996426413e-02
1.719479999999862230e-01
6.049800000005234324e-02
1.881089999999971951e-01
3.571099999999205465e-02
2.005899999999769534e-01
2.649700000000621003e-02
1.964210000000434775e-01
2.236889999999789325e-01
2.409940000000005966e-01
2.192779999999743268e-01
2.112800000000447653e-01
1.793239999999514112e-01
2.927299999998922431e-02
3.524400000003424793e-02
1.937560000000075888e-01
3.387200000003076639e-02
2.183839999999577230e-01
2.013440000000059626e-01
2.691699999996899351e-02
2.073350000000004911e-01
5.390300000004799585e-02
1.978530000000091604e-01
2.784599999995407416e-02
1.947040000000015425e-01
1.825060000000462423e-01
4.481800000002067463e-02
2.203759999999306274e-01
2.265730000000303335e-01
2.641189999999937754e-01
1.716769999999883112e-01
2.295790000000010878e-01
2.276740000000359032e-01
2.445849999999722968e-01
2.017799999999851934e-01
2.338420000000382970e-01
2.079160000000115360e-01
2.285379999999577194e-01
1.123120000000312757e-01
8.755099999996218685e-02
3.669100000001890294e-02
2.391560000000367836e-01
2.198469999999588254e-01
2.190530000000308064e-01
1.726419999999961874e-01
4.223099999995838516e-02
2.172649999999975989e-01
3.457800000001043372e-02
2.144959999999969114e-01
2.052570000000173422e-01
2.238290000000233704e-01
2.098829999999907159e-01
8.380299999998896965e-02
1.755699999999933425e-01
2.179989999999634165e-01
1.997310000000425134e-01
2.455689999999890460e-01
3.232300000001941953e-02
1.773899999999457577e-01
2.302130000000488508e-01
2.144190000000207874e-01
2.129189999999994143e-01
4.973599999993894016e-02
1.913819999999759602e-01
2.165370000000166328e-01
2.037770000000023174e-01
2.166800000000534965e-01
2.350409999999669708e-01
6.432499999999663487e-02
1.754200000000309956e-01
2.074959999999919091e-01
2.282139999999799329e-01
6.158699999997452323e-02
1.751060000000279615e-01
2.329730000000154178e-01
1.821550000000229375e-01
2.280979999999885877e-01
2.084179999999378197e-01
3.225700000007236667e-02
2.146549999999365355e-01
2.506979999999998654e-01
1.808420000000410255e-01
3.840600000000904402e-02
2.216970000000060281e-01
2.284060000000067703e-01
1.886619999999652464e-01
2.237539999999853535e-01
2.344530000000304426e-01
2.208830000000148175e-01
2.146029999999541360e-01
5.228800000003275272e-02
1.656939999999735846e-01
2.295200000000363616e-01
2.600100000000793443e-02
1.949000000000182808e-01
2.157499999999572537e-01
2.195809999999482898e-01
2.314750000000458385e-01
2.188629999999989195e-01
2.314279999999939719e-01
1.998280000000249856e-01
4.889900000000579894e-02
1.941339999999627253e-01
2.348280000000499967e-01
1.834979999999859501e-01
3.669600000000627915e-02
1.890489999999545034e-01
5.086300000004939648e-02
1.934309999999754837e-01
2.185299999999870124e-01
2.787100000000464206e-02
1.983370000000377331e-01
2.210279999999329448e-01
2.334850000000301407e-01
3.530000000000654836e-02
2.233289999999783504e-01
1.636990000000650980e-01
2.922699999993483289e-02
1.853170000000545770e-01
2.674899999993840538e-02
2.341630000000236578e-01
2.258949999999799729e-01
2.106049999999868305e-01
2.067130000000361179e-01
2.530409999999960746e-01
2.210870000000113578e-01
1.982269999999743959e-01
4.751099999998587009e-02
1.857689999999934116e-01
2.327730000000087784e-01
2.277320000000599975e-01
3.129999999998744897e-02
1.579419999999913671e-01
8.081699999996772021e-02
1.564510000000609580e-01
2.345029999999610482e-01
2.391559999999799402e-01
1.845920000000091932e-01
2.336780000000544533e-01
2.204169999999407992e-01
2.409590000000321197e-01
1.923729999999750362e-01
2.351260000000365835e-01
2.342729999999733081e-01
1.442869999999629727e-01
6.835100000006377741e-02
1.769709999999804495e-01
3.366299999999000647e-02
1.944470000000251275e-01
3.101799999996046608e-02
2.220619999999939864e-01
2.270030000000247128e-01
2.096159999999827050e-01
5.840700000004517278e-02
1.657949999999459578e-01
7.590500000003430614e-02
1.469179999999710162e-01
2.765900000002829984e-02
2.313710000000241962e-01
1.780599999999594729e-01
2.235450000000014370e-01
2.213580000000092696e-01
2.298410000000217224e-01
2.161669999999844549e-01
2.228719999999952961e-01
4.601400000001376611e-02
1.943819999999618631e-01
2.348680000000058499e-01
2.067509999999970205e-01
2.318060000000059517e-01
2.111070000000268010e-01
2.326840000000061082e-01
2.092159999999694264e-01
3.618899999997893246e-02
1.800059999999916727e-01
6.530600000002095840e-02
1.689860000000180662e-01
2.439160000000129003e-01
1.813429999999698339e-01
2.577500000001009539e-02
2.912199999997255873e-02
2.035910000000171749e-01
2.023490000000265354e-01
2.570240000000012515e-01
1.866440000000011423e-01
2.330379999999649954e-01
2.403710000000387481e-01
2.392150000000015098e-01
1.796199999999430474e-01
2.331970000000183063e-01
2.138509999999769207e-01
2.350760000000491345e-01
2.217109999999706815e-01
2.153160000000298169e-01
2.222089999999639076e-01
2.664990000000670989e-01
1.717389999999454631e-01
2.125709999999685351e-01
2.387120000000209075e-01
2.202780000000643668e-01
2.360219999999344509e-01
2.017090000000507644e-01
2.534479999999916799e-01
2.058010000000081163e-01
1.964580000000069049e-01
2.254849999999919419e-01
2.388090000000033797e-01
3.469499999999925421e-02
1.874379999999860047e-01
4.100299999998924250e-02
1.563580000000115433e-01
7.525500000002693923e-02
1.425979999999640313e-01
2.587599999998246858e-02
6.922600000001466469e-02
1.592730000000415203e-01
2.716569999999478568e-01
1.524080000000367363e-01
1.786069999999426727e-01
5.142000000006419214e-02
2.222549999999614556e-01
2.742299999999886495e-02
2.066689999999766769e-01
2.152010000000359469e-01
2.259990000000016153e-01
2.134280000000217115e-01
2.044960000000060063e-01
2.064049999999610918e-01
3.455100000002175875e-02
2.901199999996606493e-02
1.530220000000213076e-01
2.537599999999429201e-02
8.464299999997138002e-02
1.422530000000392647e-01
2.094960000000014588e-01
2.627339999999662723e-01
2.417090000000143846e-01
1.635780000000295331e-01
2.509099999999762076e-01
6.052099999999427382e-02
1.938180000000215841e-01
2.295269999999618449e-01
2.467540000000099099e-01
nan
