2.810000000000000275e-01
3.468999999999999861e+00
2.919999999999999818e-01
4.235000000000000320e+00
2.919999999999999818e-01
3.019999999999999907e-01
2.273000000000000131e+00
3.210000000000000075e-01
1.838000000000000078e+00
4.650000000000000244e-01
1.551999999999999824e+00
5.060000000000000053e-01
1.310000000000000053e+00
nan
nan
2.004999999999999893e+00
2.052999999999999936e+00
2.177000000000000046e+00
2.161999999999999922e+00
2.271999999999999797e+00
2.379999999999999893e+00
2.802000000000000046e+00
8.240999999999999659e+00
nan
nan
2.250000000000000000e+00
2.229000000000000092e+00
2.200000000000000178e+00
2.523000000000000131e+00
nan
nan
5.902999999999999581e+00
2.516000000000000014e+00
4.010000000000000231e-01
3.979999999999999649e-01
4.920000000000000484e-01
3.136000000000000121e+00
3.310000000000000164e-01
4.289999999999999925e-01
2.358999999999999986e+00
2.866999999999999993e+00
2.908999999999999808e+00
8.669999999999999929e-01
2.255999999999999783e+00
1.260999999999999899e+00
3.623000000000000220e+00
4.084999999999999964e+00
nan
nan
2.075000000000000178e+00
2.023000000000000131e+00
2.225000000000000089e+00
2.217999999999999972e+00
2.366999999999999993e+00
nan
nan
2.005999999999999783e+00
1.993000000000000105e+00
1.865999999999999881e+00
1.939000000000000057e+00
2.254999999999999893e+00
2.140000000000000124e+00
2.342999999999999972e+00
nan
nan
2.979999999999999871e-01
2.302000000000000046e+00
3.109999999999999987e-01
1.575999999999999845e+00
3.720000000000000528e-01
1.560000000000000053e+00
nan
nan
5.280000000000000249e-01
2.518000000000000238e+00
5.260000000000000231e-01
2.586000000000000298e+00
2.791999999999999815e+00
3.113999999999999879e+00
3.860000000000000098e-01
2.634999999999999787e+00
nan
nan
2.860000000000000320e-01
1.215999999999999970e+00
3.099999999999999978e-01
1.514000000000000012e+00
3.260000000000000120e-01
1.625999999999999890e+00
1.915999999999999925e+00
3.479999999999999982e+00
3.089999999999999969e-01
nan
nan
3.039999999999999925e-01
2.769999999999999685e-01
2.401999999999999691e+00
3.210000000000000075e-01
2.703999999999999737e+00
3.279999999999999583e-01
1.520999999999999908e+00
3.019999999999999907e-01
9.290000000000000480e-01
nan
nan
2.089999999999999913e-01
3.003999999999999559e+00
2.479999999999999982e-01
3.759999999999999787e+00
2.339999999999999858e-01
1.820000000000000062e+00
3.470000000000000306e-01
nan
nan
2.680000000000000160e-01
2.489999999999999991e-01
1.528000000000000025e+00
2.839999999999999747e-01
1.554000000000000048e+00
4.060000000000000275e-01
1.576999999999999957e+00
nan
nan
2.689999999999999614e-01
2.500000000000000000e-01
1.554999999999999938e+00
2.999999999999999889e-01
1.571999999999999842e+00
1.823000000000000176e+00
2.031000000000000139e+00
nan
nan
2.119999999999999940e-01
2.389999999999999902e-01
1.443000000000000060e+00
2.600000000000000089e-01
1.649999999999999911e+00
1.450999999999999845e+00
1.500999999999999890e+00
1.644000000000000128e+00
nan
nan
2.750000000000000222e-01
2.660000000000000142e-01
1.601999999999999869e+00
3.119999999999999996e-01
1.573000000000000176e+00
1.919999999999999929e+00
nan
nan
2.739999999999999658e-01
1.573000000000000176e+00
3.829999999999999516e-01
1.561999999999999833e+00
1.949000000000000066e+00
2.063000000000000167e+00
1.764000000000000012e+00
1.745000000000000107e+00
1.929999999999999938e+00
nan
nan
1.883000000000000007e+00
1.629999999999999893e+00
1.718000000000000194e+00
1.814999999999999947e+00
2.051000000000000156e+00
nan
nan
2.769999999999999685e-01
2.769999999999999685e-01
1.685999999999999943e+00
3.250000000000000111e-01
1.634000000000000119e+00
2.041999999999999815e+00
nan
nan
2.089999999999999913e-01
1.495000000000000107e+00
1.699000000000000066e+00
1.735999999999999988e+00
1.789000000000000146e+00
1.886999999999999789e+00
2.020000000000000018e+00
2.450000000000000178e+00
nan
nan
1.914000000000000146e+00
7.467999999999999972e+00
2.760000000000000231e-01
3.069999999999999951e-01
1.383000000000000007e+00
1.504000000000000004e+00
1.653000000000000025e+00
nan
nan
