7.181799999999999784e+01
9.701999999999999957e+00
3.208740000000000236e+02
9.449999999999999289e+00
1.638880000000000052e+02
nan
nan
1.086299999999999955e+01
1.057839999999999918e+02
1.790320000000000107e+02
1.368079999999999927e+02
1.177799999999999869e+01
2.067900000000000205e+01
nan
nan
4.367600000000000193e+01
1.858209999999999980e+02
3.152800000000000225e+01
2.195400000000000063e+01
2.298499999999999943e+01
1.481440000000000055e+02
nan
nan
2.348309999999999889e+02
6.183899999999999864e+01
1.462800000000000011e+01
2.062599999999999767e+01
nan
nan
6.498600000000000421e+01
3.472400000000000375e+01
6.058899999999999864e+01
1.107610000000000099e+02
4.139100000000000534e+01
2.072890000000000157e+02
nan
nan
7.312600000000000477e+01
7.137300000000000466e+01
4.288800000000000523e+01
3.552700000000000102e+01
nan
nan
3.266199999999999903e+01
1.265610000000000070e+02
1.460800000000000125e+02
nan
nan
2.371229999999999905e+02
5.500899999999999324e+01
7.743600000000000705e+01
nan
nan
2.344920000000000186e+02
1.950169999999999959e+02
4.497299999999999898e+01
nan
nan
2.539800000000000324e+01
1.470329999999999870e+02
1.612959999999999923e+02
7.465600000000000591e+01
nan
nan
