1.719000000000000083e+00
1.530000000000000027e+00
1.665000000000000036e+00
1.550000000000000044e+00
1.793000000000000149e+00
1.576999999999999957e+00
1.864999999999999991e+00
1.590000000000000080e+00
1.603000000000000203e+00
1.616999999999999993e+00
1.879000000000000004e+00
1.771999999999999797e+00
1.699999999999999956e+00
1.526000000000000023e+00
1.790000000000000036e+00
1.636999999999999789e+00
1.639000000000000012e+00
1.383000000000000007e+00
1.213000000000000078e+00
1.773000000000000131e+00
1.716999999999999860e+00
1.506000000000000005e+00
1.878000000000000114e+00
1.919000000000000039e+00
1.855999999999999872e+00
1.801999999999999824e+00
2.092999999999999972e+00
1.784000000000000030e+00
2.031000000000000139e+00
1.519000000000000128e+00
9.799999999999999822e-01
2.763999999999999790e+00
1.618999999999999995e+00
1.605999999999999872e+00
1.756999999999999895e+00
nan
nan
2.120000000000000107e+00
2.713000000000000078e+00
1.769000000000000128e+00
2.108000000000000096e+00
2.843999999999999861e+00
1.891999999999999904e+00
1.851999999999999869e+00
2.176000000000000156e+00
2.103000000000000203e+00
5.242000000000000881e+00
2.389000000000000234e+00
2.213000000000000078e+00
3.013999999999999790e+00
4.916000000000000369e+00
1.868000000000000105e+00
2.125999999999999890e+00
2.089999999999999858e+00
2.026999999999999691e+00
2.201000000000000068e+00
2.520999999999999908e+00
2.023000000000000131e+00
1.751999999999999780e+00
2.197999999999999954e+00
1.863000000000000211e+00
2.168000000000000149e+00
1.873000000000000220e+00
nan
nan
1.446999999999999842e+00
1.571999999999999842e+00
1.550999999999999934e+00
1.531999999999999806e+00
1.914000000000000146e+00
1.473000000000000087e+00
1.503000000000000114e+00
1.641999999999999904e+00
1.891000000000000014e+00
1.445999999999999952e+00
1.546999999999999931e+00
1.691999999999999948e+00
7.199999999999999734e-01
1.554999999999999938e+00
1.705999999999999961e+00
2.041999999999999815e+00
1.949000000000000066e+00
1.631999999999999895e+00
1.215999999999999970e+00
1.389000000000000012e+00
1.455000000000000071e+00
1.820000000000000062e+00
1.262000000000000011e+00
1.363000000000000211e+00
1.580999999999999961e+00
1.395999999999999908e+00
1.270999999999999908e+00
1.720999999999999863e+00
1.245000000000000107e+00
2.463000000000000078e+00
1.645000000000000018e+00
2.706999999999999851e+00
1.533000000000000140e+00
1.539000000000000146e+00
1.896999999999999797e+00
1.688000000000000167e+00
nan
nan
2.986000000000000210e+00
2.931999999999999940e+00
2.157999999999999918e+00
2.353000000000000203e+00
2.733999999999999986e+00
2.790000000000000036e+00
2.092000000000000082e+00
2.881000000000000227e+00
2.244000000000000217e+00
2.366000000000000103e+00
2.779999999999999805e+00
2.743000000000000327e+00
2.705000000000000071e+00
2.706000000000000405e+00
2.981000000000000316e+00
2.266000000000000014e+00
2.703999999999999737e+00
3.268999999999999684e+00
3.516000000000000014e+00
3.276000000000000245e+00
2.828000000000000291e+00
2.788000000000000256e+00
3.088999999999999968e+00
nan
nan
1.699999999999999956e+00
2.032999999999999918e+00
1.716999999999999860e+00
1.675999999999999934e+00
1.731999999999999984e+00
1.763000000000000123e+00
1.675000000000000044e+00
1.594000000000000083e+00
1.798000000000000043e+00
1.668000000000000149e+00
1.675999999999999934e+00
1.479000000000000092e+00
1.550999999999999934e+00
1.598999999999999977e+00
1.513000000000000123e+00
1.998000000000000220e+00
1.998000000000000220e+00
1.903000000000000025e+00
2.298000000000000043e+00
1.770999999999999908e+00
2.000000000000000000e+00
1.820999999999999952e+00
1.701999999999999957e+00
1.748000000000000220e+00
1.789000000000000146e+00
1.899000000000000021e+00
1.881000000000000005e+00
1.661999999999999922e+00
1.661999999999999922e+00
1.663000000000000034e+00
1.614999999999999991e+00
1.540000000000000036e+00
1.526000000000000023e+00
1.476999999999999869e+00
1.516000000000000014e+00
1.813000000000000167e+00
1.878000000000000114e+00
1.896999999999999797e+00
nan
nan
3.580000000000000071e+00
2.791999999999999815e+00
2.893999999999999684e+00
2.315999999999999837e+00
2.596999999999999975e+00
3.214999999999999858e+00
2.711999999999999744e+00
3.612000000000000099e+00
3.976000000000000423e+00
3.176000000000000156e+00
2.383999999999999897e+00
3.393000000000000238e+00
3.996999999999999886e+00
3.431000000000000050e+00
3.038000000000000256e+00
2.959999999999999964e+00
3.443000000000000060e+00
2.896999999999999797e+00
2.458000000000000185e+00
2.689999999999999947e+00
nan
nan
3.008000000000000007e+00
2.818999999999999950e+00
2.654999999999999805e+00
3.078000000000000291e+00
2.926000000000000156e+00
2.697000000000000064e+00
2.758000000000000007e+00
2.430000000000000160e+00
2.996999999999999886e+00
3.137000000000000011e+00
3.524999999999999911e+00
2.503000000000000114e+00
2.654999999999999805e+00
2.363999999999999879e+00
2.839999999999999858e+00
2.343999999999999861e+00
2.512000000000000011e+00
2.657000000000000028e+00
2.328000000000000291e+00
2.665000000000000036e+00
2.568000000000000060e+00
nan
nan
3.416999999999999815e+00
4.323000000000000398e+00
3.413999999999999702e+00
4.225999999999999979e+00
4.092999999999999972e+00
3.891000000000000014e+00
5.573999999999999844e+00
4.221000000000000085e+00
4.761999999999999567e+00
4.591000000000000192e+00
4.889999999999999680e+00
5.682000000000000384e+00
4.987000000000000099e+00
3.896000000000000352e+00
6.099000000000000199e+00
4.458000000000000185e+00
3.981000000000000316e+00
4.012999999999999901e+00
4.580000000000000071e+00
3.998999999999999666e+00
nan
nan
2.229999999999999982e+00
2.366999999999999993e+00
2.323999999999999844e+00
2.271999999999999797e+00
2.387999999999999901e+00
2.124000000000000110e+00
2.930000000000000160e+00
2.004999999999999893e+00
2.592000000000000082e+00
2.240000000000000213e+00
2.528999999999999915e+00
2.291999999999999815e+00
2.467999999999999972e+00
2.241999999999999993e+00
2.119000000000000217e+00
2.133000000000000007e+00
2.961000000000000298e+00
2.380999999999999783e+00
2.039000000000000146e+00
2.854999999999999982e+00
2.981999999999999762e+00
2.241999999999999993e+00
2.266000000000000014e+00
2.084000000000000075e+00
2.831999999999999851e+00
2.235999999999999766e+00
nan
nan
3.609999999999999876e+00
2.706000000000000405e+00
2.842999999999999972e+00
2.439000000000000057e+00
3.033999999999999808e+00
2.791000000000000369e+00
2.431000000000000050e+00
2.683999999999999719e+00
2.663000000000000256e+00
2.737000000000000099e+00
3.258999999999999897e+00
2.225999999999999979e+00
2.959999999999999964e+00
3.671000000000000263e+00
3.910000000000000142e+00
2.933999999999999719e+00
2.623999999999999666e+00
2.508000000000000007e+00
2.913999999999999702e+00
3.146999999999999797e+00
3.663000000000000256e+00
nan
nan
