4.349999999999999700e-02
4.390000000000000152e-02
2.340000000000000066e-02
3.660000000000000059e-02
nan
4.130000000000000338e-02
4.009999999999999676e-02
3.839999999999999664e-02
nan
4.479999999999999954e-02
4.479999999999999954e-02
4.479999999999999954e-02
2.429999999999999868e-02
nan
3.960000000000000325e-02
4.089999999999999886e-02
4.179999999999999688e-02
nan
4.009999999999999676e-02
3.960000000000000325e-02
3.919999999999999873e-02
nan
4.259999999999999898e-02
4.390000000000000152e-02
4.819999999999999979e-02
nan
4.179999999999999688e-02
4.390000000000000152e-02
4.050000000000000128e-02
4.050000000000000128e-02
nan
4.519999999999999712e-02
4.130000000000000338e-02
4.259999999999999898e-02
4.599999999999999922e-02
nan
4.130000000000000338e-02
4.009999999999999676e-02
4.179999999999999688e-02
nan
3.790000000000000313e-02
3.880000000000000115e-02
3.749999999999999861e-02
nan
4.179999999999999688e-02
3.880000000000000115e-02
4.259999999999999898e-02
nan
4.179999999999999688e-02
3.790000000000000313e-02
3.540000000000000091e-02
nan
3.620000000000000301e-02
3.880000000000000115e-02
3.579999999999999849e-02
nan
4.730000000000000177e-02
4.130000000000000338e-02
4.009999999999999676e-02
4.050000000000000128e-02
4.649999999999999967e-02
nan
3.540000000000000091e-02
4.050000000000000128e-02
3.749999999999999861e-02
3.490000000000000047e-02
nan
4.220000000000000140e-02
3.839999999999999664e-02
3.660000000000000059e-02
nan
4.299999999999999656e-02
3.880000000000000115e-02
4.009999999999999676e-02
5.460000000000000270e-02
nan
4.130000000000000338e-02
4.220000000000000140e-02
4.220000000000000140e-02
4.050000000000000128e-02
1.700000000000000122e-02
3.620000000000000301e-02
1.870000000000000134e-02
nan
5.029999999999999749e-02
4.349999999999999700e-02
4.220000000000000140e-02
4.050000000000000128e-02
nan
5.029999999999999749e-02
4.769999999999999934e-02
2.129999999999999949e-02
nan
5.369999999999999774e-02
2.040000000000000147e-02
5.120000000000000245e-02
1.789999999999999925e-02
2.040000000000000147e-02
nan
7.330000000000000404e-02
7.760000000000000231e-02
9.719999999999999474e-02
7.589999999999999525e-02
nan
6.310000000000000331e-02
5.539999999999999786e-02
5.709999999999999798e-02
2.380000000000000171e-02
nan
5.799999999999999600e-02
5.200000000000000455e-02
5.029999999999999749e-02
1.870000000000000134e-02
nan
5.539999999999999786e-02
5.630000000000000282e-02
1.870000000000000134e-02
7.420000000000000207e-02
nan
5.709999999999999798e-02
5.120000000000000245e-02
5.369999999999999774e-02
2.040000000000000147e-02
nan
5.200000000000000455e-02
4.859999999999999737e-02
2.469999999999999973e-02
4.859999999999999737e-02
4.939999999999999947e-02
nan
5.630000000000000282e-02
4.939999999999999947e-02
nan
5.200000000000000455e-02
5.539999999999999786e-02
5.290000000000000258e-02
nan
5.539999999999999786e-02
5.539999999999999786e-02
5.799999999999999600e-02
nan
5.290000000000000258e-02
5.120000000000000245e-02
2.040000000000000147e-02
4.429999999999999910e-02
nan
2.040000000000000147e-02
7.249999999999999500e-02
7.080000000000000182e-02
4.859999999999999737e-02
4.689999999999999725e-02
6.740000000000000158e-02
nan
5.799999999999999600e-02
1.359999999999999924e-02
4.689999999999999725e-02
4.689999999999999725e-02
4.859999999999999737e-02
2.040000000000000147e-02
nan
4.769999999999999934e-02
5.029999999999999749e-02
4.689999999999999725e-02
4.689999999999999725e-02
1.959999999999999937e-02
nan
5.120000000000000245e-02
4.939999999999999947e-02
4.689999999999999725e-02
4.859999999999999737e-02
1.020000000000000073e-02
nan
5.120000000000000245e-02
4.859999999999999737e-02
4.689999999999999725e-02
nan
4.859999999999999737e-02
4.939999999999999947e-02
4.939999999999999947e-02
4.769999999999999934e-02
1.789999999999999925e-02
nan
5.290000000000000258e-02
2.299999999999999961e-02
4.599999999999999922e-02
1.100000000000000110e-02
1.190000000000000085e-02
4.689999999999999725e-02
2.299999999999999961e-02
4.349999999999999700e-02
4.769999999999999934e-02
4.769999999999999934e-02
1.959999999999999937e-02
nan
4.769999999999999934e-02
4.769999999999999934e-02
4.939999999999999947e-02
2.129999999999999949e-02
nan
5.120000000000000245e-02
4.429999999999999910e-02
2.299999999999999961e-02
nan
1.870000000000000134e-02
4.179999999999999688e-02
4.349999999999999700e-02
5.120000000000000245e-02
2.129999999999999949e-02
nan
4.349999999999999700e-02
4.429999999999999910e-02
4.769999999999999934e-02
2.129999999999999949e-02
nan
5.290000000000000258e-02
4.599999999999999922e-02
5.460000000000000270e-02
nan
5.369999999999999774e-02
4.179999999999999688e-02
4.179999999999999688e-02
nan
4.259999999999999898e-02
5.029999999999999749e-02
4.859999999999999737e-02
nan
5.200000000000000455e-02
7.330000000000000404e-02
nan
4.939999999999999947e-02
4.519999999999999712e-02
4.939999999999999947e-02
4.689999999999999725e-02
4.769999999999999934e-02
nan
4.689999999999999725e-02
4.089999999999999886e-02
2.040000000000000147e-02
nan
4.349999999999999700e-02
3.919999999999999873e-02
2.129999999999999949e-02
nan
