1.205999999999999961e+00
2.212000000000000188e+00
1.828999999999999959e+00
2.552999999999999936e+00
1.814999999999999947e+00
1.602999999999999980e+00
2.233999999999999986e+00
2.162999999999999812e+00
1.766999999999999904e+00
9.190000000000000391e-01
1.342000000000000082e+00
3.494000000000000217e+00
2.698999999999999844e+00
3.763999999999999790e+00
1.614000000000000101e+00
1.588000000000000078e+00
2.096000000000000085e+00
1.754000000000000004e+00
1.776000000000000023e+00
2.358000000000000096e+00
3.670999999999999819e+00
1.542999999999999927e+00
1.683999999999999941e+00
1.110999999999999988e+00
1.260999999999999899e+00
1.445000000000000062e+00
2.048000000000000043e+00
