2.438379999999997771e-01
2.599149999999998961e-01
1.463149999999999729e-01
2.330309999999999881e-01
1.447240000000000748e-01
7.981460000000000221e-01
2.465809999999999391e-01
2.560430000000000206e-01
3.839330000000007459e-01
2.620409999999990802e-01
1.375760000000001426e-01
1.196021000000000001e+00
1.673229999999996664e-01
2.668169999999996378e-01
2.848210000000008790e-01
3.296329999999993987e-01
1.234027000000001095e+00
1.703200000000002490e-01
2.868110000000001492e-01
2.869869999999981047e-01
3.197810000000007591e-01
1.353040000000014231e-01
1.539969999999986072e-01
7.664360000000005613e-01
6.226489999999991198e-01
3.943710000000013594e-01
1.870449999999994617e-01
2.850089999999987356e-01
2.882170000000012777e-01
4.060449999999988790e-01
1.670290000000012043e-01
2.882339999999992131e-01
2.996260000000017243e-01
4.342179999999977724e-01
3.773140000000019256e-01
1.596810000000008500e-01
1.554759999999966169e-01
2.864979999999999194e-01
5.994940000000035241e-01
5.985499999999994714e-01
4.351109999999991373e-01
2.716479999999990014e-01
1.515090000000007819e-01
2.696179999999976928e-01
6.059380000000018640e-01
2.611480000000021562e-01
1.584329999999987137e-01
1.354490000000012628e-01
4.604519999999965307e-01
1.145126000000001198e+00
1.736329999999988161e-01
2.921260000000032164e-01
2.880709999999986337e-01
2.496679999999997790e-01
1.910779999999974166e-01
8.777749999999997499e-01
2.544190000000021712e-01
1.846779999999981214e-01
2.926690000000000680e-01
2.632020000000032667e-01
2.874769999999990944e-01
5.859859999999983415e-01
2.914700000000003399e-01
1.623020000000003904e-01
1.376810000000006085e-01
2.928199999999989700e-01
2.694920000000031735e-01
2.908469999999958588e-01
3.100420000000063681e-01
2.967479999999973472e-01
2.772349999999974557e-01
1.484030000000018390e-01
1.637810000000001764e-01
5.252020000000001687e-01
3.181060000000002219e-01
2.917769999999961783e-01
2.910320000000012897e-01
1.618359999999974264e-01
2.853370000000019502e-01
1.451160000000015771e-01
1.323539999999994166e-01
1.621420000000028949e-01
5.295719999999981553e-01
3.540599999999969327e-01
4.215879999999998518e-01
1.652420000000063283e-01
2.871349999999956992e-01
2.914280000000069037e-01
7.121839999999934889e-01
1.795140000000046143e-01
2.883339999999918746e-01
3.812440000000023588e-01
1.600350000000005934e-01
2.986519999999970310e-01
2.878110000000049240e-01
1.408519999999953143e-01
3.331860000000048672e-01
2.577280000000001792e-01
1.334850000000002979e-01
2.942499999999981242e-01
2.823879999999974189e-01
5.626590000000035729e-01
1.817109999999999559e-01
2.730469999999982633e-01
1.721760000000003288e-01
4.477730000000050836e-01
1.356789999999961083e-01
3.041929999999979373e-01
2.509439999999969473e-01
2.735390000000066379e-01
1.579690000000013583e-01
1.281239999999925772e-01
1.473280000000087853e-01
1.415849999999920783e-01
1.359020000000015216e-01
1.624000000000052069e-01
4.643029999999939150e-01
1.473140000000014993e-01
4.346780000000052269e-01
1.587199999999953093e-01
4.419460000000015043e-01
1.191977999999998872e+00
1.525350000000003092e-01
3.121599999999986608e-01
2.611750000000014893e-01
4.084140000000004989e-01
1.167280999999995572e+00
1.997160000000093305e-01
2.548449999999888860e-01
3.016140000000078203e-01
2.682780000000022369e-01
6.388489999999933389e-01
2.956380000000038422e-01
1.522730000000009909e-01
1.419379999999961228e-01
2.814510000000041146e-01
2.555520000000015557e-01
2.949839999999923634e-01
2.971849999999989222e-01
3.120760000000046830e-01
2.750559999999993011e-01
1.475829999999973552e-01
1.776640000000071495e-01
5.654499999999984539e-01
2.645979999999994448e-01
1.450209999999998445e-01
1.478320000000010737e-01
2.643319999999960146e-01
1.347340000000016857e-01
3.006349999999997635e-01
1.880019999999973379e-01
1.379980000000031737e-01
1.562199999999975830e-01
2.987499999999982947e-01
2.482200000000034379e-01
3.379600000000024806e-01
2.665609999999958291e-01
1.615630000000010114e-01
1.588270000000022719e-01
2.913559999999932870e-01
2.955380000000005225e-01
4.214070000000091909e-01
1.593760000000017385e-01
1.436469999999943070e-01
1.495689999999996189e-01
3.061900000000008504e-01
4.213969999999918059e-01
1.496380000000030464e-01
2.715320000000076561e-01
2.955809999999914339e-01
1.557340000000024816e-01
2.858249999999955548e-01
3.965530000000043742e-01
1.534280000000052269e-01
1.572650000000024306e-01
3.304849999999959209e-01
2.708050000000028490e-01
1.480699999999970373e-01
1.629859999999965225e-01
1.342640000000017153e-01
1.709030000000026916e-01
1.374299999999948341e-01
1.300560000000032801e-01
5.809360000000012292e-01
5.479209999999952174e-01
2.972090000000093823e-01
1.361999999999952138e-01
2.910809999999983688e-01
1.544239999999987845e-01
1.363259999999968386e-01
1.699230000000042651e-01
2.898509999999987485e-01
1.850740000000001828e-01
1.506860000000003197e-01
4.481470000000058462e-01
1.392260000000007381e-01
4.432739999999952829e-01
1.222002999999993733e+00
1.754379999999997608e-01
3.089990000000000236e-01
2.606190000000054852e-01
4.486179999999961865e-01
1.174407999999999674e+00
1.415540000000135024e-01
3.373039999999889460e-01
2.767489999999952488e-01
2.879420000000010305e-01
1.265180000000043492e-01
1.322809000000006563e+00
3.109839999999906013e-01
2.895790000000033615e-01
2.936559999999985848e-01
3.215560000000010632e-01
2.957109999999971706e-01
3.989870000000053096e-01
2.866489999999970451e-01
1.793660000000016908e-01
2.742099999999965121e-01
1.640140000000087639e-01
7.559039999999868087e-01
1.519430000000028258e-01
3.004920000000055325e-01
1.377289999999931069e-01
4.866530000000039990e-01
1.260589999999979227e-01
5.564669999999978245e-01
4.337880000000069458e-01
2.944889999999986685e-01
2.916869999999960328e-01
1.357700000000079399e-01
5.994419999999962556e-01
3.069059999999979027e-01
2.860120000000136997e-01
4.603119999999876200e-01
1.140133000000005836e+00
2.005959999999902266e-01
3.025620000000088794e-01
2.717080000000038353e-01
2.107879999999937581e-01
1.878329999999976962e-01
1.412093000000012921e+00
2.281159999999857746e-01
2.945190000000081909e-01
6.045500000000032514e-01
2.930429999999830670e-01
2.827590000000128612e-01
1.483499999999935426e-01
1.659330000000096561e-01
2.947119999999898710e-01
2.764839999999963993e-01
2.906640000000066948e-01
2.962209999999885213e-01
2.974160000000125592e-01
1.686119999999959873e-01
2.404410000000041236e-01
1.684010000000029095e-01
1.674639999999953943e-01
2.365049999999939701e-01
1.780250000000052069e-01
1.634229999999945449e-01
2.222890000000035116e-01
1.567270000000036134e-01
1.792990000000003192e-01
2.530519999999967240e-01
1.877800000000036107e-01
1.728360000000037644e-01
2.220679999999930487e-01
1.674280000000010205e-01
1.874669999999980519e-01
2.382230000000049586e-01
1.933429999999987103e-01
2.560139999999933025e-01
2.806130000000024438e-01
1.520409999999969841e-01
1.542740000000009104e-01
3.089690000000047121e-01
2.733039999999959946e-01
4.090920000000011214e-01
1.646500000000088448e-01
1.475300000000032696e-01
1.718149999999809552e-01
2.769030000000043401e-01
4.455760000000026366e-01
1.616890000000097416e-01
2.714900000000000091e-01
2.782579999999938991e-01
8.564949999999953434e-01
1.514680000000083737e-01
4.120739999999898373e-01
4.982700000000050977e-01
1.981427999999993972e+00
1.681140000000027612e-01
2.431530000000066138e-01
3.002280000000041582e-01
2.748929999999916163e-01
3.150030000000043628e-01
4.288020000000045684e-01
2.836979999999869051e-01
2.475130000000120845e-01
2.940739999999948395e-01
1.749219999999951369e-01
1.387900000000001910e-01
1.713639999999969632e-01
4.680920000000128312e-01
2.565719999999913625e-01
2.901970000000062555e-01
3.166769999999985430e-01
2.392640000000056943e-01
1.895119999999934635e-01
2.291759999999953834e-01
1.599970000000041637e-01
1.921910000000082164e-01
2.558129999999891879e-01
1.888390000000015334e-01
2.918690000000054852e-01
3.027680000000003702e-01
2.707699999999988449e-01
1.549779999999998381e-01
1.632719999999920901e-01
2.979140000000057853e-01
2.810439999999942984e-01
1.592899999999985994e-01
2.564170000000132177e-01
2.110009999999959973e-01
2.580509999999947013e-01
2.935240000000050031e-01
3.189549999999883312e-01
2.679590000000189320e-01
1.961619999999868469e-01
2.458189999999973452e-01
3.034740000000084592e-01
2.829619999999977153e-01
3.341750000000018872e-01
4.428890000000080818e-01
2.830169999999867514e-01
2.995200000000011187e-01
4.064769999999953143e-01
1.746689999999944121e-01
1.696600000000074715e-01
4.277459999999990714e-01
2.318489999999968632e-01
3.188909999999935962e-01
3.383620000000178152e-01
2.081529999999958136e-01
2.237099999999969668e-01
2.439860000000066975e-01
3.197100000000006048e-01
2.453160000000025320e-01
1.708100000000030150e-01
2.608649999999954616e-01
3.017729999999971824e-01
2.528399999999919601e-01
1.679900000000031923e-01
1.760490000000061173e-01
2.740490000000050941e-01
2.835679999999882739e-01
1.935300000000097498e-01
1.863110000000034461e-01
2.340279999999808069e-01
2.413250000000033424e-01
3.064590000000038117e-01
3.081459999999935917e-01
2.680880000000200880e-01
1.667020000000007940e-01
2.768799999999771444e-01
3.120820000000037453e-01
2.537659999999988258e-01
2.991610000000122227e-01
4.434939999999869542e-01
1.812260000000094351e-01
4.394910000000038508e-01
2.302999999999997272e-01
2.089829999999892607e-01
3.028750000000002274e-01
4.166670000000181062e-01
2.839979999999968641e-01
3.087449999999876127e-01
3.126340000000169539e-01
2.161679999999961410e-01
2.297049999999956071e-01
2.414980000000070959e-01
1.532289999999960628e-01
1.547679999999900247e-01
2.944379999999995334e-01
1.705870000000118125e-01
3.154629999999798429e-01
3.120990000000034570e-01
2.772090000000133614e-01
1.473999999999904276e-01
1.638990000000006830e-01
3.034129999999919391e-01
2.815970000000191931e-01
1.680839999999790280e-01
4.464080000000194559e-01
2.741929999999825895e-01
2.927160000000270657e-01
2.880079999999765050e-01
3.010350000000130422e-01
1.912689999999912516e-01
2.323219999999963647e-01
3.286670000000100345e-01
2.477869999999882111e-01
3.395590000000083819e-01
7.185059999999907632e-01
2.664450000000186947e-01
2.917109999999780712e-01
1.586020000000019081e-01
3.099550000000164118e-01
2.622080000000011069e-01
2.158319999999918082e-01
2.818120000000021719e-01
2.990780000000086147e-01
2.946189999999972997e-01
2.502909999999900492e-01
1.985789999999951760e-01
2.393790000000137752e-01
3.282919999999762695e-01
2.461350000000095406e-01
1.696890000000053078e-01
2.909130000000175187e-01
3.110829999999964457e-01
2.582269999999766696e-01
1.463160000000129912e-01
1.738789999999994507e-01
2.449609999999893262e-01
3.145179999999925258e-01
1.843029999999998836e-01
4.564420000000382061e-01
2.668259999999804677e-01
2.688359999999931915e-01
3.113170000000025084e-01
2.685429999999939810e-01
1.947490000000016153e-01
2.336620000000095843e-01
3.413869999999974425e-01
2.446960000000046875e-01
3.085790000000088185e-01
6.988539999999829888e-01
3.383589999999969677e-01
4.280380000000150176e-01
1.354289999999878091e-01
4.203139999999905285e-01
1.963120000000344589e-01
2.820419999999899119e-01
3.073090000000036071e-01
2.994799999999884221e-01
2.434030000000007021e-01
2.014459999999758111e-01
2.245030000000269865e-01
3.641660000000115360e-01
2.444509999999979755e-01
1.582499999999811280e-01
2.925819999999816901e-01
2.870490000000245345e-01
2.705749999999795818e-01
1.603530000000148448e-01
1.615840000000048349e-01
2.840549999999950614e-01
2.836639999999874817e-01
1.564540000000249620e-01
4.581439999999759038e-01
2.181340000000204782e-01
3.127269999999953143e-01
3.039369999999905758e-01
2.584030000000154814e-01
1.754019999999911761e-01
2.586860000000115178e-01
3.436299999999903321e-01
2.501759999999819684e-01
2.981460000000311084e-01
4.249409999999897991e-01
2.876280000000122072e-01
2.776979999999866777e-01
4.479080000000124073e-01
2.882500000000050022e-01
7.547739999999976135e-01
2.782530000000065229e-01
2.747679999999945721e-01
2.913719999999955235e-01
2.838069999999959236e-01
2.958779999999876509e-01
2.639460000000042328e-01
4.394900000000063756e-01
1.513290000000040436e-01
2.820959999999956835e-01
2.765870000000063555e-01
2.761799999999823285e-01
2.423739999999838801e-01
3.243510000000071614e-01
2.819960000000207856e-01
2.708329999999818938e-01
1.657930000000078508e-01
1.549380000000155633e-01
2.632059999999967204e-01
2.772079999999732536e-01
3.026490000000023883e-01
2.826400000000148793e-01
2.916810000000111813e-01
2.735999999999876309e-01
2.376809999999807133e-01
1.785220000000435903e-01
1.465499999999906322e-01
2.776460000000042783e-01
2.746559999999647061e-01
2.796260000000074797e-01
2.830299999999965621e-01
2.940470000000061646e-01
2.812320000000170239e-01
2.671699999999930242e-01
1.664439999999842712e-01
1.390470000000334494e-01
2.816989999999748306e-01
2.836650000000133787e-01
2.891449999999906595e-01
2.850410000000067612e-01
2.801409999999862066e-01
2.322310000000129548e-01
2.965300000000183900e-01
1.649249999999824468e-01
1.565469999999891115e-01
2.587359999999989668e-01
2.808390000000144937e-01
3.023309999999810316e-01
2.298979999999914980e-01
3.433520000000100936e-01
2.701500000000010004e-01
5.867509999999924730e-01
2.521739999999965676e-01
2.712930000000142172e-01
2.783780000000035670e-01
2.753849999999999909e-01
2.845069999999907395e-01
2.797600000000102227e-01
4.310559999999838965e-01
1.442140000000335931e-01
2.838009999999826505e-01
2.701749999999947249e-01
2.847649999999930515e-01
2.775960000000168293e-01
3.048019999999951324e-01
2.729689999999891370e-01
2.770560000000159562e-01
1.632339999999885549e-01
1.500699999999994816e-01
2.707420000000126947e-01
2.723579999999969914e-01
2.347680000000025302e-01
3.275009999999838328e-01
2.561929999999961183e-01
3.164040000000056807e-01
2.538460000000100081e-01
1.654719999999940683e-01
1.480829999999855318e-01
2.810500000000217824e-01
2.836069999999892843e-01
2.828030000000012478e-01
2.797099999999943520e-01
2.871800000000064301e-01
2.686019999999871288e-01
2.332980000000191012e-01
2.023999999999830379e-01
1.434840000000292548e-01
2.789699999999868396e-01
2.795399999999972351e-01
2.625630000000001019e-01
2.276990000000012060e-01
3.449659999999994398e-01
2.874239999999872452e-01
4.338230000000180553e-01
1.543430000000114433e-01
2.776639999999872543e-01
2.527279999999905158e-01
2.805689999999856354e-01
2.667930000000353630e-01
2.880519999999933134e-01
2.594389999999862084e-01
2.547879999999906886e-01
1.783880000000124255e-01
1.450220000000115306e-01
2.725250000000016826e-01
2.808880000000044674e-01
2.418669999999849551e-01
3.198759999999936099e-01
2.726680000000101245e-01
2.710789999999860811e-01
2.593160000000125365e-01
1.707890000000134023e-01
1.509299999999882402e-01
2.658470000000079381e-01
2.631339999999795509e-01
2.916430000000218570e-01
2.360049999999773718e-01
3.115210000000274704e-01
2.656419999999855008e-01
2.662479999999902702e-01
1.554610000000309356e-01
1.477209999999899992e-01
2.732230000000015480e-01
2.785499999999956344e-01
2.928739999999834254e-01
2.490909999999928459e-01
3.100249999999959982e-01
2.677990000000249893e-01
2.188999999999907686e-01
1.867670000000032360e-01
1.421259999999904267e-01
2.616140000000086729e-01
2.757679999999993470e-01
2.768679999999790198e-01
2.832440000000246982e-01
2.861309999999832598e-01
2.599390000000028067e-01
2.650470000000098025e-01
1.760170000000016444e-01
1.446129999999925531e-01
2.847869999999943502e-01
2.751090000000147029e-01
2.874350000000163163e-01
2.817729999999869506e-01
2.965419999999880929e-01
2.639290000000187320e-01
2.559809999999913543e-01
1.554219999999872925e-01
1.614820000000065647e-01
2.652150000000119690e-01
2.912259999999946558e-01
2.731740000000115742e-01
2.891549999999938336e-01
2.897619999999960783e-01
2.674299999999902866e-01
2.576430000000016207e-01
1.647410000000206765e-01
1.621529999999609117e-01
5.357950000000357704e-01
2.905809999999746651e-01
2.850160000000130367e-01
2.354770000000030450e-01
3.206229999999834490e-01
2.441570000000297114e-01
1.708069999999679567e-01
1.319150000000206546e-01
3.138989999999921565e-01
2.659710000000075070e-01
2.709059999999965385e-01
2.817079999999805295e-01
2.837530000000185737e-01
2.755860000000041055e-01
2.689839999999890097e-01
1.656560000000126820e-01
1.488669999999672200e-01
2.899190000000260170e-01
2.829729999999983647e-01
2.684419999999931861e-01
2.848539999999957217e-01
2.882109999999897809e-01
2.641420000000209711e-01
2.789089999999987413e-01
1.474469999999996617e-01
1.633309999999994488e-01
2.571690000000046439e-01
2.785200000000145337e-01
3.006719999999916126e-01
2.454759999999964748e-01
1.654249999999990450e-01
2.784130000000004657e-01
1.460759999999936554e-01
9.008359999999981937e-01
2.580030000000022028e-01
2.899829999999781194e-01
2.640610000000265245e-01
2.756070000000079290e-01
2.802609999999958745e-01
2.150670000000047821e-01
1.900489999999877000e-01
1.575119999999969878e-01
3.048100000000033560e-01
2.752230000000110977e-01
2.721889999999689280e-01
3.109250000000258751e-01
1.559299999999836928e-01
2.752580000000079963e-01
1.354190000000130567e-01
1.920570000000054733e-01
2.244369999999662468e-01
4.738959999999963202e-01
2.726530000000195741e-01
2.749129999999979646e-01
2.651979999999980464e-01
2.871829999999988559e-01
2.826049999999895590e-01
2.792160000000194486e-01
1.546369999999797074e-01
3.248959999999954107e-01
1.734140000000365944e-01
1.417179999999973461e-01
1.088885000000004766e+00
2.362259999999878346e-01
2.044609999999806860e-01
2.745030000000099335e-01
2.918340000000227974e-01
3.012949999999818829e-01
2.901669999999967331e-01
1.996589999999969223e-01
2.368349999999850297e-01
3.070550000000196178e-01
2.439590000000180225e-01
3.227049999999849206e-01
4.003470000000106666e-01
2.574009999999873344e-01
3.272829999999942174e-01
3.951210000000173750e-01
3.141099999999710235e-01
4.387400000000241107e-01
2.958809999999800766e-01
2.892060000000071796e-01
2.899370000000089931e-01
2.426240000000063901e-01
1.883039999999880365e-01
2.255460000000084619e-01
1.573609999999803222e-01
1.410240000000442251e-01
2.715839999999616339e-01
1.607100000000230011e-01
2.873089999999933752e-01
3.067599999999970350e-01
2.606989999999882457e-01
1.570150000000296586e-01
1.932879999999954634e-01
2.421429999999702432e-01
3.237660000000062155e-01
1.938310000000171840e-01
2.242850000000089494e-01
2.008639999999957126e-01
2.718039999999746215e-01
2.754529999999988377e-01
2.915870000000211348e-01
2.629019999999968604e-01
1.911509999999907450e-01
2.406839999999874635e-01
3.047019999999918127e-01
2.875840000000380314e-01
2.476739999999608699e-01
4.438120000000367327e-01
3.105099999999936244e-01
2.398189999999829070e-01
2.924980000000232394e-01
1.406919999999729498e-01
1.717690000000118289e-01
1.452280000000030213e-01
2.753000000000156433e-01
2.139709999999865886e-01
2.736639999999681550e-01
2.956800000000328055e-01
3.001649999999926877e-01
2.513890000000174041e-01
2.032069999999919219e-01
2.243820000000198434e-01
1.420299999999770080e-01
1.738349999999968531e-01
2.456350000000213640e-01
1.632149999999796819e-01
2.784520000000156870e-01
2.945179999999538722e-01
2.708160000000248147e-01
1.579899999999838656e-01
1.758060000000227774e-01
2.585339999999689553e-01
2.964790000000050441e-01
1.813190000000020063e-01
2.159479999999973643e-01
2.083030000000292148e-01
2.629359999999962838e-01
2.718120000000112668e-01
2.856589999999812335e-01
2.928540000000054988e-01
1.760830000000055406e-01
2.243149999999900501e-01
3.200800000000185719e-01
2.809169999999880929e-01
2.498390000000085820e-01
4.739419999999938682e-01
5.582290000000114105e-01
4.094279999999912434e-01
3.191069999999740503e-01
9.678880000000447126e-01
6.055429999999546453e-01
8.801310000000057698e-01
5.629570000000398977e-01
2.414779999999723259e-01
5.925299999999822376e-01
7.146510000000318996e-01
2.440370000000200434e-01
3.383009999999728734e-01
4.106569999999862830e-01
7.463309999999978572e-01
5.573249999999916326e-01
2.634790000000180044e-01
3.081129999999916436e-01
9.846100000000035379e-01
7.548399999999730881e-01
2.949880000000462132e-01
1.256409999999732463e-01
1.719190000000310192e-01
3.655339999999966949e-01
7.759140000000002146e-01
2.424079999999548818e-01
3.570990000000335840e-01
2.555779999999856500e-01
3.078120000000126311e-01
4.043979999999862684e-01
3.162900000000092859e-01
2.667800000000113414e-01
2.785829999999975826e-01
1.371090000000094733e-01
3.040479999999945449e-01
2.656609999999659522e-01
1.572400000000016007e-01
1.653900000000305681e-01
3.803169999999909123e-01
3.046610000000100626e-01
2.912769999999795800e-01
2.975470000000370874e-01
2.777389999999684278e-01
2.942559999999900811e-01
2.246410000000196305e-01
1.929879999999855045e-01
1.548020000000178698e-01
2.603229999999996380e-01
2.931689999999775864e-01
2.960870000000284108e-01
2.794910000000072614e-01
4.324279999999873780e-01
4.158490000000085729e-01
1.705790000000035889e-01
6.962199999999825195e-01
2.945369999999911670e-01
3.118660000000375021e-01
2.296409999999582396e-01
3.204610000000229775e-01
2.699759999999855609e-01
1.527260000000296714e-01
1.397139999999694737e-01
2.818640000000129930e-01
2.643649999999695410e-01
2.858490000000415421e-01
3.884629999999731353e-01
3.196319999999843731e-01
4.185960000000079617e-01
1.458450000000084401e-01
4.213000000000022283e-01
2.463689999999871816e-01
3.223500000000001364e-01
2.963350000000275486e-01
2.334719999999776974e-01
3.176749999999799456e-01
3.007230000000049586e-01
1.472249999999917236e-01
1.554110000000434866e-01
2.511690000000044165e-01
2.431019999999932679e-01
3.154250000000047294e-01
2.306009999999787397e-01
1.737290000000086820e-01
2.968700000000126238e-01
5.954489999999736938e-01
4.226800000000139335e-01
2.703509999999766933e-01
2.715060000000164564e-01
4.112189999999884549e-01
1.593340000000296186e-01
7.518669999999758602e-01
1.979040000000509281e-01
1.746179999999526444e-01
2.961669999999685388e-01
2.887260000000537730e-01
4.149129999999559004e-01
3.218530000000328073e-01
2.719199999999659667e-01
1.294060000000172295e-01
1.690010000000370383e-01
3.713819999999827814e-01
3.056739999999535939e-01
2.900100000000520595e-01
3.020569999999906941e-01
2.567859999999768661e-01
2.530960000000277432e-01
2.914739999999937936e-01
1.564129999999863685e-01
1.638420000000451182e-01
2.570079999999848042e-01
2.780629999999746360e-01
2.802080000000159998e-01
4.040790000000242799e-01
3.102460000000064611e-01
5.872719999999276297e-01
4.698020000000155960e-01
2.531140000000391410e-01
2.807889999999702013e-01
5.652549999999791908e-01
2.473220000000537766e-01
2.777209999999854517e-01
1.729569999999966967e-01
2.175220000000308573e-01
1.891839999999547217e-01
2.741500000000200998e-01
2.941349999999829379e-01
4.236290000000053624e-01
3.000539999999887186e-01
2.347760000000107539e-01
1.403139999999893917e-01
2.233879999999999200e-01
3.281999999999811735e-01
3.308400000000233376e-01
2.819059999999922184e-01
2.705980000000067776e-01
2.989010000000007494e-01
2.448500000000422006e-01
4.410669999999754509e-01
1.571930000000065775e-01
2.612980000000106884e-01
2.455409999999460524e-01
3.083520000000135042e-01
2.600260000000389482e-01
1.448939999999652173e-01
2.995609999999828688e-01
2.626580000000444670e-01
2.957629999999653592e-01
2.542789999999968131e-01
1.719780000000241671e-01
2.717890000000124928e-01
2.745969999999715583e-01
5.649159999999824322e-01
3.044590000000653163e-01
4.185309999999731190e-01
3.719090000000164764e-01
2.903669999999465290e-01
1.320700000000556429e-01
1.827559999999834872e-01
2.304099999999493775e-01
3.055030000000442669e-01
2.483619999999859829e-01
1.490250000000514774e-01
1.542439999999487554e-01
1.904389999999693828e-01
4.395060000000512446e-01
2.851279999999860593e-01
2.742020000000024993e-01
2.939020000000027721e-01
2.684119999999552419e-01
7.420120000000451910e-01
3.967430000000149448e-01
2.896390000000224063e-01
1.523299999999494503e-01
1.571740000000545479e-01
2.746389999999223619e-01
3.017990000000168038e-01
3.023469999999974789e-01
1.498650000000338878e-01
1.476639999999633801e-01
1.785540000000196414e-01
3.673559999999724823e-01
2.937540000000353757e-01
2.637320000000045184e-01
2.841119999999932588e-01
2.646179999999844767e-01
2.767089999999825523e-01
2.800950000000739237e-01
1.982359999999516731e-01
4.119299999999839201e-01
2.644950000000108048e-01
1.366299999999682768e-01
1.483680000000617838e-01
2.703189999999722204e-01
3.031879999999773645e-01
2.751740000000495456e-01
1.551140000000259533e-01
1.320089999999822794e-01
1.908719999999561878e-01
3.874470000000087566e-01
2.940490000000295367e-01
2.743130000000064683e-01
2.682540000000130931e-01
2.641719999999736501e-01
2.927930000000174005e-01
2.592639999999732936e-01
1.844679999999812026e-01
3.907780000000116161e-01
2.722750000000360160e-01
1.564290000000028158e-01
1.544469999999478205e-01
2.750890000000367763e-01
2.823060000000054970e-01
2.591810000000123182e-01
1.540609999999560387e-01
1.377410000000054424e-01
1.805709999999862703e-01
3.858040000000073633e-01
3.211840000000165674e-01
5.349799999999618194e-01
2.852230000000304244e-01
3.244880000000307518e-01
2.466329999999175016e-01
2.047040000000492910e-01
3.988610000000107902e-01
2.730099999999424654e-01
1.473540000000070904e-01
1.464600000000473301e-01
2.650089999999636348e-01
2.962440000000583495e-01
2.780769999999961328e-01
1.458349999999768443e-01
1.298630000000002838e-01
1.777639999999678366e-01
3.772160000000326363e-01
3.069179999999960273e-01
5.320110000000113359e-01
2.861540000000104556e-01
2.958409999999958018e-01
2.703559999999356478e-01
1.862520000000245091e-01
4.165429999999901156e-01
2.892600000000129512e-01
1.436350000000174987e-01
1.468849999999974898e-01
2.782930000000192194e-01
2.685439999999630345e-01
2.864839999999730935e-01
1.527470000000334949e-01
1.393830000000093605e-01
1.713239999999700558e-01
3.651650000000472573e-01
3.193210000000021864e-01
2.750750000000152795e-01
2.835559999999759384e-01
2.863679999999817483e-01
3.043420000000196524e-01
2.475709999999935462e-01
2.061259999999833781e-01
3.805480000000329710e-01
2.802429999999844767e-01
1.490909999999985303e-01
1.286269999999944957e-01
2.901120000000219079e-01
2.793649999999843203e-01
1.614660000000185391e-01
2.467750000000137334e-01
1.574509999999236243e-01
1.622440000000437976e-01
3.989880000000312066e-01
2.872219999999288120e-01
2.800360000000523542e-01
2.821699999999509600e-01
2.883490000000392683e-01
2.956199999999853389e-01
2.394740000000297186e-01
1.993069999999761421e-01
3.838719999999966603e-01
2.725580000000036307e-01
1.487170000000332948e-01
1.585399999999594911e-01
2.823300000000017462e-01
2.795880000000465770e-01
1.652759999999489082e-01
2.470180000000254950e-01
3.394389999999702923e-01
4.166690000000130567e-01
5.842319999999858737e-01
2.995810000000460604e-01
2.634709999999813590e-01
3.094060000000240507e-01
2.399619999999345055e-01
1.783950000000231739e-01
4.134260000000153923e-01
2.663559999999733918e-01
1.491840000000479449e-01
1.519829999999728898e-01
2.674470000000042091e-01
2.842699999999922511e-01
2.840750000000298314e-01
1.639699999999493230e-01
1.524600000000191358e-01
1.767040000000292821e-01
3.827899999999431202e-01
2.896540000000413784e-01
2.792359999999689535e-01
2.676480000000651671e-01
2.811199999999303145e-01
2.816440000000284272e-01
4.575879999999870051e-01
2.197749999999700776e-01
1.666140000000382315e-01
2.573030000000358086e-01
1.633420000000000982e-01
1.751909999999270440e-01
2.609270000000378786e-01
2.820729999999684878e-01
2.727490000000329928e-01
1.617759999999748288e-01
1.812800000000152068e-01
1.493660000000431864e-01
3.824319999999943320e-01
2.977889999999661086e-01
5.268560000000093169e-01
2.827039999999669817e-01
2.910100000000284126e-01
2.698019999999701213e-01
1.811550000000465843e-01
4.117449999999962529e-01
2.746549999999956526e-01
1.524900000000002365e-01
1.467010000000072978e-01
2.651240000000143482e-01
2.847129999999538086e-01
2.761410000000523723e-01
1.661369999999351421e-01
1.278380000000538530e-01
1.850939999999923202e-01
4.011810000000082255e-01
3.089190000000030523e-01
2.535199999999804277e-01
2.682849999999916690e-01
2.927480000000173277e-01
2.696399999999812280e-01
4.827010000000200307e-01
3.961069999999722313e-01
5.648429999999962092e-01
2.811550000000124783e-01
3.007489999999961583e-01
2.845599999999990359e-01
1.554899999999861393e-01
1.410790000000474720e-01
1.834649999999555803e-01
4.116750000000024556e-01
3.042379999999980100e-01
5.261939999999754036e-01
2.848979999999983193e-01
2.950450000000728323e-01
2.715439999999489373e-01
1.839410000000043510e-01
3.591959999999971842e-01
4.064810000000420587e-01
1.528509999999414504e-01
2.425709999999980937e-01
2.825400000000399814e-01
2.600949999999784268e-01
1.622879999999895517e-01
1.480660000000284526e-01
1.559770000000071377e-01
3.970380000000091059e-01
2.909930000000144901e-01
2.537249999999744432e-01
2.788009999999871980e-01
2.845689999999763131e-01
2.885080000000357359e-01
2.245810000000005857e-01
3.719100000000139516e-01
2.219489999999950669e-01
2.734760000000164837e-01
1.326909999999656975e-01
1.466639999999870270e-01
2.697050000000444925e-01
2.752629999999953725e-01
1.567479999999932261e-01
2.739599999999882129e-01
1.341639999999983957e-01
3.050279999999929714e-01
2.842080000000350992e-01
2.826899999999454849e-01
2.683490000000574582e-01
2.700329999999553365e-01
3.136700000000018917e-01
2.494760000000155742e-01
2.375460000000089167e-01
1.683989999999653264e-01
4.084359999999946922e-01
2.597959999999943648e-01
1.434630000000538530e-01
1.576889999999480096e-01
2.662349999999946704e-01
2.796830000000340988e-01
2.588920000000030086e-01
1.479669999999941865e-01
1.489559999999983120e-01
1.753429999999980282e-01
3.904130000000236578e-01
5.297329999999647043e-01
5.453080000000340988e-01
3.025379999999699976e-01
2.560390000000438704e-01
1.732469999999466381e-01
3.786550000000374894e-01
2.782809999999926731e-01
1.378320000000030632e-01
1.436249999999859028e-01
2.742339999999785505e-01
2.735890000000154032e-01
2.533500000000117325e-01
1.538510000000314903e-01
1.507489999999620522e-01
1.710620000000062646e-01
3.993570000000090658e-01
2.709249999999769898e-01
2.749059999999872161e-01
2.631840000000238433e-01
2.842269999999871288e-01
2.836580000000026303e-01
2.305690000000026885e-01
1.911450000000058935e-01
2.181620000000066284e-01
1.722730000000183281e-01
2.533909999999650609e-01
1.647100000000136788e-01
1.407419999999888205e-01
2.613850000000184082e-01
2.675490000000309010e-01
3.847719999999412721e-01
1.437800000000493128e-01
1.810360000000059699e-01
3.903869999999756146e-01
2.839849999999728425e-01
2.697450000000003456e-01
2.734010000000353102e-01
2.582639999999969405e-01
2.962570000000255277e-01
2.387039999999842621e-01
1.884999999999763531e-01
3.787599999999997635e-01
2.587729999999623942e-01
1.470720000000369510e-01
1.382310000000188666e-01
2.636449999999399552e-01
2.701970000000528671e-01
2.625330000000190012e-01
1.587629999999649044e-01
1.398299999999608190e-01
1.770280000000639120e-01
3.897000000000048203e-01
2.883459999999899992e-01
5.477480000000127802e-01
2.648639999999886641e-01
2.671250000000213731e-01
2.209949999999594183e-01
1.879809999999793035e-01
3.870380000000182008e-01
2.770090000000209329e-01
2.726920000000063737e-01
2.663709999999923639e-01
2.830669999999599895e-01
2.464260000000422224e-01
1.586869999999862557e-01
1.523269999999570246e-01
1.715400000000499858e-01
3.808670000000233813e-01
2.842129999999656320e-01
2.838660000000459149e-01
2.656809999999723004e-01
2.842919999999935499e-01
2.823139999999852989e-01
2.526450000000295404e-01
1.912330000000110886e-01
3.839609999999424872e-01
2.466270000000463369e-01
2.853749999999877218e-01
2.407629999999585380e-01
1.408560000000420587e-01
1.593639999999822976e-01
1.561040000000275541e-01
2.755899999999655847e-01
1.343959999999810861e-01
1.661280000000715518e-01
3.945729999999798565e-01
2.786409999999932552e-01
2.774039999999899919e-01
2.631820000000288928e-01
2.799909999999385946e-01
2.789860000000317086e-01
2.165579999999636129e-01
2.406050000000163891e-01
2.053440000000250620e-01
1.946969999999623724e-01
2.602670000000557593e-01
1.533259999999927459e-01
1.331629999999677239e-01
2.787680000000136715e-01
2.778779999999869688e-01
2.487860000000523542e-01
1.558199999999487773e-01
1.539710000000127366e-01
1.795510000000035689e-01
3.763509999999996580e-01
2.746119999999905303e-01
2.622589999999718202e-01
2.590059999999994034e-01
3.143939999999929569e-01
7.417780000000675500e-01
3.968479999999772190e-01
2.585530000000062500e-01
1.587900000000104228e-01
1.495229999999878601e-01
2.748799999999960164e-01
2.667000000000143700e-01
4.211889999999698375e-01
1.354099999999789361e-01
1.784030000000598193e-01
3.888789999999744396e-01
2.784859999999866886e-01
2.739809999999920365e-01
2.874459999999885440e-01
3.066350000000284126e-01
2.838430000000471409e-01
2.486119999999232277e-01
2.015780000000404470e-01
2.078129999999873689e-01
2.020239999999944303e-01
2.749880000000075597e-01
1.451610000000300715e-01
1.477689999999824977e-01
2.730500000000120053e-01
2.917239999999878819e-01
1.695940000000177861e-01
2.300159999999777938e-01
1.475269999999682113e-01
2.889800000000377622e-01
2.941339999999854626e-01
2.788840000000050168e-01
2.677719999999794709e-01
2.876980000000344262e-01
2.918159999999829779e-01
2.750770000000102300e-01
2.405039999999871725e-01
1.959420000000022810e-01
4.040820000000167056e-01
2.651389999999764768e-01
1.609760000000051150e-01
1.497269999999844003e-01
2.972530000000119799e-01
2.853350000000318687e-01
2.678609999999821412e-01
1.434500000000298314e-01
1.268069999999283937e-01
1.892300000000659566e-01
3.843749999999772626e-01
2.957729999999969550e-01
2.620980000000372456e-01
2.852709999999660795e-01
2.884730000000104155e-01
2.875559999999950378e-01
4.352420000000165601e-01
3.966779999999516804e-01
2.748480000000199652e-01
3.024249999999710781e-01
2.633930000000077598e-01
1.311200000000667387e-01
1.432609999999385764e-01
1.872510000000033870e-01
2.018860000000017862e-01
1.864810000000147738e-01
1.968880000000012842e-01
1.870230000000105974e-01
1.751319999999623178e-01
2.727000000000430191e-01
2.766829999999913525e-01
2.732110000000034233e-01
2.843199999999797001e-01
2.911000000000285581e-01
2.567999999999983629e-01
1.768679999999562824e-01
3.857940000000326108e-01
2.739849999999819374e-01
1.361929999999915708e-01
1.521629999999731808e-01
2.851100000000315049e-01
2.638620000000173604e-01
1.684879999999679967e-01
2.201990000000364489e-01
2.074049999999942884e-01
2.667730000000005930e-01
2.635720000000105756e-01
2.755589999999870088e-01
3.200339999999641805e-01
1.669840000000704094e-01
2.319109999999682259e-01
2.806929999999852043e-01
2.727740000000267173e-01
2.814069999999446736e-01
4.098670000000197433e-01
2.885410000000092623e-01
2.729010000000471337e-01
2.785289999999918109e-01
1.817949999999655120e-01
2.869129999999699976e-01
4.950470000000564141e-01
2.422179999999798383e-01
2.461670000000140135e-01
3.408399999999573993e-01
2.136670000000435721e-01
2.248889999999619249e-01
1.978530000000091604e-01
3.292210000000181935e-01
2.444649999999910506e-01
2.872980000000211476e-01
4.236809999999309184e-01
2.797040000000379223e-01
2.711180000000013024e-01
4.346370000000092659e-01
1.494720000000029358e-01
1.566359999999917818e-01
4.541099999999573811e-01
2.268880000000876862e-01
3.068999999999846295e-01
2.992129999999519896e-01
2.609259999999835600e-01
8.104330000000459222e-01
3.290529999999876054e-01
2.929460000000290165e-01
3.432540000000017244e-01
3.067869999999288666e-01
8.966420000000425716e-01
1.695399999999835927e-01
2.225990000000024338e-01
1.813700000000153523e-01
4.120040000000244618e-01
1.319959999999582578e-01
2.069420000000263826e-01
2.151609999999664069e-01
2.271180000000185828e-01
2.385680000000434120e-01
2.133199999999533247e-01
2.124949999999898864e-01
3.053649999999947795e-01
1.264550000000213004e-01
2.159110000000055152e-01
2.168179999999892971e-01
2.001020000000153232e-01
2.034669999999891843e-01
2.065410000000156288e-01
4.332259999999905631e-01
2.447929999999587380e-01
2.386560000000486070e-01
2.539669999999887295e-01
5.130080000000134532e-01
2.584649999999442116e-01
6.986730000000420659e-01
