3.216849999999995546e-01
3.414269999999994809e-01
4.320279999999998566e-01
3.561839999999998341e-01
3.940370000000017470e-01
4.143979999999984898e-01
3.252610000000011325e-01
4.203019999999995093e-01
4.078060000000007790e-01
3.000270000000000437e-01
4.075989999999993785e-01
4.334430000000004668e-01
3.375379999999985614e-01
4.073710000000012599e-01
4.282759999999985467e-01
2.663120000000009924e-01
2.946549999999987790e-01
2.936570000000013891e-01
2.810929999999984830e-01
7.129670000000025709e-01
4.393389999999968154e-01
7.600160000000020233e-01
4.030920000000008940e-01
3.271479999999975519e-01
4.646550000000022607e-01
4.892660000000006448e-01
5.789559999999980278e-01
2.864579999999996573e-01
4.513870000000004268e-01
3.210960000000007142e-01
3.749830000000002883e-01
2.993429999999968061e-01
2.804160000000024411e-01
3.150569999999994764e-01
3.836639999999995609e-01
9.505870000000022912e-01
2.832039999999977908e-01
9.299280000000003099e-01
1.100561000000002565e+00
2.857349999999989620e-01
3.518650000000000944e-01
4.084129999999994709e-01
4.111769999999985714e-01
7.387090000000000600e-01
3.984909999999999286e-01
7.457090000000015095e-01
4.260299999999972442e-01
3.116489999999991767e-01
4.496410000000032881e-01
4.001929999999980225e-01
3.389990000000011605e-01
4.141619999999974766e-01
2.925560000000011485e-01
4.362480000000026337e-01
4.205069999999970776e-01
4.117080000000008511e-01
3.539290000000043790e-01
4.217370000000002506e-01
3.931749999999993861e-01
7.711349999999974614e-01
4.224869999999967263e-01
7.372910000000061359e-01
4.047610000000005925e-01
7.521729999999990923e-01
4.151539999999940278e-01
7.538170000000050663e-01
4.368369999999970332e-01
3.219240000000027635e-01
4.277599999999992519e-01
5.581449999999961165e-01
5.459490000000002397e-01
4.398699999999990951e-01
3.232740000000049463e-01
4.235319999999944685e-01
6.060460000000063019e-01
5.698839999999947281e-01
4.223250000000007276e-01
8.944720000000003779e-01
3.019260000000016930e-01
9.328590000000005489e-01
2.785530000000022710e-01
8.729659999999981324e-01
2.716049999999938791e-01
3.356860000000096989e-01
3.848729999999989104e-01
4.374679999999955271e-01
7.276999999999986812e-01
4.360250000000007731e-01
7.600080000000062341e-01
4.176039999999971997e-01
3.109419999999971651e-01
4.084290000000052601e-01
4.116469999999949891e-01
3.455399999999997362e-01
4.017120000000033997e-01
2.614200000000010959e-01
4.747939999999957195e-01
4.482570000000052346e-01
4.162249999999971806e-01
3.544539999999969382e-01
4.000900000000058299e-01
4.047529999999994743e-01
5.877720000000010714e-01
5.905599999999964211e-01
7.512979999999984670e-01
4.171330000000068594e-01
7.426459999999934780e-01
4.483079999999972642e-01
4.573070000000072355e-01
2.967409999999901515e-01
4.120320000000106120e-01
3.242649999999969168e-01
4.278399999999962233e-01
5.722080000000033806e-01
5.667479999999969209e-01
4.160609999999991260e-01
4.656199999999941497e-01
3.051250000000038654e-01
4.131520000000037385e-01
7.829249999999987608e-01
4.600660000000047489e-01
9.057339999999953761e-01
2.821680000000057476e-01
9.320819999999940819e-01
2.798859999999905313e-01
2.582580000000120890e-01
4.703099999999977854e-01
4.142329999999958545e-01
3.648160000000046921e-01
4.023990000000026157e-01
4.595419999999990068e-01
3.148900000000054433e-01
4.025179999999863867e-01
4.368540000000109558e-01
6.079660000000046693e-01
5.843189999999935935e-01
7.448629999999951679e-01
4.257840000000072678e-01
7.262779999999935399e-01
4.626000000000090040e-01
3.555139999999994416e-01
4.360259999999982483e-01
5.387849999999900774e-01
5.658820000000019945e-01
3.263019999999983156e-01
4.284010000000080254e-01
4.371289999999987685e-01
2.593750000000056843e-01
3.291689999999931615e-01
2.543940000000048940e-01
3.202459999999973661e-01
4.296879999999987376e-01
9.138789999999943348e-01
2.999460000000055970e-01
9.270369999999985566e-01
2.548209999999926367e-01
8.948450000000036653e-01
5.970960000000076207e-01
3.880410000000011905e-01
3.954769999999996344e-01
7.827229999999900656e-01
4.435600000000050613e-01
7.501579999999989923e-01
4.266999999999967486e-01
3.006220000000041637e-01
3.919429999999977099e-01
4.260720000000048913e-01
3.362189999999998236e-01
4.428619999999909851e-01
4.308400000000034424e-01
2.985870000000119262e-01
4.373319999999836227e-01
4.157570000000134769e-01
3.589429999999964593e-01
3.764509999999887668e-01
3.844440000000162172e-01
4.687669999999855008e-01
3.120290000000096597e-01
3.940690000000017790e-01
7.759449999999930014e-01
4.227240000000023201e-01
3.320300000000031559e-01
3.768519999999995207e-01
4.090029999999984511e-01
3.315440000000080545e-01
8.208029999999837401e-01
1.986502000000001544e+00
4.600149999999985084e-01
2.651630000000011478e-01
5.633290000000101827e-01
3.978740000000016153e-01
2.615799999999950387e-01
4.386920000000031905e-01
4.225799999999964029e-01
3.382859999999965339e-01
2.970250000000049795e-01
3.095539999999914471e-01
2.560290000000122745e-01
7.174729999999982510e-01
4.335099999999840747e-01
7.726130000000068776e-01
4.114000000000004320e-01
7.727940000000046439e-01
4.217560000000020182e-01
2.581029999999913116e-01
4.614030000000042264e-01
4.477339999999969677e-01
7.893300000000067485e-01
3.991829999999936263e-01
7.636230000000097107e-01
3.927759999999977936e-01
2.733629999999891425e-01
4.597290000000100463e-01
4.355149999999952115e-01
7.336099999999987631e-01
4.477210000000013679e-01
5.982240000000018654e-01
5.540069999999985839e-01
7.368859999999983756e-01
4.408130000000056725e-01
7.339869999999848460e-01
4.434580000000067912e-01
2.578910000000007585e-01
4.455680000000086238e-01
4.276490000000023883e-01
7.781020000000040682e-01
4.018939999999986412e-01
3.662100000000094724e-01
3.921629999999822758e-01
4.009259999999983393e-01
4.343530000000015434e-01
2.624869999999930315e-01
8.152910000000161972e-01
4.011139999999926431e-01
4.305749999999903821e-01
7.634650000000249292e-01
4.398520000000019081e-01
7.733099999999808460e-01
4.240240000000028431e-01
2.886669999999895708e-01
4.623360000000076298e-01
4.294770000000056598e-01
7.636459999999942738e-01
4.244309999999984484e-01
7.384200000000049613e-01
4.523020000000030905e-01
7.521699999999924557e-01
4.253189999999875681e-01
2.607310000000069294e-01
4.532740000000075042e-01
4.277269999999901984e-01
3.407130000000222481e-01
2.936889999999863221e-01
2.911860000000103810e-01
2.811309999999878073e-01
4.325900000000046930e-01
4.948399999999963939e-01
2.682370000000133814e-01
6.881779999999935171e-01
4.458410000000014861e-01
7.790349999999932606e-01
4.172030000000006567e-01
7.175890000000038071e-01
4.345950000000016189e-01
7.323499999999967258e-01
4.308729999999911797e-01
7.469260000000019772e-01
4.084630000000117889e-01
7.555010000000095260e-01
4.280479999999897700e-01
3.083949999999902047e-01
2.751169999999945048e-01
4.283340000000066539e-01
3.066100000000062664e-01
6.006280000000003838e-01
4.115109999999901902e-01
7.608879999999942356e-01
4.225540000000194141e-01
6.976889999999968950e-01
4.590190000000120563e-01
7.320159999999873435e-01
4.265389999999911197e-01
7.423670000000015534e-01
4.081219999999916581e-01
7.416430000000104883e-01
3.581629999999904612e-01
7.738850000000070395e-01
4.360059999999919000e-01
7.453140000000075815e-01
5.817940000000021428e-01
2.622489999999970678e-01
2.841919999999902302e-01
4.187689999999975043e-01
2.730490000000145301e-01
6.350009999999883803e-01
6.704690000000255168e-01
2.880609999999705906e-01
3.024360000000285709e-01
2.789569999999912397e-01
7.269640000000094915e-01
4.065159999999821139e-01
2.707979999999849952e-01
2.908610000000351192e-01
4.361629999999649954e-01
8.565940000000296095e-01
6.178359999999827323e-01
3.341790000000059990e-01
4.327240000000074360e-01
3.337719999999819720e-01
3.616450000000099863e-01
8.683560000000056789e-01
2.819640000000163127e-01
4.360179999999900247e-01
3.295569999999941047e-01
5.421039999999948122e-01
6.787410000000022592e-01
2.798510000000078435e-01
4.377399999999909141e-01
2.834719999999890661e-01
5.552250000000071850e-01
3.869770000000016807e-01
2.994910000000174932e-01
2.930000000000063665e-01
4.014199999999732427e-01
8.826880000000016935e-01
4.190719999999998890e-01
2.833210000000008222e-01
2.902300000000082036e-01
1.120042000000012195e+00
8.347499999999854481e-01
2.692020000000070468e-01
4.340869999999767970e-01
2.736100000000192267e-01
4.171639999999854354e-01
5.535800000000108412e-01
2.904460000000028685e-01
3.024479999999982738e-01
4.300149999999973716e-01
2.580959999999947740e-01
4.176560000000222317e-01
5.538809999999898537e-01
2.984709999999779484e-01
2.738050000000100681e-01
4.282780000000059317e-01
8.656809999999950378e-01
3.825750000000027740e-01
2.744380000000035125e-01
2.727930000000071686e-01
4.448759999999936099e-01
6.977469999999925676e-01
4.112489999999979773e-01
7.125240000000019336e-01
3.924159999999972115e-01
2.579900000000066029e-01
4.398380000000088330e-01
4.106889999999907559e-01
7.279910000000029413e-01
4.136510000000157561e-01
2.576409999999782485e-01
4.415860000000009222e-01
4.099420000000009168e-01
7.054219999999986612e-01
4.132710000000088257e-01
6.982830000000035398e-01
3.880939999999952761e-01
6.891549999999995180e-01
4.122059999999976299e-01
7.042790000000138662e-01
4.095949999999959346e-01
6.955539999999871270e-01
4.538909999999987122e-01
2.729520000000036362e-01
4.235950000000059390e-01
4.069169999999928677e-01
7.364710000000229684e-01
4.124859999999728188e-01
7.388160000000141281e-01
3.848219999999855645e-01
7.265329999999892152e-01
4.077420000000131495e-01
2.886689999999987322e-01
4.057159999999839783e-01
4.000290000000177315e-01
4.101259999999911088e-01
3.203370000000234086e-01
4.227709999999831325e-01
7.175609999999892352e-01
4.193440000000236978e-01
7.058339999999816428e-01
4.049910000000238597e-01
2.577419999999790434e-01
4.514240000000029340e-01
4.233119999999814809e-01
7.105999999999994543e-01
3.976640000000202235e-01
6.974629999999990559e-01
4.422779999999875145e-01
7.442290000000184591e-01
3.914669999999773609e-01
2.732760000000098444e-01
4.463369999999997617e-01
4.099950000000092132e-01
7.345200000000033924e-01
4.341100000000039927e-01
7.234300000000075670e-01
4.379399999999975535e-01
7.318999999999959982e-01
3.920520000000067284e-01
2.733279999999922438e-01
6.462549999999964712e-01
2.569330000000036307e-01
2.885299999999801912e-01
2.605959999999925003e-01
2.653219999999976153e-01
2.540770000000236450e-01
3.219390000000146301e-01
3.659289999999941756e-01
5.022529999999960637e-01
7.186920000000043274e-01
4.093550000000050204e-01
7.581419999999923220e-01
4.004360000000133368e-01
2.579470000000014807e-01
4.983249999999941338e-01
4.130979999999908614e-01
5.967119999999965785e-01
2.610829999999850770e-01
2.792830000000208202e-01
7.283779999999921984e-01
4.055679999999881602e-01
7.348780000000090240e-01
4.365040000000135478e-01
2.731600000000184991e-01
4.517879999999934171e-01
4.182979999999929532e-01
7.637719999999603715e-01
4.124570000000460368e-01
7.608669999999904121e-01
4.154180000000167183e-01
7.381279999999605934e-01
4.359759999999823776e-01
2.776110000000358013e-01
4.152290000000107284e-01
4.172849999999641568e-01
7.400380000000268410e-01
4.145029999999962911e-01
7.344820000000140681e-01
4.222969999999861557e-01
7.578819999999666379e-01
3.855100000000106775e-01
2.726820000000316213e-01
4.645790000000147302e-01
4.099059999999496995e-01
7.250300000000322598e-01
4.404000000000110049e-01
7.250399999999785905e-01
3.878569999999683660e-01
7.268460000000231958e-01
4.281239999999968404e-01
7.226759999999785578e-01
4.088350000000104956e-01
7.449160000000176751e-01
4.501250000000140972e-01
6.965629999999691790e-01
4.193480000000135988e-01
7.024309999999900356e-01
4.431330000000173186e-01
7.205489999999770134e-01
4.295370000000104937e-01
7.068060000000002674e-01
4.345840000000009695e-01
7.183490000000176678e-01
4.118899999999996453e-01
9.065349999999909869e-01
2.773830000000145901e-01
3.872679999999775191e-01
3.017519999999933589e-01
4.158220000000198979e-01
3.236890000000016698e-01
6.048829999999725260e-01
2.593030000000169366e-01
1.137348999999971966e+00
8.846990000000403143e-01
2.788520000000005439e-01
7.176259999999672345e-01
4.526400000000307955e-01
3.140679999999917982e-01
5.495200000000011187e-01
2.650029999999787833e-01
7.190540000000282816e-01
4.559490000000039345e-01
6.854830000000049495e-01
4.085969999999861102e-01
7.177519999999901756e-01
4.376060000000165928e-01
7.421259999999847423e-01
4.205350000000009913e-01
7.097729999999842221e-01
4.290950000000179898e-01
7.012660000000323635e-01
4.087839999999687279e-01
8.917199999999922966e-01
2.609190000000296550e-01
8.487749999999891770e-01
2.673719999999946140e-01
7.306339999999806878e-01
4.244539999999972224e-01
7.235080000000095879e-01
4.098280000000329437e-01
4.064239999999585962e-01
4.476780000000246673e-01
2.686219999999934771e-01
1.098078000000015209e+00
9.220609999999851425e-01
2.703200000000265391e-01
6.770499999999799456e-01
4.245240000000194414e-01
7.139490000000137115e-01
4.520919999999932770e-01
8.418289999999615247e-01
2.876390000000128566e-01
6.832909999999969841e-01
4.289309999999773027e-01
7.030010000000288528e-01
4.175269999999500214e-01
9.106450000000450018e-01
2.661470000000463187e-01
8.642379999999434403e-01
2.552540000000362852e-01
8.808349999999336433e-01
2.695360000000732725e-01
6.763459999999668071e-01
4.376619999999888933e-01
8.829329999999799838e-01
2.659330000000181826e-01
8.110510000000203945e-01
2.730369999999879838e-01
9.013219999999932952e-01
9.081459999999879074e-01
4.022200000000566433e-01
7.119589999999789143e-01
4.345969999999965694e-01
8.717980000000125074e-01
2.597009999999499996e-01
9.009480000000280597e-01
2.568479999999908614e-01
8.447059999999737556e-01
2.660940000000096006e-01
6.433979999999905885e-01
2.875220000000240361e-01
4.899230000000329710e-01
5.224339999999756401e-01
5.976469999999949323e-01
5.980059999999980391e-01
5.595989999999915199e-01
5.779760000000351283e-01
5.628689999999778593e-01
4.438120000000367327e-01
4.034209999999802676e-01
7.076050000000009277e-01
4.524369999999748870e-01
7.212540000000444707e-01
4.063179999999420033e-01
6.985540000000014516e-01
4.413440000000150576e-01
2.732040000000210966e-01
6.029050000000211185e-01
2.663589999999658176e-01
5.897659999999973479e-01
2.506219999999643733e-01
2.753390000000308646e-01
6.839889999999968495e-01
4.231350000000020373e-01
7.284650000000283399e-01
4.197429999999826578e-01
2.733920000000011896e-01
4.401129999999966458e-01
4.191480000000069595e-01
7.024629999999660868e-01
4.421360000000049695e-01
7.269880000000625841e-01
3.983479999999985921e-01
7.110449999999559623e-01
4.097439999999892279e-01
2.577909999999974389e-01
4.517539999999939937e-01
4.118640000000368673e-01
7.406439999999747670e-01
4.340819999999894208e-01
7.137960000000020955e-01
4.126840000000129294e-01
7.353590000000167493e-01
4.120669999999790889e-01
7.166680000000269501e-01
4.058519999999816719e-01
3.331489999999917018e-01
3.567910000000438231e-01
4.670919999999796346e-01
7.188429999999925712e-01
4.107199999999693318e-01
6.887000000000398359e-01
4.363149999999791362e-01
2.621750000000133696e-01
4.368470000000002074e-01
4.047580000000152722e-01
7.159980000000132350e-01
4.324739999999565043e-01
6.742849999999975807e-01
4.444460000000276523e-01
7.332669999999552601e-01
4.124750000000290129e-01
2.732959999999593492e-01
4.163290000000188229e-01
4.441080000000283690e-01
3.162740000000212603e-01
3.884889999999359134e-01
5.948430000000257678e-01
5.906449999999949796e-01
4.344009999999798310e-01
7.007320000000731852e-01
4.120259999999689171e-01
2.579069999999887841e-01
4.757880000000227483e-01
4.134559999999396496e-01
7.036080000000310974e-01
4.347789999999918109e-01
7.375120000000379150e-01
3.970919999999864558e-01
7.057599999999979445e-01
4.106100000000196815e-01
2.621159999999349566e-01
4.497370000000273649e-01
4.090669999999931861e-01
7.379970000000071195e-01
4.119719999999915672e-01
7.302369999999882566e-01
4.366530000000352629e-01
2.863590000000044711e-01
3.565290000000231885e-01
4.842499999999745341e-01
2.659989999999652355e-01
4.321330000000216387e-01
4.315939999999613974e-01
3.069540000000188229e-01
3.545960000000150103e-01
4.706560000000195032e-01
2.660829999999805295e-01
4.251840000000015607e-01
4.488559999999779393e-01
2.662410000000363652e-01
1.004022000000020398e+00
3.014039999999340580e-01
2.650630000000546715e-01
4.267279999999686879e-01
2.735800000000381260e-01
2.739389999999843894e-01
3.046709999999848151e-01
3.660650000000487125e-01
2.522699999999531428e-01
8.339349999999967622e-01
2.656870000000139953e-01
8.448139999999852989e-01
4.180660000000102627e-01
2.825980000000072323e-01
4.288280000000099790e-01
8.856579999999780739e-01
3.974729999999908614e-01
2.522930000000087603e-01
6.423149999999964166e-01
2.627550000000269392e-01
8.639199999999505053e-01
6.892720000000167602e-01
4.313539999999989050e-01
8.625900000000115142e-01
3.038240000000200780e-01
2.753629999999702704e-01
7.850060000000098626e-01
2.828729999999950451e-01
8.131250000000136424e-01
6.944889999999759311e-01
3.967059999999946740e-01
8.838420000000155596e-01
3.609450000000151704e-01
4.354640000000244981e-01
5.359080000000062682e-01
2.623559999999542924e-01
8.557509999999979300e-01
4.245169999999802712e-01
2.710300000000529508e-01
3.861479999999914980e-01
4.292550000000119326e-01
3.107269999999857646e-01
3.789739999999710562e-01
4.329110000000468972e-01
4.566279999999665051e-01
3.109939999999937754e-01
4.801790000000210057e-01
3.043189999999640349e-01
2.561110000000326181e-01
3.837619999999901665e-01
2.925470000000132131e-01
4.018939999999702195e-01
4.316580000000271866e-01
2.657080000000178188e-01
2.752199999999902502e-01
2.615220000000135769e-01
2.931259999999724641e-01
4.293529999999918800e-01
2.938009999999735555e-01
5.014750000000276486e-01
2.864090000000487635e-01
2.710189999999670363e-01
3.532230000000140535e-01
2.745429999999373649e-01
2.671220000000289474e-01
2.815509999999790125e-01
3.040050000000178443e-01
4.583339999999793690e-01
6.612160000000244509e-01
4.333199999999806096e-01
2.607040000000324653e-01
6.535849999999641113e-01
3.564860000000180662e-01
4.450889999999958491e-01
2.678530000000591826e-01
4.145579999999426946e-01
3.961780000000203472e-01
6.859660000000076252e-01
4.876349999999547435e-01
4.215220000000385880e-01
6.608479999999872234e-01
2.694759999999973843e-01
5.340760000000273067e-01
3.978009999999585489e-01
2.951500000000351065e-01
2.650809999999523825e-01
2.975750000000516593e-01
4.236039999999547945e-01
3.767880000000332075e-01
6.890639999999734755e-01
4.240550000000666842e-01
7.479519999999979518e-01
3.876239999999597785e-01
7.050839999999993779e-01
3.932780000000093423e-01
5.482390000000236796e-01
3.060089999999604515e-01
2.594120000000543769e-01
7.110089999999331667e-01
4.135009999999965657e-01
7.362229999999954089e-01
3.737760000000207583e-01
7.275210000000242871e-01
4.403109999999514912e-01
3.128470000000334039e-01
4.142209999999977299e-01
3.858270000000061373e-01
7.097709999999892716e-01
4.180470000000013897e-01
7.430340000000228429e-01
3.911359999999604042e-01
2.739620000000400069e-01
4.357399999999529427e-01
4.227150000000392538e-01
7.283059999999750289e-01
3.968669999999860920e-01
7.421740000000340842e-01
3.947640000000092186e-01
2.563400000000228829e-01
4.783099999999649299e-01
4.057569999999941501e-01
6.850120000000288201e-01
5.917719999999349056e-01
5.746730000000184191e-01
3.941010000000346736e-01
7.202239999999733300e-01
4.064920000000142863e-01
2.864809999999806678e-01
4.406539999999949941e-01
4.159740000000056170e-01
2.621159999999918000e-01
4.383349999999950342e-01
4.115240000000426335e-01
6.516169999999874562e-01
4.216819999999756874e-01
7.269070000000397158e-01
4.199599999999463762e-01
7.695220000000517757e-01
4.106600000000071304e-01
2.771250000000122782e-01
3.794009999999730098e-01
4.038029999999821484e-01
7.248910000000137188e-01
4.142269999999825814e-01
6.995019999999954052e-01
4.207780000000411746e-01
7.579929999999421852e-01
3.784990000000334476e-01
2.618689999999901374e-01
4.496589999999969223e-01
4.092760000000339460e-01
7.313619999999900756e-01
4.185959999999795400e-01
7.537320000000136133e-01
4.044959999999946376e-01
6.866039999999884458e-01
4.083640000000059445e-01
2.581729999999993197e-01
4.347830000000385553e-01
4.258919999999761785e-01
9.208869999999933498e-01
2.774989999999775137e-01
2.528960000000211039e-01
4.292910000000347281e-01
8.205869999999890751e-01
3.020549999999957436e-01
3.176509999999552747e-01
3.196970000000192158e-01
3.931799999999725514e-01
7.898080000000504697e-01
3.673229999999989559e-01
4.361779999999839674e-01
5.257270000000175969e-01
2.852649999999812280e-01
2.731799999999680040e-01
2.997370000000501022e-01
4.698359999999865977e-01
2.775400000000445289e-01
2.733699999999430474e-01
6.456909999999993488e-01
