2.438379999999997771e-01
2.599149999999998961e-01
1.463149999999999729e-01
2.330309999999999881e-01
1.447240000000000748e-01
4.110659999999999314e-01
1.100450000000003925e-01
1.399239999999997153e-01
1.361809999999996634e-01
1.311190000000008737e-01
1.163919999999993848e-01
2.560430000000000206e-01
4.337300000000077205e-02
3.405599999999999739e-01
2.620409999999990802e-01
4.009400000000074016e-02
9.748199999999940246e-02
3.810999999999964416e-02
1.686490000000011591e-01
1.352879999999991867e-01
5.564700000000044611e-02
1.936749999999989313e-01
4.910700000000112198e-02
9.864499999999942759e-02
3.764400000000023283e-02
2.107080000000003395e-01
4.890799999999995151e-02
4.769899999999971385e-02
8.706899999999961892e-02
1.705779999999998964e-01
1.777070000000007255e-01
1.107269999999989096e-01
1.236370000000013292e-01
1.611839999999995499e-01
4.351699999999958379e-02
2.149970000000003267e-01
3.278000000000069747e-02
1.229409999999990788e-01
1.542270000000005581e-01
1.775850000000005480e-01
1.080799999999992878e-01
5.323000000000099874e-02
6.289799999999878821e-02
1.635380000000008494e-01
1.819769999999998333e-01
5.632799999999882345e-02
5.740900000000159764e-02
2.565699999999893066e-02
1.059000000000001052e-01
1.689670000000003114e-01
1.441510000000008063e-01
3.410399999999924603e-02
1.027489999999993131e-01
1.278120000000004808e-01
1.429340000000003386e-01
1.943710000000002935e-01
9.597099999999869624e-02
4.219800000000084594e-02
1.009030000000006311e-01
1.601629999999989451e-01
1.567030000000002588e-01
1.346579999999999444e-01
3.222499999999861586e-02
9.048300000000075727e-02
1.589670000000005246e-01
1.920859999999997569e-01
9.998400000000096099e-02
1.332829999999987081e-01
1.728570000000004825e-01
1.080880000000004060e-01
1.410029999999995454e-01
1.536519999999992336e-01
1.333680000000008192e-01
2.631300000000003081e-02
9.125900000000086720e-02
4.271699999999967190e-02
3.664900000000059777e-02
8.045300000000032981e-02
2.722599999999886222e-02
5.865299999999962210e-02
7.811199999999907106e-02
1.096980000000016275e-01
3.854599999999841486e-02
3.109000000000072816e-02
1.412869999999983861e-01
1.158400000000021635e-01
1.450880000000012160e-01
1.314180000000000348e-01
1.295389999999976283e-01
5.720100000000094553e-02
1.098280000000002588e-01
1.427709999999979829e-01
1.454630000000012302e-01
1.739940000000004261e-01
1.256279999999989627e-01
1.178709999999991709e-01
2.845400000000175567e-02
1.499869999999994263e-01
1.326740000000015129e-01
1.417819999999974101e-01
1.013080000000030623e-01
3.503299999999853753e-02
1.044270000000011578e-01
3.070199999999978502e-02
2.662600000000026057e-02
1.023530000000008044e-01
4.294400000000031525e-02
1.125319999999963017e-01
2.706200000000080763e-02
1.278480000000001837e-01
1.315879999999989280e-01
9.663500000000269097e-02
1.279550000000000409e-01
7.880699999999762895e-02
1.425910000000030209e-01
5.230599999999796523e-02
8.760700000000198884e-02
1.756669999999971310e-01
1.289920000000002176e-01
1.364499999999999602e-01
1.378470000000007190e-01
1.849009999999999820e-01
5.423199999999894771e-02
3.031800000000117734e-02
9.231000000000122441e-02
6.630200000000030514e-02
1.271060000000012735e-01
8.133599999999674424e-02
1.013400000000004297e-01
1.536100000000004684e-01
1.070019999999978211e-01
6.048400000000242471e-02
1.021319999999974470e-01
1.412410000000008381e-01
3.606600000000170780e-02
9.554400000000029536e-02
1.556269999999990716e-01
1.437159999999977344e-01
1.778710000000032210e-01
1.025449999999992201e-01
1.513500000000007617e-01
1.570080000000011466e-01
3.349919999999961817e-01
5.537100000000094724e-02
4.269800000000145701e-02
4.801559999999973627e-01
1.193820000000016535e-01
9.046099999999768215e-02
7.392700000000473892e-02
1.439629999999993970e-01
1.460299999999996601e-01
1.185979999999986489e-01
1.722070000000002210e-01
1.663020000000017262e-01
1.174499999999980560e-01
1.239889999999981285e-01
1.507240000000038549e-01
2.178319999999978052e-01
5.499400000000065347e-02
1.475430000000024222e-01
2.508699999999919328e-02
1.452259999999974127e-01
4.057900000000103091e-02
1.390029999999988775e-01
1.166720000000012192e-01
1.277639999999991005e-01
1.611299999999999955e-01
1.425630000000026598e-01
1.478869999999972151e-01
1.298180000000002110e-01
1.666580000000017492e-01
1.741250000000000853e-01
1.159389999999973497e-01
1.278950000000023124e-01
1.559319999999999595e-01
1.718250000000018929e-01
1.108899999999977126e-01
3.280900000000031014e-02
9.645899999999940633e-02
1.725029999999989627e-01
4.621600000000114505e-02
1.324529999999981555e-01
1.103079999999998506e-01
1.342080000000009932e-01
1.545280000000026632e-01
1.650359999999970739e-01
1.311180000000007340e-01
1.177829999999993049e-01
1.815999999999995396e-01
4.816000000000286718e-02
1.225850000000008322e-01
9.874699999999947408e-02
1.567039999999977340e-01
1.341429999999981248e-01
4.399800000000553268e-02
1.415519999999936829e-01
1.244920000000071525e-01
1.197579999999938138e-01
1.656879999999993913e-01
1.459609999999997854e-01
2.892400000000350246e-02
1.136519999999983099e-01
1.086850000000012528e-01
3.971800000000058617e-02
1.490799999999978809e-01
1.649440000000019779e-01
1.176689999999993574e-01
1.271619999999984429e-01
1.301280000000026860e-01
3.807099999999863371e-02
1.707999999999998408e-01
1.092350000000017474e-01
4.491799999999912529e-02
9.436399999999878219e-02
1.524949999999982708e-01
1.851420000000061350e-01
1.058899999999951547e-01
1.461080000000016810e-01
1.625540000000000873e-01
1.385109999999976083e-01
1.451160000000015771e-01
1.323539999999994166e-01
3.541799999999994952e-02
1.113679999999988013e-01
1.939939999999999998e-01
1.053230000000020539e-01
3.961300000000278487e-02
7.277799999999601255e-02
5.866500000000129944e-02
7.455500000000014893e-02
5.362999999999829015e-02
1.670790000000046405e-01
1.224190000000007217e-01
1.148549999999985971e-01
3.278699999999901138e-02
2.915499999999937586e-02
9.839199999999692636e-02
1.573309999999992215e-01
1.317160000000043851e-01
1.282570000000013977e-01
3.699099999999688748e-02
1.322210000000012542e-01
2.927669999999977790e-01
1.354330000000061318e-01
1.508469999999917377e-01
1.757970000000028676e-01
1.123990000000034684e-01
1.368129999999965207e-01
1.565480000000007976e-01
1.600880000000017844e-01
1.306930000000008363e-01
1.133260000000007039e-01
4.170499999999321972e-02
1.275450000000049045e-01
1.419349999999965917e-01
3.862600000000071532e-02
6.772300000000086584e-02
4.499200000000058708e-02
1.316920000000010305e-01
1.632519999999999527e-01
6.812699999999694001e-02
1.006130000000027280e-01
1.233069999999969468e-01
1.358809999999976981e-01
1.505739999999988754e-01
1.770210000000034256e-01
1.093120000000027403e-01
1.350509999999971456e-01
1.632740000000012515e-01
1.599500000000020350e-01
1.366039999999983934e-01
1.271520000000023742e-01
1.552359999999950446e-01
1.494360000000014566e-01
1.445840000000018222e-01
1.418290000000013151e-01
1.268099999999989791e-01
4.097800000000262344e-02
1.407329999999973325e-01
2.730469999999982633e-01
1.721760000000003288e-01
1.535039999999980864e-01
1.292540000000030886e-01
2.733099999999666352e-02
1.070050000000080104e-01
1.613019999999920628e-01
1.729820000000046321e-01
1.097809999999981301e-01
5.588199999999687861e-02
5.833100000000257523e-02
3.740700000000174441e-02
1.115659999999962793e-01
1.462369999999992842e-01
5.093099999999850525e-02
9.061500000000677346e-02
3.953899999999777037e-02
6.400399999999706324e-02
4.854399999999969850e-02
1.021630000000044447e-01
3.184299999999495867e-02
1.010160000000084324e-01
4.631200000000035288e-02
4.193999999999675765e-02
9.857199999999721740e-02
8.150299999999788270e-02
5.547200000000174214e-02
5.397600000000579712e-02
1.021250000000009095e-01
3.188399999999091960e-02
2.901300000000617274e-02
1.600329999999985375e-01
7.742799999999760985e-02
5.385199999999912279e-02
1.183920000000000528e-01
1.473140000000014993e-01
1.578569999999999141e-01
1.376260000000044670e-01
3.040999999999627335e-02
9.875499999999703959e-02
1.362930000000091013e-01
2.895699999999123975e-02
4.249800000000192313e-02
1.848529999999968254e-01
6.342300000000733462e-02
1.315509999999946444e-01
5.254200000000253112e-02
5.540939999999991983e-01
1.652570000000039840e-01
1.225789999999946644e-01
4.885700000000525733e-02
1.123010000000022046e-01
2.728399999999453485e-02
1.105030000000013501e-01
1.637490000000028090e-01
1.655659999999912202e-01
1.133020000000044547e-01
4.375999999999891088e-02
9.307700000000096452e-02
2.592500000000086402e-02
1.338200000000000500e-01
1.734089999999994802e-01
1.131469999999978882e-01
1.302110000000027412e-01
5.842700000000178306e-02
1.114279999999965298e-01
1.601610000000022183e-01
1.313609999999982847e-01
4.081299999999998818e-02
9.183200000000368846e-02
1.575039999999958695e-01
1.648380000000031487e-01
1.288809999999998013e-01
1.220359999999942602e-01
1.754549999999994725e-01
1.650690000000025748e-01
1.140369999999961692e-01
1.444850000000101886e-01
3.242799999999590455e-02
1.247010000000017271e-01
1.669989999999970109e-01
8.650200000000296541e-02
1.747559999999950264e-01
3.569199999999739248e-02
1.250380000000035352e-01
4.170500000000032514e-02
1.252080000000006521e-01
1.298390000000040345e-01
1.294579999999996289e-01
1.500719999999944321e-01
1.703720000000075174e-01
1.224909999999965748e-01
1.371679999999955157e-01
1.622580000000013456e-01
1.559099999999986608e-01
1.205110000000075843e-01
1.464979999999940219e-01
1.484859999999983415e-01
1.809860000000043101e-01
1.136130000000008522e-01
1.397660000000016112e-01
1.591949999999968668e-01
1.574430000000006658e-01
4.269299999999986994e-02
7.862699999999733791e-02
1.383160000000032142e-01
1.410380000000017731e-01
5.375399999999785905e-02
9.631799999999657302e-02
3.243300000000459704e-02
1.080389999999979977e-01
1.387399999999985312e-01
4.935500000000558884e-02
1.123629999999948836e-01
1.589420000000032474e-01
1.359139999999925408e-01
1.354820000000032110e-01
9.241899999999958482e-02
6.277700000000407954e-02
3.481199999999518013e-02
3.166800000000336013e-02
1.284629999999964411e-01
6.647700000000611453e-02
1.418979999999976371e-01
3.381300000000209138e-02
1.620289999999968700e-01
3.188000000000101863e-02
7.291299999999978354e-02
3.226099999999831880e-02
2.701300000000372847e-02
9.329900000000179716e-02
3.289199999999681268e-02
1.392220000000037317e-01
1.558309999999991646e-01
1.835499999999967713e-01
3.041599999999533566e-02
8.648600000000072896e-02
1.065910000000016566e-01
6.138900000000546697e-02
8.023999999999631427e-02
4.842200000000218552e-02
1.735849999999956594e-01
1.014700000000061664e-01
1.441119999999997958e-01
1.369319999999945026e-01
4.589099999999746160e-02
1.156720000000035498e-01
1.455790000000050100e-01
1.151869999999988181e-01
1.847409999999953811e-01
1.576710000000076661e-01
1.269809999999935712e-01
1.183790000000044529e-01
1.779280000000014184e-01
1.406619999999989545e-01
1.424969999999987635e-01
1.294729999999972847e-01
1.695360000000007972e-01
1.641930000000044743e-01
1.216789999999861038e-01
2.773800000000647970e-02
8.799300000000442878e-02
2.892399999999639704e-02
2.761399999999980537e-02
1.192400000000048976e-01
1.581429999999954816e-01
6.345899999999460306e-02
6.034300000000314412e-02
7.241100000000244563e-02
6.075200000000080536e-02
1.614800000000045088e-01
1.757380000000026143e-01
6.366799999999273041e-02
6.063399999999319334e-02
6.641700000000838600e-02
6.373699999999615784e-02
1.573780000000013501e-01
1.554419999999936408e-01
2.673100000000516729e-02
1.195850000000007185e-01
1.237410000000025434e-01
1.264959999999959450e-01
4.308499999999781949e-02
1.103430000000074074e-01
6.489699999999487545e-02
9.236800000000755517e-02
1.415149999999982811e-01
1.860739999999978522e-01
1.530199999999979354e-01
1.019369999999995002e-01
1.548839999999955808e-01
1.494489999999970564e-01
1.554450000000073828e-01
1.751890000000031478e-01
1.082949999999982538e-01
1.591909999999998604e-01
1.599479999999999791e-01
1.251920000000055211e-01
1.056699999999963779e-01
6.117299999999659121e-02
1.289530000000027599e-01
1.786880000000010682e-01
1.122879999999994993e-01
5.992700000000183991e-02
8.300899999999700185e-02
1.140089999999958081e-01
1.848129999999983397e-01
1.123960000000110426e-01
3.041199999999832926e-02
1.057879999999968845e-01
1.900090000000034252e-01
1.010719999999949437e-01
7.140700000000776981e-02
7.973599999999692045e-02
3.495299999998735530e-02
1.046540000000035775e-01
4.343000000000785121e-02
3.270899999999699048e-02
9.378399999999942338e-02
3.054799999999602278e-02
1.458550000000045088e-01
5.706200000000194450e-02
3.349899999999905731e-02
6.477599999999483771e-02
1.119600000000033901e-01
1.819109999999994898e-01
2.602049999999991314e-01
2.859899999999981901e-02
1.476050000000057594e-01
1.509640000000018745e-01
3.117839999999958422e-01
4.052599999999983993e-02
7.829599999999459214e-02
5.543910000000096261e-01
2.737599999999673628e-02
4.000599999999820966e-02
1.592369999999974084e-01
1.678250000000005571e-01
2.511499999999955435e-02
4.483599999999654528e-02
6.893500000000329919e-02
2.522700000000099863e-02
9.585999999999472720e-02
1.857770000000016353e-01
5.484300000000530417e-02
1.172609999999991715e-01
1.242900000000020100e-01
1.346640000000007831e-01
5.344499999999641204e-02
1.006390000000010332e-01
5.860300000000506770e-02
1.247549999999932879e-01
1.002420000000086020e-01
9.318799999999782813e-02
7.182999999999140073e-02
1.188980000000015025e-01
3.537000000000034561e-02
4.905800000000226646e-02
6.955800000000067485e-02
4.759599999999863940e-02
1.365320000000025402e-01
1.278609999999957836e-01
1.511830000000031760e-01
1.740229999999911570e-01
5.869300000000521322e-02
3.535000000000820819e-02
4.641399999999862303e-02
5.378399999999317060e-02
5.310699999999712873e-02
1.486330000000037899e-01
4.918900000001258377e-02
1.401339999999891006e-01
1.406049999999936517e-01
1.452869999999961692e-01
1.433670000000120126e-01
5.717500000000086402e-02
1.054859999999990805e-01
1.306539999999927204e-01
1.265180000000043492e-01
1.748490000000089140e-01
1.593959999999867705e-01
1.211729999999988650e-01
1.449860000000029459e-01
1.567129999999963275e-01
3.241600000001199078e-02
1.427179999999879101e-01
4.071199999999919328e-02
8.619700000001273565e-02
1.242129999999974643e-01
1.394360000000034461e-01
3.081199999999739703e-02
1.824260000000066384e-01
2.542799999999090232e-02
6.490399999999851843e-02
3.625200000000461387e-02
1.139780000000030213e-01
1.467629999999928714e-01
1.885180000000019618e-01
4.467400000000054661e-02
6.046399999999607644e-02
4.848900000000355703e-02
1.086079999999896017e-01
1.644590000000079044e-01
1.609849999999966030e-01
5.079399999999623105e-02
8.393200000000433647e-02
1.311110000000041964e-01
1.643140000000045120e-01
1.035619999999966012e-01
1.063970000000011851e-01
6.636399999999298416e-02
1.138880000000028758e-01
2.898900000000992350e-02
1.503769999999917673e-01
2.180000000000035243e-01
5.620999999999298780e-02
1.617190000000050532e-01
4.009100000000387354e-02
1.078639999999921884e-01
1.817989999999980455e-01
3.597500000000763976e-02
8.577099999999404645e-02
1.376630000000034215e-01
1.690359999999913043e-01
1.492660000000114451e-01
4.383599999999887586e-02
2.542889999999999873e-01
1.427729999999911570e-01
1.925280000000100245e-01
9.968100000000390537e-02
1.447699999999940701e-01
4.967399999999599913e-02
9.444899999999734064e-02
1.615249999999974762e-01
1.177950000000151931e-01
1.534589999999980137e-01
1.445179999999908205e-01
5.773400000001061017e-02
1.278319999999979473e-01
1.137219999999956599e-01
1.452799999999996317e-01
1.557360000000045375e-01
1.387529999999941310e-01
1.418589999999966267e-01
1.494359999999943511e-01
1.361620000000129949e-01
2.090060000000022455e-01
6.589099999999348256e-02
1.671649999999971214e-01
1.573800000000034061e-01
1.879490000000032524e-01
8.086500000000285127e-02
1.635819999999910124e-01
1.566640000000063537e-01
4.296879999999987376e-01
6.072470000000009804e-01
1.701130000000006248e-01
1.365189999999927295e-01
2.749199999999518695e-02
1.261620000000078790e-01
1.070820000000054506e-01
1.929719999999974789e-01
1.666629999999997835e-01
1.160569999999978563e-01
1.281570000000016307e-01
4.704499999999711690e-02
1.158980000000013888e-01
3.332999999999231022e-02
1.284470000000084156e-01
1.276980000000094151e-01
1.172199999999889997e-01
1.791489999999953397e-01
3.222900000001516219e-02
1.247369999999961010e-01
1.346470000000010714e-01
1.360839999999967631e-01
1.628869999999977836e-01
2.523300000000006094e-02
1.358789999999885367e-01
1.300530000000037489e-01
1.266940000000147393e-01
3.541699999999536885e-02
1.255389999999891870e-01
4.304400000000896398e-02
1.292100000000004911e-01
1.122989999999930433e-01
4.286199999999951160e-02
9.022199999999713782e-02
1.613780000000133441e-01
1.675709999999952515e-01
1.199119999999993524e-01
3.253999999999734882e-02
7.545400000000768159e-02
3.090799999999660486e-02
3.253100000000586078e-02
1.406750000000016598e-01
1.679409999999847969e-01
1.279889999999994643e-01
1.135540000000077043e-01
2.798500000000103682e-02
1.308360000000021728e-01
1.679709999999943193e-01
1.346180000000032351e-01
3.102499999999963620e-02
1.026559999999960837e-01
1.657380000000046039e-01
1.578990000000004557e-01
1.329460000000040054e-01
1.294929999999965275e-01
2.539699999999811553e-02
1.311340000000029704e-01
1.755259999999907450e-01
9.321500000000071395e-02
2.945700000000783803e-02
1.301399999999972579e-01
1.379930000000086920e-01
1.659629999999907568e-01
4.684199999999805186e-02
1.015099999999904412e-01
3.545400000001563967e-02
8.982699999999965712e-02
4.167699999999285865e-02
9.680600000000083583e-02
1.957009999999996808e-01
1.154140000000012378e-01
1.149570000000039727e-01
4.789599999999438751e-02
1.284020000000083428e-01
1.599209999999970933e-01
1.401869999999973970e-01
1.087959999999981164e-01
1.567270000000036134e-01
3.715199999999185820e-02
1.421470000000084610e-01
1.549869999999913261e-01
9.806500000000539785e-02
1.760650000000083537e-01
4.699999999999704414e-02
1.111630000000047858e-01
2.638799999999719148e-02
1.072369999999978063e-01
1.148309999999952424e-01
3.062300000000561795e-02
1.368049999999954025e-01
1.874669999999980519e-01
1.232059999999961519e-01
1.150170000000088066e-01
1.733770000000021128e-01
1.702870000000018536e-01
1.056929999999880465e-01
1.382640000000066038e-01
3.087200000000223099e-02
1.114769999999936090e-01
4.663000000000749878e-02
1.054109999999894853e-01
2.995900000000517593e-02
1.243149999999957345e-01
9.506800000001192075e-02
3.268899999999064221e-02
1.662269999999921311e-01
1.636170000000163327e-01
1.062339999999863949e-01
1.549970000000087111e-01
1.570320000000009486e-01
1.155009999999947468e-01
6.627199999999788815e-02
9.837800000001095668e-02
3.421199999999657848e-02
7.970600000000160890e-02
1.969759999999922684e-01
1.605610000000154969e-01
1.225319999999925358e-01
1.275139999999908014e-01
2.732700000001386798e-02
1.339679999999816573e-01
1.572190000000119880e-01
8.293099999998787553e-02
7.157400000001246099e-02
9.621799999999325337e-02
1.002100000000041291e-01
6.948200000000781529e-02
1.294009999999872207e-01
4.807499999999720330e-02
7.136900000000423461e-02
4.398600000000385535e-02
1.105469999999968422e-01
5.899900000000002365e-02
9.851500000000612545e-02
5.553599999998937164e-02
1.051850000000058571e-01
1.489689999999939118e-01
9.946000000000765340e-02
6.624899999999911415e-02
1.130349999999964439e-01
5.131299999999328065e-02
1.001550000000150931e-01
4.120739999999898373e-01
1.330260000000009768e-01
1.296750000000059799e-01
1.468199999999910688e-01
6.848700000000462751e-02
3.832480000000089149e-01
4.602169999999858874e-01
1.238500000000044565e-01
9.067799999999692773e-02
8.883500000000310592e-02
1.117789999999985184e-01
8.887400000000411637e-02
5.780899999999178362e-02
2.697100000001739772e-02
1.044929999999908432e-01
3.812609999999949650e-01
4.777100000001155422e-02
2.040179999999907068e-01
1.227570000000071104e-01
8.546899999998913700e-02
2.305130000000019663e-01
3.464999999999918145e-02
6.999200000001337685e-02
1.770829999999961046e-01
9.780999999999551164e-02
1.959739999999925431e-01
1.190290000000118198e-01
3.602300000000013824e-02
4.342199999999252213e-02
6.706499999999948614e-02
1.381970000000052323e-01
1.440950000000071896e-01
1.340929999999929123e-01
2.767000000000052751e-02
1.219349999999934653e-01
1.363740000000035479e-01
1.111390000000085365e-01
4.157399999999711326e-02
4.084999999999183729e-02
1.410470000000003665e-01
7.060300000000552245e-02
3.396399999999744068e-02
1.328110000000037871e-01
1.469369999999941001e-01
5.118699999999876127e-02
1.201769999999982019e-01
1.721210000000041873e-01
1.031349999999946476e-01
3.650199999999870215e-02
1.364780000000109794e-01
1.365570000000104756e-01
8.525099999998531075e-02
5.461999999999989086e-02
3.338399999999808188e-02
4.266600000001119497e-02
6.289899999998738167e-02
7.370699999999885677e-02
7.309200000000259934e-02
1.332890000000048758e-01
2.847099999999613829e-02
1.121880000000032851e-01
1.439179999999993242e-01
1.425240000000087548e-01
3.193699999999921602e-02
1.575749999999942474e-01
7.234699999999349984e-02
4.240900000000635828e-02
1.144199999999955253e-01
2.596300000000439923e-02
1.340339999999997644e-01
3.709499999999366082e-02
1.550960000000145556e-01
5.795999999999423835e-02
8.279199999999775628e-02
3.302500000000918590e-02
7.815299999998615021e-02
4.803300000000376713e-02
1.385770000000121627e-01
1.788019999999761467e-01
3.187900000001775425e-02
8.729999999999904503e-02
1.161790000000024747e-01
1.865889999999978954e-01
1.746849999999966485e-01
7.161399999999673582e-02
6.351100000000542423e-02
1.078189999999921156e-01
1.703960000000108721e-01
1.678469999999947504e-01
1.282419999999859783e-01
1.301420000000064192e-01
1.537220000000019127e-01
1.246019999999958827e-01
3.468800000000271666e-02
2.866600000000119053e-02
1.057770000000033406e-01
1.219740000000086866e-01
2.748499999998443855e-02
1.428130000000038535e-01
2.745300000000838736e-02
4.615099999999472402e-02
1.088110000000028776e-01
1.163389999999964175e-01
1.489799999999945612e-01
1.445440000000104419e-01
5.888699999999857937e-02
1.136819999999971742e-01
3.173900000000173804e-02
9.400899999999978718e-02
1.253509999999948832e-01
1.632460000000151013e-01
5.787199999998904332e-02
1.212400000000002365e-01
4.310900000000117416e-02
3.945999999999116881e-02
6.401300000000276214e-02
1.020829999999932625e-01
1.877440000000092368e-01
1.299340000000057671e-01
4.259100000000159980e-02
3.230499999999381089e-02
1.165810000000107038e-01
5.033999999999139163e-02
4.114500000000020918e-02
1.242929999999944357e-01
5.788499999999885404e-02
1.519970000000085975e-01
6.824899999999445299e-02
1.693130000000167001e-01
4.411099999998668864e-02
1.430189999999811334e-01
9.953300000000808723e-02
5.200100000000418277e-02
1.028630000000134714e-01
3.749099999998861676e-02
1.190520000000105938e-01
1.483219999999931815e-01
1.903070000000042228e-01
2.742500000000802629e-02
6.871899999998731801e-02
4.332200000000341333e-02
8.570299999999519969e-02
1.788190000000042801e-01
1.506699999999909778e-01
3.921700000000782893e-02
5.694800000000554974e-02
3.771999999999309239e-02
5.104500000000200544e-02
8.014499999998747626e-02
4.830100000000925320e-02
1.085410000000024411e-01
1.955510000000089121e-01
8.943999999998197836e-02
1.425100000000156797e-01
1.763809999999779166e-01
1.570290000000085229e-01
3.418100000000379168e-02
3.511000000001729404e-02
6.287399999999365718e-02
4.916799999999454940e-02
5.861099999998486965e-02
1.495420000000109439e-01
2.544399999999313877e-02
1.982660000000038281e-01
4.098900000001037824e-02
6.162099999998815747e-02
2.946100000001194985e-02
8.043299999998509975e-02
1.637340000000051532e-01
1.718730000000050495e-01
5.824499999999943611e-02
7.264999999999588454e-02
5.213200000000028922e-02
7.787400000000843647e-02
1.402789999999924930e-01
1.790319999999923084e-01
1.037960000000168748e-01
1.080709999999953652e-01
3.448299999998027943e-02
1.666770000000070695e-01
1.630490000000008877e-01
9.090100000000234104e-02
3.767599999999049487e-02
1.240110000000100854e-01
1.590290000000038617e-01
1.647219999999975926e-01
1.172820000000172058e-01
8.265199999999595093e-02
6.885399999998753628e-02
1.173000000000001819e-01
3.012999999999976808e-02
2.854399999999657211e-02
3.665700000000526870e-02
4.095900000000085583e-02
3.800699999999324064e-02
3.621700000000771524e-02
4.832600000000297769e-02
1.137719999999973197e-01
3.735900000000924592e-02
7.088899999999398460e-02
1.390049999999973807e-01
1.683979999999962729e-01
4.056299999999168904e-02
5.649800000000482214e-02
2.881000000000710770e-02
4.781499999998573003e-02
8.556500000001676653e-02
3.747800000000722775e-02
1.067909999999869797e-01
1.658469999999994116e-01
3.431300000001158423e-02
9.769599999999911688e-02
1.407829999999847814e-01
1.375950000000187856e-01
5.759899999999618103e-02
1.091030000000046130e-01
1.577729999999917254e-01
1.191069999999854190e-01
1.652760000000057516e-01
1.468059999999979937e-01
7.003900000002261095e-02
1.067029999999675738e-01
7.702400000000864111e-02
4.139300000001355784e-02
1.577629999999885513e-01
1.000050000000101136e-01
5.912599999999201827e-02
1.314670000000006667e-01
1.194160000000152877e-01
1.334849999999789816e-01
3.980400000000372529e-02
1.376980000000003201e-01
1.235580000000027212e-01
3.035600000001181797e-02
9.871899999998845487e-02
1.334119999999927586e-01
3.978800000001569970e-02
1.704619999999863467e-01
7.722000000001116859e-02
1.827719999999999345e-01
1.483679999999907295e-01
1.577419999999989386e-01
2.798130000000043083e-01
1.598300000000136833e-01
1.752779999999773963e-01
3.728300000000217551e-02
7.143700000001729222e-02
1.469869999999815491e-01
1.617580000000060636e-01
1.887540000000029750e-01
1.238800000000139789e-01
1.379359999999820729e-01
7.823200000001406806e-02
7.273599999997770738e-02
1.569690000000178998e-01
1.614559999999869433e-01
8.004200000002015258e-02
3.825599999997564282e-02
1.149730000000204200e-01
5.054400000000214277e-02
1.042239999999878819e-01
6.803000000000736236e-02
1.364949999999964803e-01
8.991299999999569081e-02
3.628000000000497494e-02
1.343070000000068376e-01
4.184199999998838848e-02
1.563989999999932934e-01
2.670200000000022555e-02
9.051999999999793545e-02
1.504030000000113887e-01
1.616959999999920683e-01
1.269709999999975025e-01
4.125200000000006639e-02
1.089860000000157925e-01
1.473999999999904276e-01
1.586409999999887077e-01
1.656580000000076325e-01
1.200379999999938718e-01
1.413370000000071514e-01
4.280700000001047556e-02
1.204280000000039763e-01
1.680839999999790280e-01
1.541340000000133159e-01
1.201090000000135660e-01
3.455199999997660143e-02
1.294640000000129021e-01
1.700389999999885049e-01
1.123029999999971551e-01
1.394150000000138334e-01
1.533010000000132322e-01
1.847709999999835873e-01
1.032369999999929178e-01
1.498070000000097934e-01
1.512280000000032487e-01
1.848929999999882057e-01
4.796500000001913122e-02
6.976199999998300427e-02
1.209709999999972752e-01
1.213350000000161799e-01
4.917599999998856219e-02
1.581560000000052923e-01
1.792490000000128703e-01
6.853799999997534087e-02
3.939300000000400814e-02
1.295680000000061227e-01
1.212149999999923011e-01
4.938300000000594991e-02
1.342020000000019309e-01
4.112000000000648470e-02
1.007560000000040645e-01
1.423079999999856682e-01
3.037599999998974454e-02
1.034750000000030923e-01
5.587300000000539058e-02
1.103959999999943875e-01
1.510070000000069967e-01
1.154380000000116979e-01
1.937069999999749825e-01
3.345500000001777607e-02
6.454899999998531257e-02
2.903300000001252101e-02
1.275429999999886377e-01
1.790780000000040673e-01
1.329030000000130940e-01
2.873200000000508680e-02
1.413289999999705060e-01
9.214700000002551405e-02
3.392200000000400451e-02
1.626629999999806842e-01
1.548140000000159944e-01
1.341460000000012087e-01
1.337119999999885067e-01
1.701170000000047366e-01
1.605339999999841893e-01
1.152120000000138589e-01
1.443339999999864176e-01
1.321780000000103428e-01
3.002099999999074953e-02
1.551370000000105165e-01
1.266200000000026193e-01
1.261800000000050659e-01
1.779520000000047730e-01
1.503399999999714964e-01
1.343510000000094351e-01
1.117840000000001055e-01
1.623580000000117707e-01
3.754200000000196269e-02
1.411009999999919273e-01
1.196010000000171658e-01
1.435419999999680840e-01
1.675410000000283617e-01
1.707849999999950796e-01
8.744199999998159001e-02
2.772100000001387343e-02
1.185949999999991178e-01
1.683780000000183463e-01
1.678729999999859501e-01
8.258899999998448038e-02
6.244000000000937689e-02
1.189569999999946504e-01
1.331209999999884985e-01
3.108000000000288310e-02
1.532229999999970005e-01
1.554930000000354084e-01
1.219250000000045020e-01
1.507189999999809515e-01
1.262550000000146611e-01
4.146899999997799569e-02
1.274070000000051550e-01
1.333620000000053096e-01
1.354739999999878819e-01
2.526100000000042201e-02
1.732770000000130040e-01
1.127789999999890824e-01
1.287519999999915399e-01
1.397910000000024411e-01
1.947490000000016153e-01
6.067300000000841464e-02
4.678000000001247827e-02
3.611499999999523425e-02
9.009399999999345710e-02
1.579719999999724678e-01
1.834150000000249747e-01
1.557249999999896772e-01
8.897100000001501030e-02
2.695099999999683860e-02
1.430129999999962820e-01
1.386150000000156979e-01
4.751099999998587009e-02
1.184890000000109467e-01
1.203069999999968331e-01
1.619919999999979154e-01
1.633350000000177715e-01
3.048899999998866406e-02
5.673099999998498788e-02
3.893999999999664396e-02
1.412750000000073669e-01
1.581439999999929569e-01
1.676440000000241071e-01
1.524229999999988650e-01
9.869399999999473039e-02
1.447059999999851243e-01
1.775710000000003674e-01
1.559939999999926385e-01
8.674899999999752254e-02
3.237400000000434375e-02
1.639380000000301152e-01
1.625990000000001601e-01
1.017969999999763786e-01
1.553949999999986176e-01
1.512150000000076489e-01
1.772749999999803094e-01
1.282070000000032906e-01
1.253150000000289310e-01
1.304309999999873071e-01
1.981449999999824740e-01
1.251850000000160890e-01
1.026190000000042346e-01
1.786400000000014643e-01
1.855260000000100717e-01
1.427909999999883439e-01
1.016600000000096315e-01
1.582499999999811280e-01
1.693220000000223990e-01
1.204219999999907031e-01
1.337609999999926913e-01
1.561260000000004311e-01
1.753140000000144028e-01
9.526099999996517909e-02
1.550830000000189557e-01
1.339370000000030814e-01
1.831239999999922929e-01
1.338480000000004111e-01
1.284339999999986048e-01
1.469400000000007367e-01
1.647440000000131022e-01
1.448870000000113123e-01
1.382239999999796964e-01
1.508340000000032433e-01
1.884090000000071541e-01
5.392399999999497595e-02
5.462399999998979183e-02
1.280899999999860484e-01
1.300130000000194741e-01
3.485600000001909393e-02
1.711509999999805132e-01
9.792999999999096872e-02
1.454920000000186064e-01
1.129109999999968750e-01
4.318699999998898420e-02
4.225500000001147782e-02
8.995999999999071406e-02
4.198600000000851651e-02
1.146229999999945903e-01
1.020770000000084110e-01
2.553999999997813575e-02
1.674460000000124182e-01
1.506439999999997781e-01
4.901300000000219370e-02
1.084189999999978227e-01
9.274399999998195199e-02
2.993500000002313755e-02
1.434419999999931861e-01
1.247690000000147847e-01
3.541499999997199666e-02
1.372000000000070941e-01
6.077899999999658576e-02
5.396500000000514774e-02
1.375820000000089749e-01
4.004299999999716420e-02
5.446399999999584907e-02
8.261899999999400279e-02
1.105020000000251912e-01
2.776979999999866777e-01
7.706199999998375461e-02
3.588310000000092259e-01
3.002650000000244290e-01
6.348799999997822852e-02
1.099199999999882493e-01
1.270530000000178461e-01
1.609870000000057644e-01
1.583909999999946194e-01
1.117909999999824322e-01
1.396680000000287691e-01
1.595919999999750871e-01
1.682820000000049276e-01
6.460999999998762178e-02
4.243500000001176886e-02
1.213010000000167565e-01
1.628909999999734737e-01
1.675060000000030414e-01
1.166560000000060882e-01
1.346069999999883748e-01
1.414220000000341315e-01
2.825199999998062594e-02
1.033749999999997726e-01
4.293799999999237116e-02
1.176330000000120890e-01
4.310399999999958709e-02
1.073210000000131004e-01
1.632649999999955526e-01
1.257999999999981355e-01
3.309899999999288411e-02
3.826899999998545354e-02
7.996100000002570596e-02
1.072570000000041546e-01
1.704659999999762476e-01
1.630340000000103373e-01
9.772899999998685416e-02
1.437940000000139662e-01
3.032099999998649764e-02
1.222620000000063101e-01
1.606260000000077071e-01
8.174799999997617306e-02
3.412000000002990419e-02
1.404159999999876618e-01
1.498149999999895954e-01
1.489260000000172113e-01
1.235319999999830998e-01
1.380840000000205237e-01
3.703599999997209125e-02
1.052510000000097534e-01
1.657930000000078508e-01
1.233160000000168566e-01
3.162199999999870670e-02
1.242069999999841912e-01
1.389990000000125292e-01
1.466159999999945285e-01
1.305919999999787251e-01
1.544970000000205346e-01
1.243920000000002801e-01
1.587719999999990250e-01
2.892800000000761429e-02
1.045359999999675438e-01
1.376910000000179934e-01
1.577560000000062246e-01
1.466499999999939519e-01
1.279240000000072541e-01
5.266599999998788917e-02
7.446699999999850661e-02
1.199719999999899755e-01
3.017700000000900218e-02
2.554900000001225635e-02
1.227960000000223317e-01
1.465499999999906322e-01
1.373729999999966367e-01
1.168069999999943320e-01
6.449100000000385080e-02
1.189770000000009986e-01
6.273299999998016574e-02
5.150800000001254375e-02
1.311739999999872452e-01
1.488650000000006912e-01
1.847290000000043619e-01
9.830099999999220017e-02
1.139239999999972497e-01
3.840200000001914304e-02
1.272299999999972897e-01
4.873600000001943044e-02
1.373879999999871870e-01
6.505099999998265048e-02
4.263900000000830914e-02
1.149020000000007258e-01
4.114200000000778346e-02
1.130349999999964439e-01
1.664439999999842712e-01
1.335750000000075488e-01
1.354160000000206310e-01
1.362489999999922929e-01
1.684060000000044965e-01
1.240149999999857755e-01
1.354249999999979082e-01
1.560840000000212058e-01
1.575540000000046348e-01
8.852499999997576197e-02
4.031399999999507600e-02
1.160720000000026175e-01
2.523200000001679655e-02
1.156099999999753436e-01
2.542200000002026172e-02
5.959099999998329622e-02
9.623300000001222543e-02
4.102199999999811553e-02
3.622400000000425280e-02
1.377859999999770935e-01
2.771700000002397246e-02
2.869099999998070416e-02
1.023360000000366199e-01
5.221099999997136365e-02
1.127140000000110831e-01
1.087220000000002074e-01
4.782499999998890416e-02
1.167760000000157561e-01
1.419599999999832107e-01
3.787199999999302236e-02
1.446630000000084237e-01
7.420700000000124419e-02
5.114100000000121327e-02
1.242340000000012878e-01
2.747400000001221088e-02
1.224159999999869797e-01
3.481499999998050043e-02
1.103400000000362979e-01
8.590599999996584302e-02
6.642899999999940519e-02
1.151370000000326854e-01
1.429119999999670654e-01
1.668590000000165219e-01
1.156860000000108357e-01
1.344259999999906086e-01
3.823299999999107968e-02
1.040020000000083655e-01
3.208800000001588160e-02
1.332769999999925403e-01
1.275509999999826505e-01
1.331059999999979482e-01
1.283740000000079817e-01
1.712699999999927059e-01
8.670000000000754881e-02
8.604900000000270666e-02
8.408099999999762986e-02
1.095210000000008677e-01
2.639700000000289037e-02
6.261900000001219269e-02
1.010159999999871161e-01
8.320700000001579610e-02
2.854299999998488602e-02
6.141900000000077853e-02
8.818299999998657768e-02
1.349050000000033833e-01
2.734399999999936881e-02
1.333630000000312066e-01
1.190529999999796473e-01
3.041099999998664316e-02
3.377800000001229819e-02
9.530399999999872307e-02
1.087200000000052569e-01
1.628429999999809752e-01
2.702300000001400804e-02
1.171910000000195851e-01
2.973199999996722909e-02
1.289700000000095770e-01
1.250990000000058444e-01
1.814049999999838292e-01
8.877000000001089575e-02
3.132500000000959517e-02
1.374930000000063046e-01
1.159469999999771517e-01
2.974000000000387445e-02
1.410549999999943793e-01
1.068010000000185755e-01
3.038799999998786916e-02
1.282569999999907395e-01
1.457809999999994943e-01
1.466670000000078744e-01
1.266779999999982920e-01
1.364710000000286527e-01
1.395839999999850534e-01
1.642349999999908050e-01
1.189540000000022246e-01
1.433079999999904430e-01
1.352250000000196906e-01
1.602369999999950778e-01
1.165949999999895681e-01
1.440730000000201017e-01
1.095459999999945921e-01
4.800299999999424472e-02
1.851800000000025648e-01
5.807300000000736873e-02
1.610579999999970369e-01
1.313799999999787360e-01
8.363900000000512591e-02
9.230400000001282024e-02
1.186620000000004893e-01
1.464709999999911361e-01
1.291740000000061173e-01
1.654719999999940683e-01
2.600599999999531065e-02
1.112160000000130822e-01
1.443490000000053897e-01
1.293939999999906831e-01
1.700390000000027158e-01
1.129379999999855499e-01
4.989500000002067281e-02
8.448500000000080945e-02
5.385699999996518272e-02
1.073700000000314958e-01
1.544700000000034379e-01
1.255290000000002237e-01
1.612679999999784286e-01
1.099520000000211439e-01
1.440289999999890824e-01
3.646000000000526597e-02
1.097779999999772826e-01
1.144370000000378695e-01
1.188609999999812317e-01
3.927899999999340253e-02
1.631209999999896354e-01
1.171440000000245618e-01
2.505999999999630745e-02
1.344080000000076325e-01
1.201619999999934407e-01
1.683879999999930988e-01
5.286099999997873056e-02
7.722200000000611908e-02
1.093690000000151485e-01
3.996200000000271757e-02
1.199809999999956744e-01
1.678159999999877527e-01
4.225700000000642831e-02
9.784500000000662112e-02
8.625100000000429645e-02
3.860199999999736065e-02
1.398939999999981865e-01
1.741670000000112850e-01
6.220999999999321517e-02
5.104699999998274507e-02
1.213340000000187047e-01
1.709749999999985448e-01
1.406390000000214968e-01
8.809799999997380837e-02
4.088500000000294676e-02
1.468810000000075888e-01
1.121259999999892898e-01
4.236800000001039734e-02
1.162339999999915108e-01
3.939600000001064473e-02
7.643999999999095962e-02
1.624979999999993652e-01
1.067850000000021282e-01
3.446799999997551822e-02
1.611950000000206273e-01
8.906899999999495776e-02
1.449500000000227828e-01
1.578789999999798965e-01
1.605539999999905376e-01
1.006370000000060827e-01
1.503620000000296386e-01
1.044259999999610500e-01
3.892500000000609361e-02
1.394630000000063319e-01
2.631999999999834472e-02
1.032759999999939282e-01
1.458580000000040400e-01
1.420930000000169002e-01
2.978699999999889769e-02
1.189009999999939282e-01
1.263029999999787378e-01
5.529900000001930493e-02
7.627200000001721492e-02
1.161929999999813390e-01
3.009299999999370812e-02
1.459380000000294331e-01
3.309299999997961095e-02
8.147900000000163345e-02
2.927299999998922431e-02
1.098369999999988522e-01
1.543010000000037962e-01
1.140680000000031669e-01
1.566630000000088785e-01
1.328379999999924621e-01
1.353560000000015862e-01
1.632840000000044256e-01
1.287309999999877164e-01
2.970400000000950058e-02
1.013450000000091222e-01
1.507560000000012224e-01
1.416849999999953980e-01
1.351949999999817464e-01
1.303279999999915617e-01
1.469610000000329819e-01
1.493399999999951433e-01
2.836600000000544242e-02
7.265299999997409941e-02
1.585450000000321324e-01
1.378809999999646152e-01
1.407350000000064938e-01
1.022140000000035798e-01
3.778800000000615000e-02
2.843400000000428918e-02
1.057769999999891297e-01
8.728700000000344517e-02
4.474999999999340616e-02
3.643600000000901673e-02
1.041549999999915599e-01
5.748800000000642285e-02
3.616199999999025749e-02
6.894100000002367779e-02
1.094349999999906231e-01
4.210499999999228748e-02
5.232900000001450280e-02
6.935400000000413456e-02
1.223049999999830106e-01
1.088459999999997763e-01
4.739900000001284752e-02
3.243799999998486783e-02
9.177800000000502223e-02
1.013769999999851734e-01
4.922700000000190812e-02
1.376460000000179207e-01
8.477800000000002001e-02
8.903599999999300962e-02
7.986700000000723776e-02
5.231299999999805550e-02
5.722799999998073872e-02
7.630199999999831562e-02
9.566000000000940418e-02
3.575300000002812340e-02
9.627299999999650026e-02
3.752799999998046587e-02
9.952300000000491309e-02
1.219619999999963511e-01
7.805400000000872751e-02
1.070860000000095624e-01
1.042099999999663851e-01
1.767980000000193286e-01
1.189320000000009259e-01
1.442889999999863448e-01
2.703300000001718217e-02
9.669900000000097862e-02
1.373949999999695137e-01
1.526470000000017535e-01
1.844660000000146738e-01
8.585300000001439003e-02
5.097499999999399733e-02
8.860000000001377884e-02
1.458149999999704960e-01
1.640030000000081145e-01
1.096019999999953143e-01
1.592340000000262989e-01
1.058129999999835036e-01
2.876899999998272506e-02
1.472480000000189193e-01
3.020300000000020191e-02
1.144099999999923511e-01
1.024620000000027176e-01
1.823249999999916326e-01
1.737980000000050040e-01
5.576100000001815715e-02
1.814749999999776264e-01
1.229820000000074742e-01
2.852800000002275738e-02
1.707239999999785596e-01
4.646299999998859676e-02
4.358900000002563502e-02
1.523649999999747706e-01
1.389040000000250075e-01
2.626999999998247404e-02
1.200000000000045475e-01
4.002900000000408909e-02
8.786699999998859312e-02
1.498510000000123910e-01
1.221630000000004657e-01
1.554219999999872925e-01
4.035300000001029730e-02
9.872699999999667853e-02
1.360999999999989996e-01
1.515170000000125583e-01
1.732949999999959800e-01
1.179309999999986758e-01
1.439269999999908123e-01
1.292470000000207619e-01
1.797139999999899374e-01
1.075559999999882166e-01
1.457699999999988449e-01
1.450529999999901065e-01
1.590320000000247092e-01
8.263399999998455314e-02
2.658800000000383079e-02
6.225900000001161061e-02
8.277599999999551983e-02
1.126079999999944903e-01
4.538700000000517321e-02
1.193540000000155032e-01
5.237799999997605482e-02
1.097749999999848569e-01
1.216420000000368873e-01
1.329399999999907322e-01
1.493649999999888678e-01
4.209800000000996079e-02
8.975000000000932232e-02
1.420719999999846550e-01
1.485089999999900101e-01
1.315850000000011732e-01
5.347500000002014531e-02
8.398600000001010812e-02
1.314029999999775100e-01
3.324399999999627653e-02
8.680000000001086846e-02
4.243499999998334715e-02
2.706600000001913031e-02
1.055989999999837892e-01
1.263409999999964839e-01
1.453070000000025175e-01
1.180320000000278924e-01
4.087999999995872713e-02
1.299270000000092296e-01
3.254000000001155968e-02
4.134200000001442277e-02
5.803299999999467218e-02
1.203309999999930824e-01
1.879440000000158761e-01
1.629979999999875417e-01
7.896499999998241037e-02
1.563260000000070704e-01
1.442120000000102209e-01
2.009779999999921074e-01
7.423099999999749343e-02
1.504189999999994143e-01
1.398330000000100881e-01
2.860300000000393084e-02
1.411949999999819738e-01
1.057880000000182008e-01
1.613319999999873744e-01
1.076520000000016353e-01
1.656560000000126820e-01
3.681100000000014916e-02
1.020129999999994652e-01
1.479589999999859629e-01
1.420139999999889824e-01
1.562760000000196214e-01
1.282809999999869888e-01
1.309219999999982065e-01
1.459250000000054115e-01
1.581779999999923803e-01
1.266760000000033415e-01
4.068300000002977868e-02
7.783399999996731822e-02
1.696939999999926840e-01
1.090890000000115378e-01
5.254500000000916771e-02
1.025080000000002656e-01
1.648419999999930496e-01
1.140670000000056916e-01
1.474469999999996617e-01
3.097099999999386455e-02
1.249870000000044001e-01
5.227500000000873115e-02
8.509399999996958286e-02
1.271730000000275140e-01
7.583099999999376450e-02
8.619000000001619810e-02
1.164990000000045711e-01
3.939799999997717350e-02
1.215389999999842985e-01
1.298450000000173077e-01
1.571360000000083801e-01
9.823000000000092768e-02
2.530200000001059379e-02
1.311209999999789488e-01
2.874150000000099681e-01
2.885899999998287058e-02
1.172170000000107848e-01
1.602440000000058262e-01
1.037279999999896063e-01
6.152699999998390012e-02
1.387320000000329401e-01
1.269340000000056534e-01
1.150849999999650208e-01
1.462270000000103209e-01
3.407799999999383544e-02
1.456290000000137752e-01
5.750399999999444844e-02
6.915100000000506952e-02
1.258290000000101827e-01
1.501799999999775537e-01
1.728670000000249729e-01
6.134499999998865860e-02
4.382300000000327600e-02
1.290629999999737265e-01
1.465440000000342025e-01
1.267319999999756419e-01
6.411200000002281740e-02
6.482499999998481144e-02
1.734540000000208693e-01
6.620499999999651664e-02
7.774099999997474697e-02
1.123080000000129530e-01
8.091600000000198634e-02
7.659599999999500142e-02
3.273000000001502485e-02
1.074449999999842476e-01
1.646350000000040836e-01
2.679800000001364424e-02
1.446949999999844749e-01
1.037300000000129785e-01
1.570109999999829142e-01
1.151779999999860138e-01
4.956800000002203888e-02
1.435879999999940537e-01
1.028269999999906759e-01
1.606000000000165073e-01
1.314580000000091786e-01
1.540719999999851098e-01
1.354190000000130567e-01
1.573459999999897718e-01
3.471100000001570152e-02
1.046979999999848587e-01
1.197389999999813881e-01
3.828300000000695036e-02
5.028599999999983083e-02
8.904600000002460547e-02
1.422519999999849460e-01
1.511879999999905522e-01
2.980200000001786975e-02
1.332539999999937663e-01
1.124379999999973734e-01
1.214439999999967768e-01
1.534690000000011878e-01
6.848600000000715227e-02
7.767099999998094972e-02
1.190410000000099444e-01
3.157300000000873297e-02
1.296460000000081436e-01
1.259639999999819793e-01
7.740400000000136060e-02
6.996000000000890395e-02
1.352409999999792944e-01
3.671400000001767694e-02
2.647699999999986176e-02
1.162950000000080308e-01
9.972999999999387910e-02
3.804400000001351145e-02
1.165929999999661959e-01
3.166600000002972592e-02
2.578199999999242209e-02
1.240269999999839001e-01
1.214640000000315467e-01
7.774599999999054489e-02
7.831099999998514249e-02
1.514349999999922147e-01
1.350950000000068485e-01
4.618700000000330874e-02
9.150699999997868872e-02
4.837600000001884837e-02
8.760300000000142973e-02
2.578800000000569526e-02
1.035549999999716420e-01
2.588800000003743662e-02
1.095959999999820411e-01
3.774300000000607724e-02
4.016599999999925785e-02
7.631799999998634121e-02
1.401040000000079999e-01
1.462010000000191212e-01
2.405809999999917181e-01
4.301799999998934254e-02
3.837300000000709588e-02
4.395700000000601904e-02
7.911299999997822852e-02
1.311740000000156670e-01
6.043400000001497574e-02
8.289499999997929081e-02
1.486370000000079017e-01
1.431970000000148957e-01
1.829659999999933007e-01
1.183289999999885822e-01
1.477950000000021191e-01
1.264050000000054297e-01
1.292760000000043874e-01
4.950499999998214662e-02
6.677400000000943692e-02
5.799199999998450039e-02
4.504099999999766624e-02
6.076700000002688284e-02
2.569499999998470230e-02
1.211160000000006676e-01
3.510199999999485954e-02
1.478170000000034179e-01
1.516359999999963293e-01
1.127540000000237796e-01
2.841299999997204395e-02
1.026260000000149830e-01
3.298300000000153887e-02
5.099299999997697341e-02
1.076900000000193813e-01
5.095400000001859553e-02
7.972599999996532461e-02
1.027690000000234249e-01
4.591800000000034743e-02
1.209800000000029740e-01
2.906899999999268402e-02
7.028400000001511216e-02
6.881699999996726547e-02
2.855700000000638283e-02
6.067400000000588989e-02
5.017000000000848559e-02
1.292860000000075615e-01
1.236369999999737956e-01
8.297100000001478293e-02
8.625499999999419742e-02
2.734100000000694308e-02
5.524299999999016109e-02
4.592800000000352156e-02
3.935899999999037391e-02
7.874300000000289401e-02
3.175809999999898992e-01
1.336699999999950705e-01
1.485120000000108575e-01
1.519530000000202108e-01
1.405209999999783577e-01
1.534919999999999618e-01
1.173590000000217515e-01
1.608169999999802258e-01
1.664940000000001419e-01
1.274200000000291766e-01
1.286499999999932697e-01
1.274999999999977263e-01
1.841109999999730462e-01
1.225170000000161963e-01
3.083300000000122054e-02
7.638900000000603541e-02
1.573609999999803222e-01
1.410240000000442251e-01
5.805299999997259874e-02
1.268209999999783122e-01
8.671000000001072294e-02
4.284800000002064735e-02
1.178620000000023538e-01
2.202149999999960528e-01
6.709399999999732245e-02
3.471200000001317676e-02
1.309299999999780084e-01
1.411180000000058499e-01
2.580800000001204353e-02
1.116330000000118616e-01
3.946899999999686770e-02
8.378899999996747283e-02
5.072099999998158637e-02
1.062940000000480723e-01
1.660349999999652937e-01
1.841700000000230375e-01
8.522599999997737541e-02
1.543820000000266646e-01
1.678439999999739030e-01
1.783930000000282234e-01
1.239889999999661541e-01
1.172740000000374039e-01
1.713069999999561333e-01
1.744310000000268701e-01
1.144859999999709999e-01
1.285050000000467207e-01
1.593919999999684478e-01
1.479230000000200107e-01
2.594599999997626583e-02
1.063939999999945485e-01
1.324760000000253513e-01
1.417500000000018190e-01
1.824219999999741049e-01
5.208200000004126196e-02
7.637899999994601785e-02
1.209520000000168238e-01
1.517920000000287928e-01
1.529099999999630199e-01
3.614100000001485569e-02
1.496309999999994034e-01
1.018120000000237724e-01
1.489089999999748670e-01
9.876499999998600288e-02
8.171699999999759711e-02
1.312830000000246855e-01
1.251100000000064938e-01
1.057020000000079563e-01
5.822599999996214137e-02
1.357920000000376604e-01
1.164919999999938227e-01
1.470350000000166801e-01
9.278399999996622682e-02
6.216600000001903936e-02
1.750369999999747961e-01
5.529500000002940396e-02
5.295499999996877705e-02
8.773700000000417276e-02
4.750699999999596912e-02
1.242620000000158598e-01
3.886699999998199928e-02
1.063610000000210221e-01
6.531100000000833461e-02
1.237859999999670890e-01
8.620300000004021967e-02
4.538799999997422674e-02
1.427460000000166929e-01
1.544350000000065393e-01
1.390819999999735046e-01
1.281000000000176442e-01
1.644430000000056680e-01
1.699049999999715510e-01
1.143340000000421242e-01
2.504699999997228588e-02
1.081609999999955107e-01
1.432280000000218934e-01
1.661369999999919855e-01
1.184039999999697557e-01
3.118100000000367800e-02
1.020350000000007640e-01
1.518620000000225900e-01
1.738349999999968531e-01
1.337839999999914653e-01
1.118510000000298987e-01
1.632149999999796819e-01
1.817589999999995598e-01
9.669300000001612716e-02
1.411060000000077252e-01
1.534119999999461470e-01
1.224610000000438959e-01
4.680099999998788007e-02
1.015539999999930387e-01
1.499140000000238615e-01
1.391229999999836764e-01
1.629659999999830688e-01
1.366970000000264918e-01
1.336890000000039436e-01
1.597020000000100026e-01
1.588459999999827232e-01
1.451849999999978991e-01
9.995399999996834595e-02
1.650840000000357577e-01
1.682849999999973534e-01
3.612999999998578460e-02
9.641800000002831439e-02
4.677999999998405656e-02
9.278700000001549597e-02
1.375669999999900028e-01
1.916559999999947195e-01
9.400299999998651401e-02
1.529830000000060863e-01
1.398709999999994125e-01
1.738669999999729043e-01
1.202390000000264081e-01
1.027109999999709089e-01
3.093700000002286288e-02
1.620750000000157343e-01
1.306490000000053442e-01
4.072199999998815656e-02
1.291109999999662250e-01
7.792000000003440618e-02
3.316399999999930515e-02
1.222679999999911615e-01
5.587400000001707667e-02
7.169700000000034379e-02
6.986299999999801003e-02
1.198290000000099553e-01
1.108609999999714546e-01
3.497100000001296394e-02
1.384180000000014843e-01
1.491709999999955016e-01
3.271499999999605279e-02
3.674009999999725551e-01
5.927100000005225411e-02
3.487480000000005020e-01
4.139899999998419844e-02
2.880589999999756401e-01
4.162740000000155760e-01
1.876819999999952415e-01
1.108590000000333475e-01
1.322989999999606425e-01
1.207740000000399050e-01
3.538499999996247425e-02
1.494910000000118089e-01
4.381499999999505235e-02
8.371300000001724584e-02
2.655579999999702068e-01
1.760999999999910415e-01
1.176690000000633063e-01
1.415069999999616357e-01
1.558709999999905449e-01
1.548860000000047421e-01
1.349360000000388027e-01
2.674299999995355392e-02
1.032150000000058299e-01
1.279639999999915290e-01
2.554600000001983062e-02
1.574930000000165364e-01
1.241659999999455977e-01
1.320490000000233977e-01
1.340020000000095024e-01
3.207399999996596307e-02
1.251350000000286400e-01
1.540169999999818629e-01
1.369600000000161799e-01
1.299220000000218533e-01
1.385719999999821539e-01
1.452780000000188920e-01
1.295509999999637785e-01
1.879490000000316741e-01
1.277230000000031396e-01
1.385270000000105028e-01
1.055100000000095406e-01
2.759699999995746111e-02
1.393740000000320833e-01
1.713299999999833290e-01
1.252649999999846386e-01
1.282939999999825886e-01
1.570980000000190557e-01
1.482860000000130185e-01
1.322429999999883421e-01
1.404260000000192576e-01
1.417529999999658230e-01
1.561410000000194032e-01
1.412520000000085929e-01
1.291750000000035925e-01
1.612769999999841275e-01
1.491469999999992524e-01
1.226869999999848915e-01
1.434040000000038617e-01
1.752859999999998308e-01
1.316910000000177661e-01
1.297010000000113905e-01
1.408199999999908414e-01
1.547269999999798529e-01
4.456800000002658635e-02
8.177499999999326974e-02
1.382429999999885695e-01
4.010500000001115950e-02
2.397830000000169548e-01
5.484299999997688246e-02
1.294560000000046784e-01
2.438300000000310774e-01
5.738699999994878453e-02
1.608510000000364926e-01
1.150079999999888969e-01
2.753259999999784213e-01
1.367690000000152395e-01
1.885919999999714491e-01
1.029080000000135442e-01
1.507310000000074979e-01
1.145890000000235887e-01
3.168399999998428029e-02
1.958589999999844622e-01
9.512699999999085776e-02
2.981490000000235341e-01
1.534089999999821430e-01
1.268590000000529017e-01
1.172349999999369174e-01
1.792490000000270811e-01
4.520200000001750595e-02
1.104209999999739011e-01
1.391890000000159944e-01
1.277449999999760166e-01
1.564680000000180371e-01
1.407230000000083692e-01
1.470989999999687825e-01
1.317530000000317614e-01
1.470379999999806842e-01
1.660490000000152122e-01
1.295239999999751035e-01
2.750149999999962347e-01
1.375110000000461241e-01
2.763100000001372791e-02
1.127039999999510655e-01
1.291910000000200398e-01
1.691919999999811353e-01
1.488050000000384898e-01
4.167399999997201121e-02
9.139100000001576518e-02
1.307749999999998636e-01
3.875699999997550549e-02
1.176499999999975898e-01
1.599310000000002674e-01
1.278480000000001837e-01
1.451340000000413966e-01
1.226359999999715455e-01
2.559499999998138264e-02
1.540750000000059572e-01
1.249910000000227228e-01
2.820470000000057098e-01
1.436730000000068230e-01
1.222869999999716129e-01
4.081700000003252171e-02
1.069129999999915981e-01
5.500599999999167267e-02
1.098900000000071486e-01
1.492619999999931224e-01
1.443179999999699703e-01
1.242120000000284108e-01
3.143700000001103945e-02
7.559799999998517706e-02
4.578599999999255488e-02
1.472019999999929496e-01
1.416140000000041255e-01
1.247610000000065611e-01
1.487500000000068212e-01
1.581889999999930296e-01
1.349799999999845568e-01
1.351820000000429900e-01
1.406509999999627780e-01
1.555790000000172313e-01
3.201699999999618740e-02
9.742400000001794069e-02
1.399619999999686115e-01
1.539280000000076143e-01
1.532630000000096970e-01
1.628079999999840766e-01
1.019350000000258660e-01
2.565599999999790271e-02
1.254500000000007276e-01
3.170999999997548002e-02
1.304740000000208511e-01
1.374099999999884858e-01
1.281870000000253640e-01
1.733749999999929514e-01
1.541329999999732081e-01
1.115100000000097680e-01
1.533550000000047930e-01
1.368389999999806150e-01
1.348220000000139862e-01
2.855299999998806015e-02
1.006780000000162545e-01
5.215600000002496017e-02
9.238299999995547296e-02
1.372580000000027667e-01
2.794599999998581552e-02
1.501970000000198979e-01
1.341850000000306409e-01
1.264759999999682805e-01
1.507320000000333948e-01
1.467710000000010950e-01
4.378999999997290615e-02
9.404499999996573933e-02
1.199150000000486216e-01
1.640099999999620195e-01
1.330530000000180735e-01
1.379859999999837328e-01
1.619310000000098171e-01
1.181400000000110140e-01
1.403820000000166601e-01
1.285770000000070468e-01
1.252819999999701395e-01
1.641930000000400014e-01
4.097499999997467057e-02
1.144639999999697011e-01
1.436790000000200962e-01
1.289270000000044547e-01
1.459899999999834108e-01
1.458450000000084401e-01
1.363239999999734664e-01
1.432910000000333639e-01
1.416849999999953980e-01
1.865520000000060463e-01
5.981699999998113526e-02
4.892300000000204818e-02
1.374240000000384043e-01
1.360029999999596839e-01
1.465330000000335531e-01
1.338239999999757401e-01
1.454139999999881638e-01
1.040360000000077889e-01
4.773299999999380816e-02
1.566880000000310247e-01
1.132539999999551128e-01
1.392280000000312157e-01
4.486499999998727617e-02
1.166299999999864667e-01
1.472249999999917236e-01
1.378420000000630807e-01
1.301779999999723714e-01
1.385600000000124510e-01
1.672419999999874562e-01
5.935999999999808097e-02
5.583199999998100793e-02
1.442750000000216914e-01
1.318180000000097607e-01
1.575029999999628672e-01
7.309800000001587250e-02
4.829199999997513260e-02
1.254370000000335494e-01
1.728439999999977772e-01
1.240260000000148466e-01
5.124499999996601218e-02
3.323299999999562715e-02
1.117810000000076798e-01
1.106859999999869615e-01
1.730750000000114142e-01
1.154290000000059990e-01
1.463110000000256150e-01
9.532500000000254659e-02
4.134799999999927422e-02
1.396959999999864976e-01
5.202599999998369640e-02
1.071689999999989595e-01
1.111559999999940374e-01
2.703800000000455839e-02
1.404430000000047585e-01
1.040250000000071395e-01
3.172699999998940257e-02
1.214200000000289492e-01
2.867700000001605076e-02
1.142759999999611864e-01
2.620600000000194996e-02
8.891299999999091597e-02
2.741800000001148874e-02
1.319160000000181299e-01
3.182700000002114393e-02
5.773799999997208943e-02
9.450800000001891021e-02
1.311570000000017444e-01
1.258879999999749089e-01
5.556500000000141881e-02
7.929400000000441651e-02
2.575000000001637090e-02
1.501399999999648571e-01
1.374790000000416512e-01
6.042500000000927685e-02
5.072999999998728526e-02
5.845899999997072882e-02
6.542899999999463034e-02
4.306200000002036177e-02
1.565510000000358559e-01
9.655399999991232107e-02
3.896700000007058406e-02
1.218489999999405882e-01
1.279100000000426007e-01
1.510040000000003602e-01
1.340029999999501342e-01
1.299060000000054060e-01
1.601400000000126056e-01
1.617130000000202017e-01
1.275939999999877728e-01
1.322350000000369619e-01
3.941700000001446824e-02
1.020799999999439933e-01
1.609970000000089385e-01
1.340799999999831016e-01
1.365010000000665968e-01
1.088049999999611828e-01
3.890099999995300095e-02
1.512260000000651416e-01
1.155469999999354513e-01
1.505350000000476030e-01
1.353349999999977626e-01
1.459709999999745378e-01
1.296669999999835454e-01
3.055900000003930472e-02
1.144390000000043983e-01
1.423469999999724678e-01
1.623590000000376676e-01
3.239199999995889812e-02
5.834500000003117748e-02
3.976199999999607826e-02
3.386499999999159627e-02
9.732300000001714579e-02
2.940799999998944259e-02
9.111599999999953070e-02
1.564129999999863685e-01
3.347100000002001252e-02
1.160590000000070177e-01
1.359629999999469874e-01
1.353570000000559048e-01
2.952299999998331259e-02
1.350759999999695538e-01
1.134640000000217697e-01
2.816300000000637738e-02
1.266679999999951178e-01
1.253770000000145046e-01
1.689569999999775973e-01
4.806000000002086381e-02
7.044999999999390639e-02
1.166120000000319124e-01
3.494999999998071871e-02
1.498179999999820211e-01
3.580700000003389505e-02
8.967100000000982618e-02
3.556599999996024053e-02
1.472210000000018226e-01
1.075480000000084146e-01
1.526250000000004547e-01
1.443119999999566971e-01
3.222600000003694731e-02
1.074160000000006221e-01
1.367829999999798929e-01
1.533950000000459113e-01
1.644149999999626743e-01
1.271570000000110667e-01
1.176829999999995380e-01
1.452580000000125438e-01
4.593099999999594729e-02
9.834399999999732245e-02
1.392710000000079162e-01
1.365299999999933789e-01
4.702100000002928937e-02
1.149889999999231804e-01
3.438200000005053880e-02
1.411120000000209984e-01
7.436899999999013744e-02
5.149000000000114596e-02
1.172429999999735628e-01
4.564900000002580782e-02
6.333899999998493513e-02
3.377299999999650026e-02
1.391840000000001965e-01
3.502600000001621083e-02
4.645399999998289786e-02
7.165900000001101944e-02
6.438300000002072920e-02
5.195399999996652696e-02
8.059900000000652653e-02
5.663099999998166822e-02
1.500100000000088585e-01
5.904600000002346860e-02
6.509399999998777275e-02
3.068199999995613325e-02
1.319390000000453256e-01
1.315139999999814790e-01
1.371370000000524669e-01
6.928299999992759695e-02
6.974800000000414002e-02
1.451090000000476721e-01
5.107599999996637052e-02
9.823400000004767207e-02
1.477389999999445536e-01
1.347690000000056898e-01
1.053640000000086729e-01
1.403139999999893917e-01
4.904400000003761306e-02
1.355869999999868014e-01
1.311580000000276414e-01
1.271309999999630236e-01
1.086679999999660140e-01
4.819000000003370587e-02
1.525720000000205800e-01
1.288839999999709107e-01
5.640399999998635394e-02
2.149910000000545551e-01
5.879099999992831727e-02
6.784700000002885645e-02
7.972300000000132059e-02
6.208100000003469177e-02
1.320949999999925240e-01
1.563259999999786487e-01
1.590209999999956381e-01
1.101700000000391810e-01
1.515149999999607644e-01
1.369379999999864594e-01
1.526140000000282271e-01
4.671899999999595821e-02
8.234900000002198794e-02
2.812499999998863132e-02
9.241300000002183879e-02
1.688849999999888496e-01
1.503519999999980428e-01
9.518899999994800964e-02
3.664700000001630542e-02
1.279069999999933316e-01
1.329790000000343753e-01
1.714390000000207692e-01
9.940599999998767089e-02
1.448939999999652173e-01
1.657440000000178770e-01
1.338169999999649917e-01
1.654680000000325890e-01
9.719000000001187800e-02
1.829950000000053478e-01
1.127679999999600113e-01
1.599010000000475884e-01
9.437799999994922473e-02
3.666000000004032700e-02
1.347119999999790707e-01
1.339659999999867068e-01
3.190100000000484215e-02
1.004429999999842948e-01
1.708980000000224209e-01
1.097839999999905558e-01
5.058400000001483932e-02
1.150559999999813954e-01
5.504000000001951776e-02
6.769800000000714135e-02
2.962899999999990541e-02
1.000089999999431711e-01
1.469000000000164619e-01
7.969400000007453855e-02
1.150219999999535503e-01
1.097430000000372274e-01
3.340399999996179758e-02
1.019380000000182918e-01
3.580099999999220017e-02
1.186680000000137625e-01
1.287199999999870670e-01
2.573999999998477506e-02
1.125690000000076907e-01
1.355970000000183973e-01
9.800300000000561340e-02
4.590099999995800317e-02
1.523290000000088185e-01
9.213699999997970735e-02
3.945100000004231333e-02
9.261900000001332955e-02
3.940399999999044667e-02
1.100699999999505962e-01
1.220830000000319160e-01
5.709699999999884312e-02
8.451199999996106271e-02
8.450300000004062895e-02
9.237500000000409273e-02
1.286249999999995453e-01
3.060899999996991028e-02
1.358140000000389591e-01
8.193899999997711348e-02
7.735700000000633736e-02
7.166800000004514004e-02
1.542439999999487554e-01
1.790530000000103428e-01
4.508920000000102846e-01
1.429360000000201580e-01
1.421919999999659012e-01
1.593100000000049477e-01
1.148919999999975516e-01
1.274090000000001055e-01
4.004600000001801163e-02
1.113499999999589818e-01
1.326710000000161926e-01
3.964300000001230728e-02
1.111949999999524152e-01
3.550100000006750633e-02
3.011599999996406041e-02
1.170989999999960673e-01
1.807420000000092841e-01
1.241909999999961656e-01
1.112310000000320542e-01
1.431319999999800530e-01
1.642399999999497595e-01
2.325030000000651853e-01
2.851499999997031409e-02
1.562910000000101718e-01
1.048330000000419204e-01
7.435499999996864062e-02
7.797499999998080966e-02
1.571740000000545479e-01
1.705659999999511456e-01
1.040729999999712163e-01
1.496970000000601431e-01
5.073099999998476051e-02
1.013709999999719003e-01
5.065100000001621083e-02
1.259830000000192740e-01
1.257129999999619940e-01
1.356309999999893989e-01
1.260850000000459659e-01
3.581299999996190309e-02
1.592410000000086256e-01
9.765499999997473424e-02
1.448450000000320870e-01
1.441689999999766769e-01
1.813680000000204018e-01
1.123860000000149739e-01
1.441100000000119508e-01
1.196219999999925676e-01
1.682189999999650354e-01
1.158930000000282234e-01
1.378149999999891406e-01
4.490100000003849345e-02
8.190199999995684266e-02
4.428799999999455395e-02
1.779120000000489199e-01
5.450899999993907841e-02
5.756500000001096851e-02
1.299300000000584987e-01
9.260000000000445652e-02
3.381999999993468009e-02
3.947800000003098830e-02
1.249379999999860047e-01
1.317649999999730426e-01
1.399740000000520013e-01
1.361400000000116961e-01
1.422529999999824213e-01
1.262929999999755637e-01
3.417899999999463034e-02
1.024509999999736465e-01
3.183400000006031405e-02
1.165340000000014697e-01
3.707900000000563523e-02
1.207039999999892643e-01
1.125359999999773208e-01
3.394800000000941509e-02
4.379700000004049798e-02
9.022299999998040221e-02
1.352199999999470492e-01
1.571490000000608234e-01
1.180249999999887223e-01
1.088009999999712818e-01
4.250799999999799184e-02
4.774900000001025546e-02
8.806500000002870365e-02
1.182899999999449392e-01
4.086600000005091715e-02
1.333819999999832362e-01
1.453579999999874417e-01
1.404229999999984102e-01
1.348069999999665924e-01
2.882700000003524110e-02
2.768300000002454908e-02
8.621899999997140185e-02
1.208459999999718093e-01
4.907800000006545815e-02
9.610599999996338738e-02
1.662190000000123291e-01
1.268310000000383297e-01
1.300849999999513784e-01
1.340870000000222717e-01
6.009199999994052632e-02
1.353320000000621803e-01
9.736900000001469380e-02
4.277299999995420876e-02
1.225799999999708234e-01
6.252100000000382352e-02
3.139000000004443791e-02
4.232100000001537410e-02
1.421469999999658285e-01
3.003300000000308501e-02
1.271220000000425898e-01
1.170559999999909451e-01
3.169099999996660699e-02
8.487600000000838918e-02
5.210099999999329157e-02
1.081090000000131113e-01
5.208800000002611341e-02
5.997700000000349974e-02
3.958399999999073771e-02
1.168450000000120781e-01
1.476159999999708816e-01
1.645149999999944157e-01
5.395999999996092811e-02
6.344500000005837137e-02
1.417250000000080945e-01
1.405809999999974025e-01
1.665569999999547690e-01
5.163800000002538582e-02
4.098600000003216337e-02
1.540609999999560387e-01
1.377410000000054424e-01
3.040499999997337000e-02
1.501660000000129003e-01
3.017099999999572901e-02
1.086930000000165819e-01
1.402649999999994179e-01
1.066749999999956344e-01
4.873099999997521081e-02
1.476070000000504479e-01
1.246379999999476240e-01
2.795200000002751040e-02
1.140760000000113905e-01
1.460349999999834836e-01
1.130079999999793472e-01
4.793399999999792271e-02
8.618300000000544969e-02
3.340000000002874003e-02
1.114529999999831489e-01
1.403700000000185355e-01
4.560199999997394116e-02
1.599780000000237123e-01
1.186500000000023647e-01
1.335870000000340951e-01
1.133039999999141401e-01
3.003900000004477988e-02
1.746650000000045111e-01
1.052670000000262007e-01
1.298119999999585161e-01
1.637820000000260734e-01
9.400899999997136547e-02
3.349100000002636079e-02
1.455099999999447391e-01
1.366040000000339205e-01
1.361489999999889733e-01
1.729060000000117725e-01
1.131639999999833890e-01
1.257940000000417058e-01
2.803099999994174141e-02
1.424190000000749023e-01
1.620130000000017390e-01
1.160639999999943939e-01
4.696500000000014552e-02
9.808899999995901453e-02
3.024500000003627065e-02
1.003989999999816973e-01
1.777639999999678366e-01
1.358010000000149375e-01
1.198820000000182517e-01
1.215329999999994470e-01
4.151300000000901491e-02
1.548799999999914689e-01
1.082949999999982538e-01
1.426579999999830761e-01
1.486740000000281725e-01
7.074799999998049316e-02
9.122400000001107401e-02
8.093700000000580985e-02
3.679899999997360283e-02
2.894700000001648732e-02
1.037699999999972533e-01
1.166380000000231121e-01
4.401200000000926593e-02
6.324699999993299571e-02
1.202070000000503569e-01
6.837500000000318323e-02
1.098210000000108266e-01
6.574899999998251587e-02
9.478599999994230529e-02
5.966000000000803993e-02
1.265920000000164691e-01
4.349999999999454303e-02
1.103490000000419968e-01
1.297589999999786414e-01
1.329349999999749343e-01
1.769050000000333966e-01
1.123549999999795546e-01
1.436350000000174987e-01
1.457740000000171676e-01
1.573769999999967695e-01
3.949199999999564170e-02
8.253500000000713044e-02
1.397989999999822430e-01
1.287449999999807915e-01
1.815920000000232903e-01
1.048919999999498032e-01
3.663400000004912727e-02
1.161129999999843676e-01
1.219640000000481450e-01
1.742479999999773099e-01
4.129999999997835403e-02
1.012630000000172004e-01
1.286569999999755964e-01
1.084400000000300679e-01
5.795000000000527507e-02
1.588799999999537249e-01
1.024910000000431864e-01
3.867999999999938154e-02
1.020339999999464453e-01
1.343610000000694527e-01
1.887679999999818392e-01
9.478799999999409920e-02
1.484409999999911633e-01
1.379269999999905849e-01
7.415800000001127046e-02
1.109119999999848005e-01
1.183580000000574728e-01
3.552499999995006874e-02
3.564000000000078217e-02
5.816999999996141923e-02
5.560800000000654109e-02
6.354200000004084359e-02
8.328299999999444481e-02
1.228429999999889333e-01
1.087009999999963838e-01
1.300990000000297186e-01
1.417480000000068685e-01
2.553599999998823478e-02
1.014940000000024156e-01
4.425199999997175837e-02
1.089610000000220680e-01
1.490909999999985303e-01
1.286269999999944957e-01
1.807699999999954343e-01
1.093420000000264736e-01
1.205620000000067193e-01
1.588029999999776010e-01
1.614660000000185391e-01
1.589079999999967185e-01
8.786700000001701483e-02
1.489540000000033615e-01
1.707409999999640604e-01
1.289070000000265281e-01
1.256699999999568718e-01
1.444110000000478067e-01
1.787459999999896354e-01
1.084759999999391766e-01
3.111200000006419941e-02
1.094329999999672509e-01
1.092629999999985557e-01
3.022800000002234810e-02
1.724219999999831998e-01
1.069280000000389919e-01
1.348679999999831125e-01
1.563009999999849242e-01
1.963000000000079126e-01
9.931999999997742634e-02
2.980400000001282024e-02
1.128870000000006257e-01
9.678300000001627268e-02
4.187199999995527833e-02
1.574350000000208638e-01
1.223120000000221808e-01
1.289100000000189539e-01
1.326499999999555257e-01
1.444639999999708380e-01
2.877100000006294067e-02
9.932299999996985207e-02
3.203800000000001091e-02
1.166790000000332839e-01
1.395179999999527354e-01
6.786100000005035326e-02
1.119239999999877000e-01
1.211359999999785941e-01
1.378010000000244872e-01
1.422180000000139444e-01
3.511899999995193866e-02
1.249429999999733809e-01
1.513970000000313121e-01
1.008350000000177715e-01
5.007699999998749263e-02
1.055599999999685679e-01
5.025399999999535794e-02
1.335480000000188738e-01
4.677700000002005254e-02
7.709499999998570274e-02
1.417359999999803222e-01
1.454330000000254586e-01
1.950680000000488690e-01
1.063169999999900028e-01
4.427599999996800761e-02
9.496000000001458830e-02
1.492389999999659267e-01
1.602700000000254477e-01
2.880799999996952465e-02
9.160400000001800436e-02
1.340129999999817301e-01
1.483570000000327127e-01
1.751209999999900901e-01
1.225049999999896500e-01
1.342579999999884421e-01
1.174839999999903739e-01
1.783950000000231739e-01
2.628500000002986781e-02
1.158799999999473584e-01
1.149640000000431428e-01
1.562969999999950232e-01
1.016099999999937609e-01
7.400999999998703061e-02
9.073599999999260035e-02
1.491840000000479449e-01
1.492499999999949978e-01
3.873099999998430576e-02
1.246590000000082910e-01
1.067899999999895044e-01
6.109199999997372288e-02
8.675399999998489875e-02
1.364240000000336295e-01
3.367100000002665183e-02
3.549599999996644328e-02
8.435400000001891385e-02
4.064099999999370993e-02
8.991300000002411252e-02
1.587480000000027758e-01
1.323989999999639622e-01
1.894819999999981519e-01
1.049219999999877473e-01
1.183690000000297005e-01
1.720039999999585234e-01
1.714240000000586406e-01
1.182299999999827378e-01
5.457400000000234286e-02
8.817199999998592830e-02
1.281860000000278887e-01
1.724679999999807478e-01
1.034840000000372129e-01
4.520599999995056351e-02
1.027479999999627580e-01
1.331660000000169930e-01
2.604300000001558146e-02
4.002300000001923763e-02
1.167310000000156833e-01
9.884699999997792474e-02
2.547499999997171471e-02
1.277970000000436812e-01
1.377919999999903666e-01
4.204399999997576742e-02
1.244800000000054752e-01
6.239099999999098145e-02
6.488000000001648004e-02
9.250399999996261613e-02
1.666140000000382315e-01
2.523400000001174703e-02
9.457899999995333928e-02
4.860300000007100607e-02
2.945899999997436680e-02
5.942800000002534944e-02
3.824099999997088162e-02
1.251010000000292166e-01
1.489049999999565443e-01
1.261930000000006658e-01
1.550660000000334549e-01
1.278079999999590655e-01
1.602189999999836800e-01
1.566360000000486252e-01
1.161129999999843676e-01
4.804100000001199078e-02
1.062709999999924548e-01
1.507169999999860011e-01
1.666790000000446526e-01
1.243660000000090804e-01
1.209269999999378342e-01
3.505700000005163020e-02
1.227959999999939100e-01
1.828409999999962565e-01
1.023050000000012005e-01
1.370119999999701577e-01
1.502259999999751017e-01
1.416700000000332693e-01
1.105909999999994398e-01
1.483309999999846696e-01
1.343729999999823121e-01
1.880470000000400432e-01
1.029629999999883694e-01
5.478600000003552850e-02
9.665599999993901292e-02
3.154599999999163629e-02
7.057800000006864138e-02
5.304699999993545134e-02
2.665700000005699621e-02
1.176869999999894389e-01
1.358219999999619176e-01
1.302560000000312357e-01
1.456670000000030996e-01
1.411129999999616302e-01
1.335420000000340224e-01
1.489720000000147593e-01
1.496189999999728570e-01
1.639230000000111431e-01
1.018010000000231230e-01
1.528989999999339489e-01
1.318140000000198597e-01
2.561100000002625166e-02
1.624999999999658939e-01
8.803000000006022674e-02
2.706299999994143946e-02
1.312650000000417094e-01
1.082379999999716347e-01
2.740900000003421155e-02
5.496799999997392661e-02
1.301260000000183936e-01
1.307529999999701431e-01
2.949399999999968713e-02
9.790600000002314118e-02
3.226399999999784995e-02
1.107640000000174041e-01
1.230549999999652755e-01
5.056700000000091677e-02
3.123999999996840415e-02
9.793800000005603579e-02
5.414099999995869439e-02
8.261300000003757305e-02
5.570199999999658758e-02
5.298299999998334897e-02
7.733300000001008812e-02
1.160550000000171167e-01
8.909699999998110798e-02
2.786200000002736488e-02
1.137109999999665888e-01
1.511750000000233740e-01
2.817599999997355553e-02
1.116880000000151085e-01
4.815899999999828651e-02
8.161699999999427746e-02
3.221500000000787622e-02
1.313490000000001601e-01
1.438509999999837419e-01
1.683219999999892025e-01
1.277919999999994616e-01
1.362410000000409127e-01
1.344760000000064792e-01
1.654529999999567735e-01
9.240099999999529246e-02
4.354999999998199200e-02
1.162690000000452528e-01
1.487940000000094187e-01
4.470699999995986218e-02
1.555650000000241562e-01
8.382100000000036744e-02
1.426349999999843021e-01
1.441120000000069012e-01
1.294680000000312248e-01
5.968099999995502003e-02
6.529900000003863170e-02
4.411399999997911436e-02
6.631900000002133311e-02
3.852599999999029023e-02
5.064499999997451596e-02
4.474300000003950117e-02
9.633600000000797081e-02
3.659199999998463682e-02
7.635499999997819032e-02
4.256300000002966044e-02
2.795499999996309271e-02
2.621050000000195723e-01
3.344200000003638706e-02
1.161279999999464962e-01
1.361420000000066466e-01
3.291400000000521686e-02
1.351819999999861466e-01
1.020890000000349573e-01
1.560309999999844877e-01
6.127799999995886537e-02
7.564000000002124580e-02
1.311559999999758475e-01
1.232439999999996871e-01
1.616539999999986321e-01
1.204340000000456712e-01
3.652700000003505920e-02
1.380839999999921019e-01
2.602629999999521715e-01
1.462140000000431428e-01
3.601499999996349288e-02
2.092880000000150176e-01
1.629009999999766478e-01
1.575700000000210821e-01
1.160179999999968459e-01
1.328930000000241307e-01
1.497049999999831016e-01
1.414649999999824104e-01
3.057200000000648288e-02
5.236200000001645094e-02
6.973499999998011845e-02
9.361000000001240551e-02
1.405129999999985557e-01
3.431299999999737338e-02
1.477350000000114960e-01
7.804699999996955739e-02
4.178000000001702574e-02
4.160600000000158616e-02
7.890199999997093983e-02
1.480660000000284526e-01
1.465790000000311011e-01
5.242099999998117710e-02
1.061750000000074579e-01
9.511299999996936094e-02
1.527270000000271466e-01
6.023799999996981569e-02
1.058570000000145228e-01
1.248980000000301516e-01
1.355779999999526808e-01
1.181470000000217624e-01
5.050099999999702050e-02
9.773699999999507781e-02
1.305629999999950996e-01
1.184840000000235705e-01
1.660849999999527427e-01
4.960900000003221066e-02
5.990400000001727676e-02
4.671700000000100772e-02
1.322779999999852407e-01
5.594100000001844819e-02
6.623700000000098953e-02
1.024029999999811480e-01
5.389100000002144952e-02
1.152279999999450411e-01
3.607200000004695539e-02
1.667190000000005057e-01
6.028399999996736369e-02
2.814999999998235580e-02
1.322570000000382606e-01
1.643329999999991742e-01
1.104010000000243963e-01
3.500599999995301914e-02
9.768500000001267836e-02
1.466639999999870270e-01
1.327200000000061664e-01
2.893999999997731720e-02
1.080450000000610089e-01
1.406299999999873762e-01
1.346330000000079963e-01
1.567479999999932261e-01
1.545120000000110849e-01
1.194479999999771280e-01
1.341639999999983957e-01
1.436759999999708270e-01
2.508500000004687536e-02
1.288920000000075561e-01
1.103049999999825559e-01
8.289600000000518776e-02
9.337399999998297062e-02
1.505319999999983338e-01
3.145699999998896601e-02
1.057089999999902830e-01
2.626440000000229702e-01
1.313049999999975626e-01
4.641100000003461901e-02
9.802199999995764301e-02
1.269170000000485743e-01
1.319980000000100517e-01
5.436599999995905819e-02
1.105069999999841457e-01
1.393580000000156360e-01
4.386799999997492705e-02
7.550900000001092849e-02
1.181690000000230611e-01
2.927799999997660052e-02
1.313140000000316832e-01
1.261529999999879692e-01
1.494759999999928368e-01
1.406139999999709289e-01
1.637970000000450455e-01
9.599899999994931932e-02
5.365199999999958891e-02
8.981100000005426409e-02
1.506159999999567844e-01
1.305930000000330438e-01
1.427149999999528518e-01
6.339000000002670276e-02
6.000799999998207568e-02
1.562850000000253203e-01
1.656530000000202563e-01
9.323899999998275234e-02
4.924999999997226041e-02
9.871700000002192610e-02
1.489559999999983120e-01
1.512320000000499931e-01
5.829899999997678606e-02
5.570699999998396379e-02
1.580710000000067339e-01
1.093779999999924257e-01
1.855760000000259424e-01
1.403279999999540451e-01
1.078630000000089240e-01
1.290349999999875763e-01
1.521109999999907814e-01
1.391800000000671389e-01
1.172789999999963584e-01
1.367379999999798201e-01
3.487100000000964428e-02
9.074699999996482802e-02
6.453900000002477100e-02
1.123809999999707543e-01
2.735200000000759246e-02
1.387920000000235632e-01
8.989500000001271474e-02
2.778199999994512837e-02
1.275680000000534164e-01
5.531099999996058614e-02
2.106479999999919528e-01
1.305930000000330438e-01
1.712299999999800093e-01
5.529300000000603177e-02
5.175800000000663204e-02
5.264699999997901614e-02
8.518500000002404704e-02
1.436249999999859028e-01
1.382480000000327891e-01
1.325069999999755055e-01
6.401799999997592749e-02
5.807400000003326568e-02
2.912100000003192690e-02
5.237199999993435995e-02
7.348300000001017906e-02
3.071699999998145358e-02
1.421770000000037726e-01
8.045600000002650631e-02
1.538510000000314903e-01
1.507489999999620522e-01
1.599930000000426844e-01
7.030499999996209226e-02
5.396200000001272201e-02
5.405200000001286753e-02
6.771799999995664621e-02
2.540900000002466186e-02
5.258800000001428998e-02
8.639199999998936619e-02
1.620109999999499450e-01
1.065110000000686341e-01
2.727389999999445536e-01
1.472470000000498658e-01
3.225399999996625411e-02
8.825300000000879663e-02
5.762899999996307088e-02
9.374500000006946721e-02
7.575499999995827238e-02
5.709799999999631837e-02
1.762810000000172295e-01
1.073769999999854008e-01
1.394230000000220571e-01
9.114599999998063140e-02
6.103100000001404624e-02
1.235980000000154178e-01
1.385099999999965803e-01
8.616799999998647763e-02
4.778199999998378189e-02
1.244910000000345462e-01
1.628739999999879728e-01
9.051699999997708801e-02
1.647100000000136788e-01
1.407419999999888205e-01
1.140700000000265391e-01
1.473149999999918691e-01
4.732799999999315332e-02
8.507800000000997898e-02
6.329099999999243664e-02
7.185200000003533205e-02
1.626989999999750580e-01
1.294050000000197542e-01
9.266799999994645987e-02
3.759600000000773434e-02
1.061840000000415785e-01
3.310899999996763654e-02
1.342710000000124637e-01
5.557699999997112172e-02
7.761800000002949673e-02
1.047669999999811807e-01
2.790600000002996239e-02
6.526700000000573709e-02
7.290799999998398562e-02
1.524979999999800384e-01
1.314869999999928041e-01
1.352430000000026666e-01
1.268600000000219552e-01
3.363699999999880674e-02
1.035089999999740940e-01
1.334970000000339496e-01
1.395929999999907523e-01
6.235100000003512832e-02
6.671999999997524355e-02
2.731899999997722261e-02
1.576699999999959800e-01
1.112680000000523250e-01
1.397759999999834690e-01
9.892800000000079308e-02
4.397999999997637133e-02
3.681100000000014916e-02
8.740399999999226566e-02
1.381930000000011205e-01
8.359899999999242937e-02
4.897900000003119203e-02
2.812399999999115607e-02
2.866999999997688064e-02
7.150000000001455192e-02
1.598689999999578504e-01
9.318400000006477057e-02
1.527919999999767242e-01
1.217509999999606407e-01
4.203400000005785841e-02
1.125129999999785468e-01
3.974599999997963096e-02
7.282900000001291119e-02
6.604800000002342131e-02
8.765699999997877967e-02
1.278459999999768115e-01
1.801490000000285363e-01
8.403300000003355308e-02
3.898599999996577026e-02
1.197769999999991342e-01
3.313300000002072920e-02
1.066969999999400898e-01
1.381790000000364671e-01
3.453700000000026193e-02
1.067859999999996035e-01
5.039299999998547719e-02
7.525200000003451350e-02
1.615810000000124091e-01
1.530369999999834363e-01
1.223599999999578358e-01
2.577499999999872671e-01
1.461830000000077234e-01
4.804200000000946602e-02
7.328499999999849024e-02
1.423850000000470573e-01
4.503399999998691783e-02
9.639099999998279600e-02
1.612569999999777792e-01
1.223590000000740474e-01
4.077099999994970858e-02
8.788300000003346213e-02
9.234099999997624764e-02
3.938400000004094181e-02
1.408779999999865140e-01
1.321609999999395768e-01
5.585600000000567888e-02
4.079000000001542503e-02
3.928300000001172521e-02
5.168400000002293382e-02
7.498299999997470877e-02
1.618349999999963984e-01
1.151740000000245345e-01
1.552619999999933498e-01
1.147210000000313812e-01
4.209199999996826591e-02
1.171540000000277360e-01
1.098339999999780048e-01
5.791399999998247949e-02
8.756399999998620842e-02
1.375889999999913016e-01
1.752600000000370528e-01
7.116600000000516957e-02
5.499199999997017585e-02
1.036950000000160799e-01
1.523269999999570246e-01
1.418630000000575819e-01
2.967699999999240390e-02
1.221639999999979409e-01
9.110700000002225352e-02
2.750799999995479084e-02
1.400880000000483960e-01
1.633619999999496031e-01
1.208510000000160289e-01
3.812999999996691258e-02
2.425910000000612854e-01
1.437379999999848224e-01
1.250880000000051950e-01
1.450279999999679603e-01
1.392640000000255895e-01
3.792799999996532279e-02
2.443860000000199761e-01
1.786559999999894899e-01
7.398900000004005051e-02
5.089099999997870327e-02
1.403420000000323853e-01
7.304099999998925341e-02
7.512500000001409717e-02
1.023159999999734282e-01
1.135390000000029431e-01
1.625020000000176879e-01
1.040649999999914144e-01
1.312339999999494466e-01
3.650700000002871093e-02
4.296599999997852137e-02
6.873699999999871579e-02
1.469400000000291584e-01
9.975399999996170664e-02
2.742299999999886495e-02
1.134330000000431937e-01
6.068699999997306804e-02
9.867700000000922955e-02
1.367280000000050677e-01
2.875869999999736137e-01
1.407570000000077926e-01
1.671460000000593027e-01
1.109489999999482279e-01
3.104600000000345972e-02
8.886100000000851651e-02
1.637170000000196524e-01
1.665239999999812426e-01
1.121170000000120126e-01
1.278449999999793363e-01
1.188609999999812317e-01
3.069800000002942397e-02
1.691899999999577631e-01
9.399200000007112976e-02
1.248319999999694119e-01
3.068700000000035288e-02
1.244719999999688298e-01
2.772700000002714660e-02
1.616789999999923566e-01
8.958000000001220542e-02
3.227399999997260238e-02
1.283750000000054570e-01
5.590899999998555359e-02
9.850700000004053436e-02
1.420979999999758547e-01
1.281759999999962929e-01
7.716800000002876914e-02
4.426699999999073043e-02
2.854500000000825821e-02
1.134309999999913998e-01
1.645599999999944885e-01
1.041610000000332548e-01
4.917199999994181780e-02
9.494100000006255868e-02
3.785099999993235542e-02
1.045250000000237378e-01
1.572320000000217988e-01
1.101610000000050604e-01
1.337829999999939901e-01
1.554699999999797910e-01
1.311099999999782995e-01
1.176760000000740547e-01
1.439829999999915344e-01
1.534209999999802676e-01
1.525879999999801839e-01
1.530370000000402797e-01
1.063750000000140972e-01
1.562889999999583779e-01
7.058599999999159991e-02
9.301399999998238854e-02
1.110120000000165419e-01
5.766800000003513560e-02
9.405399999997143823e-02
1.105369999999652464e-01
6.472200000001748776e-02
1.272170000000301116e-01
6.706699999995180406e-02
4.943600000007108974e-02
1.229079999999385109e-01
1.420499999999833562e-01
2.557500000000345608e-02
4.751400000003513924e-02
9.912600000001248191e-02
2.034229999999865868e-01
6.796199999996588303e-02
1.505730000000085056e-01
1.476050000000554974e-01
1.345899999999460306e-01
9.158100000001923036e-02
3.476200000000062573e-02
1.359150000000113323e-01
1.715040000000271903e-01
8.704899999997905979e-02
3.002299999997148916e-02
2.920599999998785279e-02
9.956100000005108086e-02
1.395009999999956563e-01
1.666759999999385400e-01
1.148840000000745931e-01
1.369299999999498141e-01
1.331120000000396431e-01
1.767269999999712127e-01
1.337090000000102918e-01
2.785999999997557097e-02
8.289300000001276203e-02
1.354099999999789361e-01
2.766400000001567605e-02
3.151400000001558510e-02
1.075589999999806423e-01
5.879500000003190507e-02
9.181699999999182182e-02
1.276560000000017681e-01
1.222769999999968604e-01
4.449199999999109423e-02
1.652690000000234249e-01
6.872499999997216946e-02
4.298799999997982013e-02
3.090500000001838998e-02
1.013609999999971478e-01
9.872699999999667853e-02
3.502700000001368608e-02
1.452540000000226428e-01
3.049399999997604027e-02
7.667099999997617488e-02
2.515700000003562309e-02
1.087009999999963838e-01
3.176999999999452484e-02
1.410070000000018808e-01
2.947199999999838838e-02
1.273469999999861102e-01
4.542000000003554305e-02
8.160400000002709930e-02
2.738399999998364365e-02
4.305299999998624116e-02
9.130900000002384331e-02
8.686599999992949961e-02
5.887500000000045475e-02
1.427030000000399923e-01
2.736299999997982013e-02
3.736000000003514288e-02
6.941299999999728243e-02
7.367699999997512350e-02
5.131699999998318162e-02
1.459740000000238069e-01
1.279880000000161999e-01
4.064399999998613566e-02
2.583599999996977203e-02
8.525300000002289380e-02
1.451610000000300715e-01
1.388459999999440697e-01
1.669950000000426371e-01
1.149780000000077962e-01
1.407419999999888205e-01
1.509819999999990614e-01
1.613770000000158689e-01
1.316709999999829961e-01
1.065619999999967149e-01
2.655199999998103522e-02
1.209749999999871761e-01
1.893970000000422260e-01
9.958299999999553620e-02
5.027400000000170621e-02
8.779999999995879989e-02
1.560600000000249565e-01
1.473720000000184882e-01
3.617300000001932858e-02
9.533899999996719998e-02
5.281300000001465378e-02
1.043520000000057735e-01
1.106069999999590436e-01
3.633200000001579610e-02
1.243519999999875836e-01
3.761100000002670640e-02
8.940300000000434011e-02
1.318370000000186337e-01
1.599789999999643442e-01
2.962600000000747968e-02
8.142200000003185778e-02
7.012999999994917744e-02
9.389900000002171510e-02
3.653100000002496017e-02
1.312679999999772917e-01
7.270499999998492058e-02
5.965400000002318848e-02
4.439899999999852298e-02
9.188899999998056956e-02
4.887199999996028055e-02
1.053450000000566433e-01
1.293749999999818101e-01
1.204900000000179716e-01
4.401499999994484824e-02
1.621360000000322543e-01
5.898799999999937427e-02
4.322400000000925502e-02
1.177519999999958600e-01
1.384070000000292566e-01
1.828659999999331376e-01
1.255650000000514410e-01
1.346159999999940737e-01
1.450189999999906831e-01
3.929900000002817251e-02
9.992499999998472049e-02
1.344789999999989050e-01
1.434500000000298314e-01
2.706499999993638994e-02
9.974199999999200372e-02
2.980100000007723793e-02
1.592689999999947759e-01
3.122499999994943209e-02
8.728800000000092041e-02
1.209370000000262735e-01
1.450849999999945794e-01
2.914199999997890700e-02
1.595520000000192340e-01
1.070789999999988140e-01
3.215699999998378189e-02
1.066519999999968604e-01
3.023799999999710053e-02
9.305100000005950278e-02
6.078399999995554026e-02
1.111690000000180589e-01
1.133179999999924803e-01
1.350360000000137006e-01
4.767199999997728810e-02
1.057650000000194268e-01
1.364969999999630090e-01
3.727500000002237357e-02
1.137840000000096552e-01
4.470700000001670560e-02
2.851899999996021506e-02
6.144299999999702777e-02
4.507300000000213913e-02
1.062580000000252767e-01
1.492420000000151958e-01
4.444599999999354623e-02
7.718199999993657912e-02
1.396640000000388682e-01
1.353859999999826869e-01
1.357649999999921420e-01
4.581500000006144546e-02
9.326799999996637780e-02
4.542299999997112536e-02
9.793200000001434091e-02
4.188300000004119283e-02
1.012249999999994543e-01
1.612519999999335596e-01
1.181030000000191649e-01
1.270729999999957727e-01
1.461580000000139989e-01
4.012199999999666034e-02
1.143610000000307991e-01
1.654879999999820939e-01
7.031599999999116335e-02
1.330570000000079744e-01
3.575399999999717693e-02
1.754640000000335931e-01
3.909399999997731356e-02
7.791300000002365778e-02
9.345699999994394602e-02
1.907850000000053114e-01
1.633100000000240470e-01
1.066079999999942629e-01
1.290690000000154214e-01
1.371350000000006730e-01
1.464279999999575921e-01
2.829200000002174420e-02
1.011820000000511754e-01
1.300889999999412794e-01
1.648010000000112996e-01
1.931880000000205655e-01
9.791200000000799264e-02
1.370169999999575339e-01
1.197830000000408290e-01
7.078999999998814019e-02
1.060779999999681422e-01
1.340220000000158507e-01
1.301279999999565007e-01
4.043200000006663686e-02
8.121199999999362262e-02
1.788970000000063010e-01
9.508799999997563646e-02
3.293200000001661465e-02
1.032609999999749562e-01
1.521629999999731808e-01
6.584200000003193054e-02
1.016660000000229047e-01
1.147439999999733118e-01
1.345239999999989777e-01
1.321960000000217406e-01
1.612650000000144246e-01
2.274219999999900210e-01
4.848899999996092447e-02
1.547760000000266700e-01
1.507599999999911233e-01
3.366999999997233317e-02
8.648300000004383037e-02
5.081300000000510408e-02
9.324399999997012856e-02
1.195150000000353430e-01
3.906299999999873762e-02
1.645429999999805659e-01
7.195300000000770524e-02
3.061900000000150612e-02
1.391249999999786269e-01
1.346839999999929205e-01
1.754579999999918982e-01
6.834600000001955777e-02
5.251100000003816604e-02
1.181859999999801403e-01
1.762069999999766878e-01
1.044860000000085165e-01
3.188499999998839485e-02
2.650199999999358624e-02
1.283720000000130312e-01
8.601500000003170499e-02
3.467899999998280691e-02
1.513889999999946667e-01
9.533899999996719998e-02
9.333200000003216701e-02
8.864699999998038038e-02
1.259160000000179025e-01
1.019719999999892934e-01
6.925999999998566636e-02
9.063700000001517765e-02
4.312400000003435707e-02
3.562999999996918632e-02
4.989000000000487489e-02
4.434300000002622255e-02
1.395489999999881547e-01
8.900900000003275636e-02
4.811399999994137033e-02
1.759490000000027976e-01
5.446600000004764297e-02
6.637399999993931488e-02
1.124870000000441905e-01
1.731520000000159598e-01
1.166949999999360443e-01
4.312800000002425804e-02
1.302870000000098116e-01
1.191670000000044638e-01
1.489329999999995380e-01
1.728059999999800311e-01
2.762300000006234768e-02
8.993399999997109262e-02
6.332999999995081453e-02
6.490300000001525405e-02
1.233210000000326545e-01
3.438999999997349732e-02
5.115399999999681313e-02
1.116350000000352338e-01
1.125439999999571228e-01
1.381450000000086220e-01
1.066390000000296823e-01
3.254399999997303894e-02
8.801299999998946078e-02
8.158300000002327579e-02
6.704100000001744775e-02
4.760699999997086707e-02
1.059539999999969950e-01
3.394300000002203888e-02
1.548980000000028667e-01
1.403799999999932879e-01
1.507519999999544780e-01
9.371300000003657260e-02
3.235100000000556975e-02
6.756000000001449735e-02
7.066499999996267434e-02
1.167220000000384061e-01
4.349899999999706779e-02
4.235899999997627674e-02
8.757200000002285378e-02
1.182119999999713400e-01
1.320389999999633801e-01
4.914800000005925540e-02
7.698599999997668419e-02
6.602800000001707303e-02
8.754199999998490966e-02
3.724499999998442945e-02
1.346250000000281943e-01
9.924799999998867861e-02
5.412100000000918953e-02
1.557760000000030232e-01
2.844099999998661588e-02
9.140400000001136505e-02
1.048949999999990723e-01
1.494720000000029358e-01
3.420099999999592910e-02
1.224349999999958527e-01
3.645199999999704232e-02
1.277670000000057371e-01
1.329279999999926076e-01
1.472709999999892716e-01
1.516180000000417749e-01
8.496200000001863373e-02
6.141299999995908365e-02
1.434439999999881366e-01
8.945100000005368202e-02
7.978399999996099723e-02
9.143399999999246575e-02
1.405869999999822539e-01
2.609259999999835600e-01
2.740400000004683534e-02
1.548679999999649226e-01
3.122930000000678774e-01
3.158679999999662869e-01
3.290529999999876054e-01
2.929460000000290165e-01
3.563899999994646350e-02
3.513000000003785317e-02
2.724850000000174077e-01
6.315499999999474312e-02
1.397149999999669490e-01
1.039169999999671745e-01
9.847500000000763976e-02
3.272600000002512388e-02
5.158799999998109342e-02
4.379580000000373730e-01
1.775480000000015934e-01
6.576899999998886415e-02
1.262109999999552201e-01
5.818100000004733374e-02
1.125820000000317123e-01
9.456799999998111161e-02
1.174129999999991014e-01
3.650799999996934275e-02
3.127100000000382352e-02
2.935300000001461740e-02
5.925099999996064071e-02
9.504300000003240712e-02
6.733900000000403452e-02
2.624200000002474553e-02
1.083929999999782012e-01
5.573600000002443267e-02
7.896099999999250940e-02
5.303499999996574843e-02
6.667000000004463800e-02
5.224599999996826227e-02
6.584400000002688103e-02
9.895699999998441854e-02
1.383859999999685897e-01
4.775900000004185131e-02
7.904200000001537774e-02
7.865399999997180203e-02
1.342469999999593711e-01
2.589700000004313551e-02
4.034799999999449938e-02
5.973900000003595778e-02
7.431799999994836980e-02
9.943500000002813977e-02
3.956699999997681516e-02
4.906199999999216743e-02
5.056500000000596629e-02
6.146400000000085129e-02
5.140399999999090142e-02
4.793000000000802174e-02
2.914600000002565139e-02
1.203659999999899810e-01
1.079229999999711254e-01
8.114700000004404501e-02
4.530799999997725536e-02
6.349400000004834510e-02
8.108799999996563201e-02
7.132899999999153806e-02
5.947300000002542220e-02
6.147999999996045517e-02
7.170400000001109220e-02
1.394859999999766842e-01
3.144100000002936213e-02
5.113699999998289059e-02
7.183100000003150853e-02
4.054299999995691905e-02
3.622200000000930231e-02
5.707000000001016815e-02
4.149200000000519140e-02
1.047649999999862303e-01
6.028400000002420711e-02
7.117499999998244675e-02
1.162550000000237560e-01
1.240020000000185973e-01
1.217939999999657630e-01
3.376800000000912405e-02
9.942499999999654392e-02
1.115999999999530701e-01
2.687800000006745904e-02
1.570029999999746906e-01
5.477500000000645741e-02
9.409799999997403575e-02
1.598690000000146938e-01
3.401100000002088564e-02
1.758189999999899555e-01
1.893900000000030559e-01
1.137879999999995562e-01
2.584649999999442116e-01
6.645810000000551554e-01
2.169930000000022119e-01
3.318628999999987172e+00
nan
