2.314960000000000129e+00
1.352019999999996003e-01
1.156163000000001162e+00
1.154206999999999539e+00
4.202300000000001035e-01
2.878897000000000261e+00
1.554869999999990426e-01
9.900709999999985911e-01
3.045520000000028205e-01
1.926674000000000220e+00
1.934329999999988559e-01
1.962820000000000675e-01
2.753540000000000987e-01
3.103869999999986362e-01
1.417457000000002409e+00
2.349008999999998792e+00
2.488492999999998290e+00
4.295640000000027214e-01
1.887000999999997930e+00
1.806410000000013838e-01
2.152769999999968320e-01
1.889780000000023108e-01
1.836149999999960869e-01
3.961410000000036291e-01
8.726920000000006894e-01
2.982520000000015159e-01
1.583429999999985682e-01
1.989433000000001783e+00
2.339050999999997771e+00
1.311837999999994508e+00
1.012525000000003672e+00
3.205639999999974066e-01
1.023044000000005838e+00
8.319619999999972038e-01
1.923609999999982278e-01
1.862460000000041305e-01
1.199579999999969004e-01
2.759619999999998186e-01
3.037270000000020787e-01
4.186870000000055825e-01
1.007263999999992166e+00
2.356446000000005370e+00
1.153948999999997227e+00
1.176689000000003205e+00
1.600710000000020727e-01
1.011237999999998749e+00
1.619589999999959673e-01
1.165393999999999153e+00
2.716560000000001196e-01
1.383500000000026375e-01
7.449289999999919587e-01
1.012185000000009438e+00
1.175183999999994455e+00
1.170490000000008024e+00
1.161594999999998379e+00
1.616379999999963957e-01
1.001954999999995266e+00
1.546330000000040172e-01
4.396599999999963870e-01
1.576940000000064401e-01
1.885370000000037294e-01
1.265830999999991491e+00
1.453759999999988395e-01
3.059910000000058972e-01
1.021668999999995719e+00
9.769349999999974443e-01
1.967950000000087130e-01
7.818660000000008381e-01
2.181089999999983320e-01
1.993479999999934194e-01
1.011973000000004674e+00
1.386373999999996443e+00
1.035572999999992305e+00
3.075359999999989213e-01
6.837480000000084601e-01
1.926270000000016580e-01
1.913529999999923348e-01
1.063030000000111386e-01
7.328409999999934143e-01
2.912460000000010041e-01
2.805540000000092959e-01
1.449239999999889505e-01
7.806080000000008567e-01
5.790790000000072268e-01
1.965439999999887277e-01
2.205930000000080327e-01
1.690400000000096270e-01
4.309439999999824522e-01
1.716990000000038208e-01
1.918790000000001328e-01
2.127229999999968868e-01
3.638100000000008549e-01
2.177980000000019345e-01
1.808820000000110895e-01
1.849789999999984502e-01
2.266939999999948441e-01
1.662359999999978299e-01
1.926629999999960319e-01
9.783800000000155705e-01
8.929209999999869751e-01
1.338080000000019254e-01
1.514820000000014488e-01
2.797819999999973106e-01
1.496879999999976008e-01
7.561950000000052796e-01
9.991109999999991942e-01
1.214465000000004125e+00
1.148825000000002206e+00
1.176737000000002809e+00
1.557169999999814536e-01
8.986100000000050159e-01
2.805230000000022983e-01
4.377990000000124837e-01
7.317669999999907304e-01
3.364892999999995027e+00
1.309405999999995629e+00
1.000139000000004330e+00
1.335515000000000896e+00
9.715460000000035734e-01
1.765779999999921301e-01
1.214420000000160371e-01
1.197920999999993796e+00
8.690369999999916217e-01
3.729690000000118744e-01
4.602169999999858874e-01
3.058310000000119544e-01
2.559939999999869542e-01
5.996550000000127056e-01
1.857499999999987494e-01
1.018660000000011223e-01
1.432219999999944093e-01
2.987799999999936063e-01
1.557050000000117507e-01
1.258069999999946731e-01
3.664509999999978618e-01
3.718290000000052942e-01
9.767449999999939791e-01
2.365918000000007737e+00
5.925749999999965212e-01
7.536219999999929087e-01
5.761020000000058872e-01
1.857700000000050977e-01
2.382070000000027221e-01
1.750159999999993943e-01
2.714859999999958973e-01
1.492810000000019954e-01
7.542529999999914025e-01
7.900340000000056762e-01
2.152499999999974989e-01
1.862660000000033733e-01
1.965489999999903148e-01
3.913459999999986394e-01
2.190780000000103200e-01
2.229610000000121772e-01
4.319089999999761176e-01
7.197290000000009513e-01
1.356040000000149348e-01
1.514439999999837028e-01
1.330580000000196605e-01
1.385289999999912425e-01
1.742232999999984600e+00
5.913240000000001828e-01
1.463310000000177524e-01
1.723829999999964002e-01
1.423749000000000819e+00
1.351486999999991667e+00
1.005408000000002744e+00
1.322329000000010524e+00
2.932759999999916545e-01
8.475610000000131095e-01
8.044450000000011869e-01
4.066389999999842075e-01
1.678179999999969141e-01
4.228470000000186246e-01
1.698959999999942738e-01
2.485819999999847596e-01
9.622499999999973852e-01
5.718630000000217706e-01
5.928989999999885185e-01
5.918980000000004793e-01
4.385050000000063619e-01
2.858839999999815973e-01
2.772310000000146601e-01
6.110510000000033415e-01
2.075670000000116033e-01
1.040939999999892507e-01
1.034709999999989805e-01
1.045030000000082282e-01
2.299289999999984957e-01
2.645829999999875781e-01
3.291810000000054970e-01
3.893709999999970250e-01
6.058969999999987976e-01
1.933509999999927231e-01
2.493240000000014334e-01
3.293560000000042010e-01
2.450350000000156570e-01
3.302479999999974325e-01
5.922919999999862739e-01
4.151909999999929823e-01
1.707790000000102282e-01
2.725810000000024047e-01
3.042520000000052960e-01
2.840590000000133841e-01
3.079019999999843549e-01
9.973329999999975826e-01
1.844319999999868287e-01
2.569850000000144519e-01
3.105759999999975207e-01
2.797119999999893025e-01
1.608610000000112450e-01
1.011730000000170548e-01
1.986139999999920747e-01
2.785979999999881329e-01
6.010509999999840147e-01
1.947310000000186392e-01
1.050250000000119144e-01
1.227559999999812135e-01
1.031799999999805095e-01
1.987320000000067921e-01
1.449840000000222062e-01
1.206839999999829161e-01
1.336750000000108685e-01
1.882209999999986394e-01
3.986930000000086238e-01
5.976090000000056079e-01
1.832309999999779393e-01
5.791969999999935226e-01
5.903610000000298896e-01
5.741659999999910724e-01
5.771829999999908978e-01
1.164115000000009559e+00
5.856789999999989504e-01
5.870469999999841093e-01
5.809700000000361797e-01
5.983609999999828233e-01
4.054249999999797183e-01
7.417910000000347281e-01
6.058609999999760021e-01
1.566715999999985343e+00
3.629790000000241434e-01
3.616079999999897154e-01
5.643479999999954089e-01
4.052680000000066229e-01
1.731599999999957618e-01
5.494260000000110722e-01
5.741229999999859501e-01
2.624790000000132295e-01
2.925560000000189120e-01
1.485949999999718329e-01
2.767800000000306682e-01
1.620049999999650936e-01
4.070430000000158088e-01
2.730180000000075324e-01
4.517629999999712709e-01
2.430610000000115178e-01
3.300000000000125056e-01
1.385019999999883566e-01
4.266230000000064138e-01
4.161220000000014352e-01
4.182159999999726097e-01
2.850550000000282580e-01
2.511989999999855172e-01
3.103279999999983829e-01
1.442000000000120963e-01
3.091870000000085383e-01
1.245169999999973243e-01
4.117939999999862266e-01
2.727640000000235432e-01
1.502699999999776992e-01
1.234320000000082018e-01
1.795610000000067430e-01
2.644880000000000564e-01
2.988409999999817046e-01
1.290180000000020755e-01
4.527410000000031687e-01
1.111799999999902866e-01
1.357970000000250366e-01
1.563109999999880984e-01
4.229650000000049204e-01
5.591560000000015407e-01
3.203859999999849606e-01
1.142040000000292821e-01
4.471789999999771226e-01
4.204909999999983938e-01
2.004709999999931824e-01
3.218480000000170094e-01
1.807770000000061827e-01
2.674459999999783122e-01
2.772490000000118471e-01
1.303359999999997854e-01
4.290379999999913707e-01
1.793870000000197251e-01
2.391199999999855663e-01
4.038219999999910215e-01
3.111870000000180880e-01
2.561770000000080927e-01
3.050629999999898700e-01
1.436349999999890770e-01
2.783250000000236923e-01
1.537059999999712545e-01
4.099930000000142627e-01
1.444520000000011350e-01
1.353750000000104592e-01
2.679990000000032069e-01
4.301329999999836673e-01
1.387249999999937700e-01
2.646080000000097243e-01
4.619549999999890133e-01
2.374700000000018463e-01
1.604540000000156397e-01
1.746479999999905885e-01
2.412810000000149557e-01
1.332729999999742176e-01
1.740990000000124382e-01
2.489999999999952252e-01
3.306599999999946249e-01
1.070880000000045129e-01
4.528080000000045402e-01
4.058059999999841239e-01
2.701920000000086475e-01
1.528419999999925949e-01
3.052460000000110085e-01
2.299309999999934462e-01
3.210540000000037253e-01
1.375359999999830052e-01
2.528580000000317796e-01
1.614869999999655192e-01
2.392660000000148557e-01
1.837830000000053587e-01
2.906350000000088585e-01
2.753099999999903957e-01
1.547979999999995471e-01
2.535770000000070468e-01
1.544269999999983156e-01
1.370560000000011769e-01
1.282089999999982410e-01
4.220809999999914908e-01
1.358730000000036853e-01
2.778370000000052187e-01
2.557360000000130640e-01
1.463929999999891152e-01
3.127049999999940155e-01
2.690589999999986048e-01
1.466220000000078016e-01
1.529519999999990887e-01
5.415369999999768424e-01
1.208120000000292293e-01
1.312489999999968404e-01
1.466089999999837801e-01
1.743400000000008276e-01
5.441440000000170585e-01
5.540279999999881966e-01
3.942830000000014934e-01
1.624850000000037653e-01
3.923719999999946140e-01
1.732309999999870342e-01
1.111048000000010916e+00
5.079690000000027794e-01
5.848819999999932406e-01
5.504520000000070468e-01
5.500179999999943448e-01
5.583060000000159562e-01
5.726579999999898973e-01
3.766099999999994452e-01
1.819700000000068485e-01
5.810639999999978045e-01
3.873649999999884130e-01
4.046450000000163527e-01
3.167719999999860647e-01
5.690260000000080254e-01
5.545209999999940464e-01
1.043040000000132750e-01
4.594539999999938118e-01
1.238089999999942847e-01
4.438480000000026848e-01
1.207509999999842876e-01
4.414410000000259515e-01
2.530240000000105738e-01
8.802119999999717948e-01
5.681820000000072923e-01
2.192409999999824777e-01
3.273250000000018645e-01
2.397740000000112559e-01
3.174680000000194013e-01
2.234660000000019409e-01
1.923759999999958836e-01
7.350030000000060681e-01
2.387819999999578613e-01
8.877140000000167674e-01
5.411250000000222826e-01
4.110899999999730881e-01
1.666350000000136333e-01
2.194419999999865922e-01
3.335780000000170276e-01
5.665919999999857737e-01
3.958020000000033178e-01
1.589900000000170621e-01
4.030689999999879092e-01
1.804060000000049513e-01
2.330750000000136879e-01
3.112609999999733645e-01
1.523750000000063665e-01
1.203700000000083037e-01
3.086439999999868178e-01
5.723419999999919128e-01
2.501550000000065666e-01
1.434629999999970096e-01
1.754340000000240707e-01
2.632449999999835200e-01
3.084189999999864540e-01
2.533300000000053842e-01
3.242630000000303880e-01
5.652800000000013370e-01
4.112269999999682568e-01
1.432620000000213167e-01
2.751409999999907541e-01
3.164649999999937791e-01
1.293790000000285545e-01
1.181859999999801403e-01
3.144350000000031287e-01
5.846200000000010277e-01
4.500409999999988031e-01
1.087509999999838328e-01
2.737340000000187956e-01
5.995709999999974116e-01
2.850200000000029377e-01
5.437079999999809843e-01
4.087680000000091241e-01
4.190539999999884913e-01
2.920909999999992124e-01
2.778130000000089694e-01
1.848960000000090531e-01
1.077209999999979573e-01
1.975439999999935026e-01
2.693650000000218370e-01
5.702579999999954907e-01
1.027670000000000528e-01
1.162789999999915835e-01
1.030329999999821666e-01
1.070450000000278123e-01
1.005329999999844404e-01
2.172920000000146956e-01
2.584299999999757347e-01
1.026260000000149830e-01
2.544120000000020809e-01
1.707030000000031578e-01
2.177169999999932770e-01
5.587020000000109121e-01
1.502519999999947231e-01
2.674289999999928114e-01
5.506029999999952906e-01
3.176510000000121181e-01
5.834909999999808861e-01
4.154510000000186665e-01
1.454599999999857118e-01
2.686390000000073996e-01
5.824039999999968131e-01
3.241460000000131458e-01
5.515200000000106684e-01
4.060829999999668871e-01
1.883950000000140790e-01
2.536289999999894462e-01
3.345610000000078799e-01
2.716139999999995780e-01
1.371259999999949741e-01
3.013249999999914053e-01
2.749090000000364853e-01
6.046909999999456886e-01
1.821420000000557593e-01
1.004119999999488755e-01
1.439740000000426789e-01
1.047370000000000800e-01
1.947710000000029140e-01
2.605439999999816791e-01
3.366129999999998290e-01
4.018410000000187665e-01
5.507059999999910360e-01
1.785719999999741958e-01
2.483780000000308519e-01
3.298819999999977881e-01
5.831169999999872289e-01
5.707589999999811425e-01
5.853539999999952670e-01
5.500570000000379878e-01
5.895979999999951815e-01
5.605609999999785487e-01
5.928230000000098698e-01
5.561419999999941410e-01
4.308770000000095024e-01
1.376050000000077489e-01
1.793279999999981555e-01
2.617579999999861684e-01
7.369430000000249947e-01
5.920269999999732136e-01
1.097778000000005250e+00
4.096549999999865577e-01
2.300563000000039438e+00
1.838911999999965019e+00
4.216930000000047585e-01
1.330573000000015327e+00
5.399279999999748725e-01
4.132220000000188520e-01
4.301729999999963638e-01
5.822520000000110940e-01
8.719769999999869015e-01
4.030000000000200089e-01
4.502009999999643242e-01
5.862260000000105720e-01
3.274169999999969605e-01
5.853339999999889187e-01
4.007810000000233686e-01
4.389010000000155287e-01
1.752189999999984593e-01
4.019289999999955398e-01
2.963370000000224991e-01
5.682189999999707197e-01
4.120040000000244618e-01
4.185189999999749944e-01
6.016469999999856100e-01
2.903290000000140481e-01
5.674550000000238015e-01
4.141809999999566116e-01
4.298490000000185773e-01
5.859080000000176369e-01
8.611169999999788160e-01
3.994460000000117361e-01
4.515970000000208984e-01
5.715909999999553293e-01
3.120510000000251694e-01
5.627460000000041873e-01
4.028559999999856700e-01
4.256960000000162836e-01
5.635939999999948213e-01
3.329809999999895354e-01
5.134860000000003311e-01
4.263349999999945794e-01
4.135580000000231848e-01
5.771729999999877236e-01
3.118949999999642841e-01
5.763870000000110849e-01
3.998780000000294876e-01
4.242329999999583379e-01
5.860430000000178552e-01
2.769010000000378113e-01
5.654229999999813572e-01
4.126919999999927313e-01
4.192819999999812808e-01
3.403419999999925949e-01
1.299430000000256769e-01
1.103899999999953252e-01
2.938410000000146738e-01
4.515029999999740085e-01
1.071689999999989595e-01
1.513410000000021682e-01
2.835680000000309064e-01
1.466959999999914999e-01
1.460449999999866577e-01
3.151300000000105683e-01
2.433370000000252276e-01
1.637809999999717547e-01
1.138779999999997017e-01
1.887550000000146611e-01
1.015179999999986649e-01
2.666169999999965512e-01
5.507059999999910360e-01
4.286099999999919419e-01
5.985270000000468826e-01
3.023079999999822576e-01
5.391070000000013351e-01
4.010629999999650863e-01
4.129480000000285145e-01
5.673459999999863612e-01
3.184570000000235268e-01
5.523659999999495085e-01
4.105690000000095097e-01
4.254610000000411674e-01
3.043959999999970023e-01
2.477329999999824395e-01
3.312250000000176442e-01
4.224279999999680513e-01
1.679680000000303153e-01
1.040599999999471947e-01
1.103310000000305990e-01
1.911890000000084910e-01
1.403919999999629908e-01
1.308480000000145083e-01
1.029050000000211185e-01
1.970179999999572829e-01
2.663450000000580076e-01
1.628919999999993706e-01
1.290859999999725005e-01
1.581570000000169784e-01
1.030830000000264590e-01
2.588189999999599422e-01
5.776389999999764768e-01
4.231300000000146611e-01
5.434020000000145956e-01
3.199239999999576867e-01
5.569760000000769651e-01
3.941559999999526553e-01
4.208449999999857027e-01
5.658930000000168548e-01
3.254190000000107830e-01
5.221240000000193504e-01
4.081329999999638858e-01
4.248860000000149739e-01
2.890610000000037871e-01
1.639319999999884203e-01
1.066749999999956344e-01
3.075630000000160180e-01
3.918439999999918655e-01
1.339659999999867068e-01
1.323439999999891370e-01
3.312660000000278160e-01
1.293769999999767606e-01
1.620800000000031105e-01
3.025690000000622604e-01
2.581689999999525753e-01
1.377390000000104919e-01
1.204420000000254731e-01
1.846639999999410975e-01
3.771860000000515356e-01
5.246779999999944266e-01
7.468139999999721113e-01
5.712790000000040891e-01
5.786550000000261207e-01
4.231139999999982138e-01
1.018859999999790489e-01
1.513959999999769934e-01
1.326710000000161926e-01
1.863390000000322289e-01
3.279569999999694119e-01
1.241909999999961656e-01
1.112310000000320542e-01
1.861619999999675201e-01
1.212099999999622923e-01
2.611540000000331929e-01
6.206660000000283617e-01
1.594430000000102154e-01
2.693170000000009168e-01
8.611290000000053624e-01
4.074769999999716674e-01
1.595360000000027867e-01
3.965279999999893334e-01
1.443249999999807187e-01
1.330510000000231230e-01
1.206569999999942411e-01
2.093389999999999418e-01
2.765490000000454529e-01
1.051190000000019609e-01
1.389589999999429892e-01
1.805130000000190194e-01
1.031289999999671636e-01
2.761140000000636974e-01
7.344479999999862230e-01
7.856669999999894571e-01
3.283890000000155851e-01
6.104799999999954707e-01
1.120209999999701722e-01
2.808580000000233667e-01
1.617959999999811771e-01
1.015930000000366817e-01
1.266819999999597712e-01
1.866129999999657230e-01
2.791930000000206746e-01
1.813819999999850552e-01
1.158690000000319742e-01
1.536730000000261498e-01
3.611789999999359679e-01
5.522350000000528780e-01
2.220909999999776119e-01
2.171609999999759566e-01
1.488620000000651089e-01
1.494989999999916108e-01
2.722409999999513275e-01
3.180110000000127002e-01
5.500570000000379878e-01
1.246379999999476240e-01
2.880630000000223845e-01
1.130079999999793472e-01
1.397900000000049658e-01
1.391800000000102955e-01
1.941060000000334185e-01
2.704939999999851352e-01
1.335870000000340951e-01
1.621690000000057807e-01
1.707129999999779102e-01
1.001089999999749125e-01
3.004480000000171458e-01
5.436479999999619395e-01
1.844430000000443215e-01
2.463879999999676329e-01
3.215530000000512700e-01
5.653389999999376414e-01
5.736120000000255459e-01
4.068030000000248947e-01
1.595759999999586398e-01
1.235750000000166438e-01
1.387229999999703978e-01
1.889439999999922293e-01
2.984030000000643668e-01
2.450499999999919964e-01
1.612900000000081491e-01
3.629639999999767497e-01
1.992129999999860956e-01
5.764029999999706888e-01
5.449730000000272412e-01
5.804720000000429536e-01
5.540659999999206775e-01
1.386200000000599175e-01
2.976429999999936626e-01
1.413089999999783686e-01
1.200830000000223663e-01
3.214419999999904576e-01
3.004349999999931242e-01
2.300199999999676947e-01
1.640070000000264372e-01
4.042640000000119471e-01
7.161100000000146792e-01
5.543729999999982283e-01
5.735420000000317486e-01
5.582399999999552165e-01
1.361340000000268446e-01
2.745589999999538122e-01
2.751420000000166510e-01
3.127220000000079381e-01
2.542960000000107357e-01
1.497550000000273940e-01
1.514649999999733154e-01
1.641169999999760876e-01
3.736630000000218388e-01
1.294128999999998086e+00
6.312260000000264881e-01
4.017049999999358079e-01
1.712120000000254549e-01
3.870069999999827814e-01
2.945730000000139626e-01
1.287100000000123146e-01
1.748709999999960019e-01
2.823710000000119180e-01
1.234819999999672291e-01
1.622260000000323998e-01
1.473659999999767933e-01
3.939530000000104337e-01
7.348629999999616302e-01
1.139499000000057549e+00
7.368789999999876272e-01
2.711209999999937281e-01
1.356870000000185428e-01
1.307079999999700703e-01
1.261529999999879692e-01
1.758270000000266009e-01
2.649179999999660140e-01
2.885289999999827160e-01
1.821100000000228647e-01
3.492320000000290747e-01
1.097769999999513857e-01
6.121019999999930405e-01
1.351330000000530163e-01
1.286069999999881475e-01
3.033580000000029031e-01
5.788829999999620668e-01
4.200290000000563850e-01
5.871419999999716310e-01
1.002280000000155269e-01
1.528929999999490974e-01
3.019400000000587170e-01
2.944319999999720494e-01
1.242040000000201871e-01
1.465430000000083055e-01
1.523199999999746979e-01
3.878980000000069595e-01
7.477539999999862630e-01
5.562950000000341788e-01
5.750189999999975043e-01
9.821140000000241344e-01
1.574489999999855172e-01
1.184489999999982501e-01
1.020679999999742904e-01
1.962669999999775428e-01
2.700270000000273285e-01
2.619359999999915090e-01
1.811040000000048167e-01
3.947150000000192449e-01
1.732779999999820575e-01
2.768947999999966214e+00
2.296990000000391774e-01
1.075060000000007676e-01
1.825269999999932224e-01
2.964619999999626998e-01
2.570560000000341461e-01
1.559809999999970387e-01
3.748459999999909087e-01
2.800469000000020969e+00
2.567559999999957654e-01
1.277300000000423097e-01
1.779919999999606262e-01
2.948400000000219734e-01
2.439549999999712782e-01
1.500159999999937099e-01
3.672700000000190812e-01
2.251927999999963959e+00
5.676339999999981956e-01
1.566530000000625478e-01
1.001119999999673382e-01
1.248270000000388791e-01
1.863639999999691099e-01
2.937329999999747088e-01
2.229560000000105902e-01
1.598600000000374166e-01
3.948540000000093642e-01
2.767856999999935397e+00
1.707770000000436994e-01
1.036700000000223554e-01
1.274659999999698812e-01
1.857829999999580650e-01
2.706580000000258224e-01
1.387920000000235632e-01
1.176769999999578431e-01
1.828790000000140026e-01
3.739590000000134751e-01
2.767426999999997861e+00
2.683719999999993888e-01
1.300529999999753272e-01
1.698120000000358232e-01
2.876190000000065083e-01
2.565169999999739048e-01
1.653660000000058972e-01
3.551939999999831343e-01
2.878670000000056461e-01
2.179259000000058677e+00
2.942589999999540851e-01
1.589759999999955653e-01
1.033850000000029468e-01
1.123370000000250002e-01
1.822379999999839129e-01
2.794999999999845386e-01
2.829790000000116379e-01
1.446669999999699030e-01
3.462040000000001783e-01
2.807380000000421205e-01
2.481653999999991811e+00
1.249639999999772044e-01
1.325479999999856773e-01
1.245080000000484688e-01
1.684450000000197178e-01
3.084969999999316315e-01
2.084780000000705513e-01
1.791249999999990905e-01
3.812019999999733955e-01
2.762089999999943757e-01
1.943878999999981261e+00
5.679140000000302280e-01
1.049639999999953943e-01
1.412839999999846441e-01
1.288319999999885113e-01
1.771919999999909123e-01
2.686620000000061737e-01
2.792600000000220462e-01
5.283259999999927459e-01
5.259369999999989886e-01
7.095110000000204309e-01
5.800729999999703068e-01
5.495189999999752217e-01
3.968840000000568580e-01
1.590639999999439169e-01
1.031060000000252330e-01
1.157180000000153086e-01
2.038830000000189102e-01
2.671739999999545034e-01
1.448030000000244399e-01
1.500739999999609608e-01
1.412670000000275650e-01
1.319540000000074542e-01
2.437400000000025102e-01
7.149160000000165383e-01
8.377889999999865722e-01
2.745019999999840365e-01
4.697140000000104010e-01
1.126899999999864121e-01
1.490040000000476539e-01
2.693129999999541724e-01
1.556950000000369982e-01
1.181070000000090658e-01
3.079649999999674037e-01
3.025489999999990687e-01
2.533339999999952852e-01
1.450800000000072032e-01
3.784939999999892279e-01
3.058350000000018554e-01
2.751309999999875799e-01
7.049410000000193577e-01
5.932640000000333202e-01
3.943859999999972388e-01
1.629309999999577485e-01
1.053660000000036234e-01
2.885749999999802640e-01
1.207260000000474065e-01
1.323219999999878382e-01
1.087009999999963838e-01
2.106999999999743522e-01
3.163570000000390792e-01
2.452549999999860120e-01
1.618609999999875981e-01
3.892270000000053187e-01
7.571070000000190703e-01
5.445880000000329346e-01
5.848289999999565225e-01
3.939179999999851134e-01
1.619440000000054170e-01
1.455010000000243053e-01
2.634459999999876345e-01
1.121969999999805623e-01
1.404100000000312320e-01
1.184410000000184482e-01
2.128329999999891697e-01
2.775589999999965585e-01
1.361239999999384054e-01
1.086980000000608015e-01
1.851599999999393731e-01
4.057480000000168729e-01
7.154290000000287364e-01
5.536050000000045657e-01
5.998219999999605534e-01
5.409250000000156433e-01
1.377640000000042164e-01
2.907250000000090040e-01
1.111690000000180589e-01
1.429769999999734864e-01
1.053770000000326945e-01
2.030199999999808824e-01
3.111989999999877909e-01
2.192499999999881766e-01
1.615240000000426335e-01
4.023730000000114160e-01
7.108449999999493230e-01
5.541450000000054388e-01
5.718069999999784159e-01
3.973980000000096879e-01
1.559200000000373620e-01
1.261289999999917200e-01
2.757290000000125474e-01
1.158319999999548600e-01
1.294740000000729196e-01
1.300889999999412794e-01
1.800880000000120162e-01
3.090829999999868960e-01
2.307979999999929532e-01
2.123070000000097934e-01
3.616729999999961365e-01
1.253992000000039297e+00
4.306869999999776155e-01
1.943409999999516913e-01
1.273850000000606997e-01
2.742279999999936990e-01
5.834399999999959618e-01
1.788819999999873289e-01
2.232070000000021537e-01
3.114579999999591564e-01
2.604340000000320288e-01
3.102299999999900137e-01
3.987660000000232685e-01
7.128309999999942193e-01
5.541440000000079635e-01
4.093819999999936954e-01
3.388729999999782194e-01
2.737680000000182190e-01
5.895199999999931606e-01
1.486240000000407235e-01
2.282960000000002765e-01
3.055349999999634747e-01
2.933270000000334221e-01
2.786169999999970059e-01
3.877719999999840184e-01
7.362380000000143809e-01
5.424069999999687752e-01
4.060059999999907632e-01
2.940060000000244145e-01
2.596489999999676002e-01
1.740810000000010405e-01
4.068450000000325417e-01
8.458950000000413638e-01
3.125609999999596766e-01
3.279739999999833344e-01
3.386019999999803076e-01
3.608470000000352229e-01
7.279093999999986409e+00
