2.039372999999997660e+00
1.972609999999974661e+00
1.213809000000011906e+00
1.170782000000002654e+00
1.145127000000002226e+00
1.212149999999923011e-01
1.062718000000003826e+00
1.190676999999993768e+00
1.180742999999992549e+00
1.143837000000004878e+00
1.191741000000007489e+00
1.184753999999998086e+00
1.169797999999985905e+00
1.167859000000021297e+00
1.150213999999976977e+00
1.201462000000020680e+00
1.578773000000012416e+00
1.878477000000003727e+00
1.189014999999983502e+00
1.185144000000008191e+00
2.722417000000007192e+00
3.157713200000000597e+01
2.869714999999985139e+00
1.131039999999984502e+00
1.136578000000014299e+00
1.135867000000018834e+00
1.135797999999994090e+00
1.131228999999962070e+00
1.127226000000007389e+00
1.107287000000013677e+00
1.108865999999977703e+00
1.133520000000032724e+00
1.108499999999992269e+00
1.153686999999990803e+00
1.127504000000016049e+00
3.390389999999996462e+00
1.139881000000002587e+00
1.597926999999998543e+00
2.737419999999985976e-01
4.546838000000008151e+00
1.605635999999975638e+00
1.197375999999991336e+00
2.084134000000005926e+00
2.980810000000246873e-01
1.554816999999985683e+00
1.744616000000007716e+00
1.208515999999974611e+00
1.141297000000008666e+00
1.136144000000001597e+00
1.158385000000009768e+00
1.148142000000007101e+00
1.148193000000020447e+00
1.168531999999970594e+00
1.115137000000004264e+00
1.189550999999994474e+00
1.142676000000022896e+00
2.271908999999965317e+00
4.044080000000178643e-01
2.046546000000006416e+00
2.565789999999879001e-01
9.074600000000145883e-01
2.653060000000095897e-01
8.207849999999723423e-01
2.748289999999826705e-01
9.035970000000190794e-01
2.479719999999758784e-01
8.759470000000249001e-01
2.704270000000121854e-01
9.000000000000056843e-01
2.540129999999862775e-01
1.127330000000029031e+00
9.339329999999392840e-01
2.832500000000095497e-01
8.592060000000003583e-01
2.729490000000396321e-01
9.061109999999814590e-01
2.517149999999901411e-01
8.463050000000293949e-01
2.695259999999848333e-01
8.981749999999806278e-01
2.737790000000188684e-01
8.557260000000042055e-01
2.750679999999761094e-01
9.009430000000122618e-01
2.636540000000024975e-01
8.492630000000076507e-01
2.810359999999718639e-01
8.956760000000372202e-01
2.604749999999853571e-01
8.470709999999996853e-01
2.737699999999847478e-01
8.735650000000418913e-01
2.577499999999872671e-01
8.555020000000013169e-01
2.870509999999910633e-01
8.650999999999839929e-01
2.814209999999945921e-01
8.516630000000020573e-01
2.760320000000149321e-01
8.725719999999910215e-01
2.605400000000201999e-01
8.516119999999602896e-01
2.710770000000195523e-01
8.871160000000202217e-01
2.648389999999949396e-01
8.337980000000015934e-01
2.854899999999815918e-01
9.216040000000020882e-01
2.692720000000008440e-01
8.013260000000173022e-01
2.811140000000023065e-01
8.749579999999923530e-01
2.663590000000226610e-01
8.425549999999475403e-01
2.772450000000503678e-01
8.747379999999793654e-01
2.602149999999596730e-01
8.538750000000163709e-01
2.929250000000251930e-01
8.719409999999925276e-01
2.647400000000175169e-01
8.316419999999880019e-01
2.860550000000330328e-01
9.337769999999636639e-01
2.685950000000048021e-01
7.620530000000371729e-01
2.946649999999522151e-01
8.516469999999571883e-01
2.582440000000474356e-01
8.363469999999892934e-01
2.738990000000285363e-01
8.846770000000105938e-01
2.657319999999572246e-01
8.582870000000184518e-01
2.691020000000321488e-01
8.476129999999670872e-01
2.673980000000142354e-01
8.473439999999641259e-01
2.523759999999697357e-01
9.047270000000366963e-01
2.554739999999924294e-01
7.755920000000173786e-01
6.333060000000045875e-01
5.830950000000143518e-01
5.815880000000106520e-01
5.819869999999696120e-01
5.834329999999567917e-01
5.828650000000834552e-01
5.825909999999225874e-01
1.112437000000056742e+00
1.558364999999980682e+00
1.155276000000014847e+00
2.035671999999976833e+00
2.966119999999818901e-01
1.468742000000020198e+00
7.395539999999982683e-01
1.076395000000047730e+00
1.165651999999965938e+00
1.108324999999979354e+00
1.149842999999975746e+00
6.810860000000502623e-01
4.742959999999811771e-01
1.115340000000003329e+00
7.175700000000233558e-01
4.688939999999774955e-01
1.095400999999981195e+00
1.110575000000039836e+00
1.156599999999968986e+00
1.122829000000024280e+00
1.130071999999984200e+00
1.162786999999980253e+00
1.093579000000033830e+00
1.165651000000025306e+00
2.954814999999939573e+00
1.623511000000007698e+00
1.116722000000038406e+00
1.113202000000001135e+00
1.150596999999947911e+00
1.124438000000054672e+00
1.144272999999998319e+00
1.234162999999966814e+00
2.181411000000025524e+00
1.115697000000011485e+00
1.147350999999957821e+00
1.128235000000017862e+00
1.157868000000007669e+00
2.689244999999971242e+00
8.673300000000381260e-01
2.900599999999826650e-01
8.488459999999804495e-01
2.543999999999755346e-01
8.631760000000667787e-01
2.453029999999785105e-01
8.605519999999842184e-01
2.726579999999785286e-01
8.311620000000630171e-01
2.537089999999579959e-01
8.456830000000081782e-01
2.490470000000186701e-01
8.482929999999555548e-01
2.630750000000148248e-01
8.472160000000030777e-01
2.776150000000257023e-01
8.431809999999586580e-01
2.642820000000369873e-01
8.579169999999862739e-01
2.728440000000205146e-01
8.328730000000064138e-01
2.761529999999652318e-01
8.245580000000245491e-01
2.712060000000064974e-01
8.582390000000259533e-01
2.746659999999678803e-01
8.217019999999592983e-01
2.680600000000481486e-01
8.390640000000075815e-01
2.689739999999574138e-01
8.255640000000425971e-01
2.837200000000166256e-01
3.148409999999444153e-01
5.469860000000039690e-01
2.606270000000563414e-01
8.257559999999557476e-01
2.757059999999569300e-01
8.224060000000577020e-01
2.747550000000273940e-01
7.951089999999680913e-01
2.797209999999950014e-01
8.310749999999984539e-01
2.658680000000117616e-01
8.214089999999600877e-01
2.730900000000247019e-01
8.322269999999889478e-01
2.707710000000247419e-01
8.104369999999789798e-01
2.726319999999873289e-01
8.224480000000085056e-01
2.669680000000198561e-01
8.594559999999660249e-01
2.552330000000324617e-01
8.162320000000136133e-01
2.840909999999894353e-01
8.344319999999925130e-01
2.582260000000360378e-01
8.164499999999748070e-01
2.704559999999673892e-01
8.774440000000254258e-01
2.700561999999990803e+00
1.595220999999980904e+00
1.098139000000003307e+00
2.052243000000032680e+00
2.989199999999527790e-01
1.398902000000020962e+00
2.556372000000010303e+00
1.545521999999948548e+00
6.826240000000325381e-01
4.593810000000075888e-01
1.094418000000018765e+00
1.119869999999991705e+00
1.165220000000033451e+00
1.127885999999989508e+00
1.307303999999987809e+00
5.095019999999976790e-01
1.565083000000015545e+00
1.129662999999993644e+00
1.095997000000011212e+00
1.111683999999968364e+00
1.157041000000049280e+00
2.937452999999948133e+00
1.553437000000030821e+00
1.138880999999969390e+00
1.111298000000033426e+00
1.154367999999976746e+00
1.097851999999988948e+00
1.161811000000000149e+00
1.123148000000014690e+00
1.158859000000006745e+00
1.129843999999991411e+00
2.206066999999961808e+00
