1.100450000000003925e-01
1.399239999999997153e-01
1.361809999999996634e-01
1.311190000000008737e-01
1.311070000000000846e-01
2.847010000000000929e-01
7.782869999999988408e-01
5.532589999999997232e-01
4.450120000000010734e-01
1.491349999999993514e-01
1.562109999999998777e-01
2.961140000000002104e-01
1.159570000000007539e-01
1.621479999999992927e-01
2.903300000000008652e-01
1.229409999999990788e-01
1.542270000000005581e-01
2.856649999999998357e-01
1.161279999999997870e-01
1.635380000000008494e-01
2.957140000000002544e-01
1.336549999999991911e-01
1.668690000000001561e-01
2.810109999999994557e-01
1.278050000000003905e-01
1.616470000000003182e-01
2.842470000000005825e-01
1.325829999999985631e-01
1.580630000000002866e-01
2.913610000000002032e-01
1.227079999999993731e-01
1.610070000000014545e-01
2.900299999999997880e-01
1.355109999999992709e-01
1.706289999999999196e-01
2.903190000000002158e-01
1.220169999999995980e-01
1.585040000000006444e-01
2.890619999999994860e-01
1.365160000000003038e-01
1.604089999999995797e-01
1.436469999999996361e-01
1.388510000000007238e-01
1.197170000000014056e-01
1.450060000000004123e-01
2.958029999999993720e-01
1.302129999999976917e-01
1.557140000000014624e-01
2.911029999999996676e-01
1.158739999999980341e-01
4.528970000000001050e-01
1.363410000000015998e-01
3.135200000000004650e-01
1.331259999999989674e-01
1.278480000000001837e-01
1.560489999999976618e-01
2.953850000000031173e-01
1.422980000000002576e-01
1.552949999999988506e-01
1.441289999999995075e-01
1.292709999999992476e-01
1.361710000000009302e-01
1.578210000000019875e-01
1.712419999999994502e-01
9.012200000000092359e-02
1.467249999999999943e-01
1.508590000000005205e-01
1.620439999999980785e-01
2.713870000000007110e-01
3.334639999999993165e-01
1.062279999999979907e-01
1.448600000000013210e-01
1.714979999999997062e-01
1.445579999999999643e-01
1.183259999999997092e-01
1.337460000000021410e-01
1.582860000000003708e-01
3.569659999999998945e-01
8.305000000000006821e-02
4.967409999999965464e-01
1.060840000000027317e-01
1.612240000000007001e-01
2.816369999999999152e-01
1.271099999999982799e-01
1.636950000000005900e-01
2.928589999999999804e-01
1.148819999999979302e-01
1.507240000000038549e-01
2.856190000000005114e-01
1.347500000000003695e-01
1.703129999999966060e-01
2.962540000000011275e-01
1.277639999999991005e-01
1.611299999999999955e-01
2.904499999999998749e-01
1.328269999999989182e-01
1.636490000000030420e-01
2.900639999999974350e-01
1.278950000000023124e-01
1.571799999999967667e-01
2.814670000000027983e-01
1.292679999999997165e-01
1.725029999999989627e-01
2.915320000000001244e-01
1.316530000000000200e-01
1.545280000000026632e-01
2.961539999999978079e-01
1.385730000000009454e-01
1.672659999999979163e-01
2.859600000000028786e-01
1.337799999999980116e-01
1.493260000000020682e-01
2.998979999999953350e-01
1.382180000000019504e-01
1.547960000000010439e-01
1.744840000000031921e-01
1.178049999999970510e-01
9.986100000000064369e-02
1.890489999999971360e-01
1.823250000000022908e-01
9.250199999999964007e-02
1.329820000000019320e-01
1.623789999999978306e-01
2.972479999999961819e-01
1.220690000000033137e-01
1.574819999999981235e-01
3.055190000000003181e-01
1.266340000000027999e-01
1.643279999999975871e-01
1.632309999999996819e-01
1.267880000000012330e-01
1.302040000000026509e-01
1.646739999999979887e-01
2.754130000000003520e-01
1.295370000000026778e-01
1.697039999999958582e-01
1.935040000000043392e-01
9.599400000000102295e-02
1.148549999999985971e-01
1.603339999999953136e-01
2.919090000000039709e-01
1.329829999999994072e-01
1.616239999999997679e-01
3.006099999999989336e-01
1.275900000000049772e-01
1.508469999999917377e-01
2.881960000000063360e-01
1.368129999999965207e-01
1.642130000000037171e-01
2.883319999999969241e-01
1.081100000000034811e-01
1.692499999999981242e-01
2.932759999999987599e-01
1.316920000000010305e-01
1.632519999999999527e-01
2.937390000000021928e-01
1.341889999999921201e-01
1.505739999999988754e-01
2.863330000000061659e-01
1.350509999999971456e-01
1.632740000000012515e-01
3.119609999999966021e-01
1.117450000000062005e-01
4.521140000000016812e-01
1.436919999999943798e-01
3.137299999999996203e-01
2.806870000000074583e-01
1.798279999999934375e-01
2.575360000000017635e-01
1.343360000000046739e-01
1.641169999999974038e-01
2.799479999999974211e-01
1.582970000000045729e-01
1.263379999999969527e-01
1.757189999999937413e-01
1.301540000000045438e-01
1.360379999999992151e-01
1.612610000000032073e-01
1.780509999999964066e-01
2.499950000000055184e-01
3.306819999999959236e-01
1.236529999999973484e-01
1.235050000000015302e-01
1.740819999999985157e-01
2.940120000000021605e-01
1.157079999999979236e-01
1.583020000000061600e-01
2.857989999999972497e-01
1.410219999999995366e-01
5.921349999999989677e-01
1.717750000000037858e-01
2.772190000000023247e-01
1.377869999999958850e-01
1.695779999999942333e-01
2.807300000000054752e-01
1.291459999999986508e-01
1.597450000000009140e-01
2.865559999999973684e-01
1.409770000000065693e-01
1.590889999999944848e-01
3.323350000000004911e-01
1.101050000000043383e-01
1.482059999999947308e-01
2.847440000000034388e-01
1.367830000000012092e-01
1.701399999999964052e-01
2.847970000000046298e-01
1.293949999999952638e-01
1.587310000000030641e-01
2.786449999999973670e-01
1.479769999999973606e-01
1.607300000000009277e-01
2.967520000000050118e-01
1.294579999999996289e-01
1.554609999999954084e-01
2.874740000000031159e-01
1.371679999999955157e-01
1.622580000000013456e-01
2.893380000000007612e-01
1.335809999999995057e-01
1.582170000000004961e-01
2.848680000000030077e-01
1.397660000000016112e-01
1.620440000000016312e-01
1.721669999999946299e-01
1.113959999999991624e-01
1.366160000000036234e-01
1.541549999999958231e-01
2.835410000000067043e-01
1.324519999999935749e-01
1.593510000000009086e-01
2.994440000000011537e-01
1.274859999999975457e-01
1.559949999999972192e-01
2.123900000000062960e-01
2.302469999999985362e-01
1.617129999999988854e-01
2.953690000000008808e-01
1.375370000000017967e-01
1.619019999999977699e-01
2.851580000000026871e-01
1.351500000000029900e-01
1.708819999999917627e-01
2.846290000000024634e-01
1.249560000000045079e-01
1.573769999999967695e-01
2.866970000000037544e-01
1.340730000000007749e-01
1.658549999999934244e-01
2.846520000000012374e-01
1.332979999999963638e-01
1.630090000000095074e-01
2.831589999999977181e-01
1.350179999999951974e-01
1.655510000000006698e-01
2.843119999999927927e-01
1.157310000000109085e-01
1.757780000000011000e-01
2.819449999999932288e-01
1.331630000000032510e-01
1.614800000000045088e-01
1.784379999999998745e-01
1.216019999999886636e-01
1.301540000000045438e-01
1.781030000000001223e-01
1.871329999999957749e-01
2.176410000000075229e-01
1.695809999999937645e-01
2.876180000000019277e-01
1.316800000000100113e-01
1.838519999999874699e-01
2.470040000000039981e-01
1.548839999999955808e-01
1.494489999999970564e-01
1.554450000000073828e-01
2.834840000000014015e-01
1.718159999999997467e-01
2.725150000000056139e-01
1.305039999999877409e-01
1.673690000000078726e-01
1.793049999999922761e-01
1.095940000000084069e-01
1.429359999999988418e-01
1.545550000000019963e-01
1.627219999999951483e-01
1.243530000000063751e-01
1.393849999999972056e-01
1.631870000000006371e-01
3.073420000000055552e-01
1.275499999999993861e-01
1.588709999999977640e-01
1.997689999999892052e-01
9.317800000000175942e-02
1.390150000000076602e-01
1.679829999999924439e-01
3.005229999999983193e-01
1.260190000000065425e-01
1.624410000000011678e-01
2.970469999999991728e-01
1.401339999999962060e-01
6.004610000000027981e-01
1.788219999999967058e-01
2.871260000000006585e-01
1.351420000000018717e-01
1.728120000000004097e-01
3.045420000000049754e-01
1.254259999999973729e-01
1.748049999999921056e-01
2.957950000000124646e-01
1.329379999999957818e-01
1.642310000000009040e-01
1.616479999999995698e-01
1.374279999999998836e-01
1.207299999999946749e-01
1.511830000000031760e-01
3.144800000000032014e-01
1.350369999999969650e-01
1.696760000000097079e-01
1.462439999999958218e-01
1.600699999999903866e-01
1.197119999999927131e-01
1.532210000000162609e-01
3.033489999999972042e-01
1.263589999999936708e-01
1.628930000000110567e-01
2.793089999999978090e-01
1.442689999999942074e-01
1.573139999999995098e-01
2.956460000000049604e-01
1.278969999999901574e-01
1.668449999999950251e-01
3.095260000000052969e-01
1.188790000000068403e-01
1.833299999999979946e-01
1.986050000000005866e-01
2.098829999999907159e-01
1.664040000000142072e-01
3.059839999999951488e-01
1.188929999999999154e-01
1.886030000000005202e-01
1.933049999999951751e-01
7.709700000000907494e-02
1.245090000000033115e-01
1.660479999999893153e-01
2.099970000000013215e-01
8.722399999999197462e-02
1.294450000000182399e-01
1.788389999999964175e-01
1.869649999999865031e-01
7.928800000000535420e-02
1.405010000000004311e-01
3.154640000000057398e-01
2.981249999999988631e-01
1.438330000000007658e-01
2.998479999999972279e-01
1.438699999999926149e-01
1.663479999999992742e-01
1.471030000000013160e-01
1.154060000000072250e-01
1.402460000000047557e-01
1.743969999999990250e-01
2.694089999999960128e-01
1.501009999999922684e-01
1.549119999999959418e-01
1.604660000000137643e-01
1.228199999999901593e-01
1.508139999999968950e-01
1.556550000000100908e-01
2.810589999999990596e-01
1.475149999999985084e-01
1.637570000000039272e-01
2.776450000000068030e-01
1.343199999999882266e-01
1.593050000000033606e-01
4.279410000000041236e-01
6.305720000000007985e-01
1.506109999999978299e-01
2.854559999999963793e-01
1.270669999999967104e-01
1.729870000000062191e-01
2.827199999999976399e-01
1.281570000000016307e-01
1.629429999999985057e-01
1.693420000000003256e-01
1.283549999999991087e-01
1.284689999999955035e-01
1.596779999999995425e-01
2.973050000000085902e-01
1.303920000000005075e-01
1.629310000000003811e-01
2.911209999999897491e-01
1.266940000000147393e-01
1.715629999999919164e-01
2.770019999999959737e-01
1.300279999999958136e-01
1.613780000000133441e-01
2.874829999999946040e-01
1.389020000000016353e-01
1.732060000000075206e-01
3.010929999999945039e-01
1.083909999999974616e-01
1.588210000000032096e-01
3.025889999999975544e-01
1.336809999999957199e-01
1.696670000000040091e-01
2.925579999999996517e-01
1.238510000000019318e-01
1.565310000000010859e-01
2.981979999999992970e-01
1.301399999999972579e-01
1.595760000000012724e-01
2.927319999999866695e-01
1.252810000000152968e-01
1.595339999999936254e-01
2.900640000000009877e-01
1.245560000000125456e-01
1.666989999999941574e-01
3.001079999999944903e-01
1.279969999999934771e-01
4.787020000000126174e-01
1.041809999999969705e-01
1.630590000000040618e-01
3.057619999999872107e-01
1.314800000000104774e-01
1.564019999999857191e-01
2.910760000000038872e-01
1.246119999999990569e-01
1.637820000000118625e-01
2.854370000000017171e-01
1.288069999999947868e-01
1.592569999999966512e-01
2.901240000000058217e-01
1.270399999999938245e-01
1.662269999999921311e-01
2.949580000000082691e-01
1.298900000000031696e-01
1.594719999999938409e-01
2.829169999999976426e-01
1.303220000000067103e-01
1.753659999999968022e-01
2.830930000000080327e-01
1.275139999999908014e-01
1.612949999999955253e-01
1.666090000000082227e-01
8.134599999999636566e-02
8.674600000000509681e-02
7.777699999999754255e-02
1.651560000000102946e-01
1.369409999999930960e-01
2.779379999999918027e-01
1.534220000000061646e-01
1.533119999999996708e-01
1.489689999999939118e-01
3.494550000000060663e-01
1.033950000000061209e-01
8.674439999999918882e-01
9.673149999999992588e-01
9.067799999999692773e-02
8.883500000000310592e-02
1.117789999999985184e-01
8.887400000000411637e-02
8.478000000000918135e-02
1.044929999999908432e-01
4.437190000000015289e-01
4.189169999999933225e-01
6.106099999999941019e-01
1.802590000000208192e-01
2.593319999999863512e-01
1.381970000000052323e-01
1.570860000000067203e-01
2.873340000000013106e-01
1.197469999999896118e-01
1.627140000000082409e-01
2.864569999999844185e-01
1.228170000000119444e-01
2.265299999999967895e-01
1.361529999999930851e-01
1.327080000000080418e-01
9.816599999999198189e-02
1.833200000000090313e-01
1.319380000000052178e-01
1.390209999999854062e-01
1.340780000000023620e-01
1.515660000000167429e-01
3.033949999999947522e-01
1.286499999999932697e-01
6.023739999999975225e-01
5.994220000000041182e-01
5.740509999999972024e-01
1.692730000000040036e-01
3.008279999999956544e-01
1.156530000000088876e-01
1.684859999999872571e-01
1.872920000000135587e-01
2.341890000000006467e-01
1.803049999999899455e-01
1.687629999999984420e-01
1.013219999999961374e-01
1.525620000000031951e-01
4.374820000000028131e-01
3.079530000000119117e-01
2.916969999999849961e-01
1.348020000000076379e-01
1.512979999999970460e-01
2.190449999999941610e-01
2.283770000000089340e-01
1.731259999999963384e-01
1.953979999999972961e-01
2.147260000000130731e-01
1.755500000000012051e-01
2.212639999999765905e-01
2.218460000000135324e-01
1.271179999999816346e-01
3.014670000000165828e-01
1.316199999999980719e-01
1.552119999999916899e-01
2.623460000000221726e-01
1.589529999999967913e-01
1.503749999999968168e-01
1.506930000000039627e-01
1.339559999999977435e-01
1.379199999999940474e-01
1.436020000000013397e-01
3.095530000000081827e-01
2.977359999999862339e-01
2.896949999999947067e-01
1.212000000000017508e-01
1.647200000000168529e-01
2.070089999999851216e-01
1.226120000000179289e-01
8.923799999998038857e-02
3.204550000000097043e-01
1.308949999999953206e-01
1.326459999999940464e-01
1.511680000000126256e-01
1.724879999999870961e-01
9.681100000001663375e-02
1.425539999999756446e-01
1.666770000000070695e-01
2.916259999999937236e-01
1.240110000000100854e-01
1.590290000000038617e-01
2.876490000000018199e-01
1.458609999999964657e-01
2.175590000000084956e-01
1.144379999999785014e-01
2.661630000000201335e-01
1.972279999999955180e-01
2.360460000000017544e-01
1.783219999999943184e-01
1.354909999999875936e-01
2.816560000000123409e-01
1.335920000000072605e-01
1.563980000000100290e-01
2.996349999999807778e-01
1.288340000000118835e-01
5.907780000000002474e-01
3.173089999999803013e-01
1.310520000000110485e-01
2.949780000000004065e-01
2.893390000000124473e-01
1.152409999999832735e-01
4.225580000000093150e-01
3.316460000000063246e-01
1.390379999999851179e-01
2.929709999999943193e-01
3.677120000000115851e-01
7.779599999999220472e-02
1.453030000000126165e-01
1.699820000000045184e-01
1.820529999999962456e-01
1.137409999999903221e-01
1.333979999999996835e-01
1.509679999999917754e-01
1.690830000000147493e-01
2.734709999999864749e-01
5.946280000000143673e-01
3.677699999999930469e-01
8.753700000001174431e-02
1.467909999999932324e-01
1.733569999999957645e-01
2.872599999999891907e-01
1.314530000000075916e-01
1.519650000000183354e-01
1.646439999999813608e-01
1.200379999999938718e-01
1.413370000000071514e-01
1.640320000000059508e-01
1.920149999999978263e-01
1.294060000000030186e-01
1.201090000000135660e-01
1.640159999999895035e-01
2.009979999999984557e-01
8.641899999999225201e-02
1.343400000000087857e-01
1.669490000000024565e-01
1.848629999999928941e-01
1.108509999999967022e-01
1.284530000000074779e-01
1.552279999999939264e-01
1.964020000000061827e-01
1.022179999999934807e-01
1.279870000000187247e-01
1.644689999999826568e-01
1.945540000000107739e-01
2.506510000000048421e-01
1.301249999999924967e-01
2.156049999999822830e-01
8.779500000001405624e-02
1.418760000000105492e-01
1.726839999999754127e-01
1.683920000000256323e-01
1.166089999999826432e-01
1.357500000000015916e-01
1.522840000000087457e-01
1.650520000000028631e-01
1.188459999999906813e-01
1.403580000000062000e-01
1.662629999999865049e-01
1.936389999999903466e-01
1.093249999999983402e-01
1.408230000000258997e-01
1.532899999999983720e-01
1.791049999999927422e-01
1.044740000000103919e-01
1.337119999999885067e-01
1.701170000000047366e-01
1.806049999999856936e-01
1.089070000000020855e-01
1.305679999999966867e-01
1.643340000000108603e-01
1.775080000000031077e-01
1.021140000000002601e-01
1.424030000000016116e-01
1.617290000000082273e-01
1.528229999999837219e-01
1.318679999999972097e-01
1.330049999999971533e-01
1.513989999999978409e-01
1.899689999999907286e-01
1.015060000000289619e-01
1.400489999999763313e-01
1.703030000000183009e-01
1.794130000000109249e-01
1.037729999999896791e-01
1.369250000000192813e-01
1.500479999999981828e-01
1.678729999999859501e-01
2.639859999999885076e-01
1.642009999999913816e-01
1.808970000000158507e-01
1.278190000000165583e-01
1.219250000000045020e-01
1.687989999999786050e-01
1.766149999999981901e-01
1.101189999999974134e-01
1.236790000000098644e-01
1.607349999999883039e-01
1.824800000000266209e-01
1.048839999999700012e-01
1.274439999999970041e-01
1.622580000000084510e-01
1.920900000000074215e-01
8.764500000000907676e-02
1.404639999999801603e-01
1.600190000000054624e-01
1.904049999999983811e-01
2.483550000000036562e-01
1.754159999999842512e-01
1.748520000000155505e-01
9.736000000000899490e-02
1.325469999999882020e-01
1.674330000000168184e-01
1.863059999999734373e-01
9.944999999999026841e-02
1.361580000000230939e-01
1.493909999999800675e-01
1.675720000000353593e-01
2.511169999999935953e-01
1.593429999999784741e-01
1.989920000000324762e-01
1.199359999999671800e-01
1.294490000000223517e-01
1.651310000000023592e-01
1.743089999999938300e-01
1.039159999999981210e-01
1.300469999999904758e-01
1.628479999999967731e-01
2.938489999999944757e-01
1.253150000000289310e-01
1.609019999999645734e-01
1.760080000000243672e-01
1.168509999999969295e-01
1.264639999999985776e-01
1.547950000000071213e-01
4.340399999999817737e-01
1.661890000000312284e-01
1.635339999999700922e-01
1.209910000000320451e-01
1.269779999999798292e-01
1.672299999999893316e-01
2.807730000000105974e-01
1.356059999999956744e-01
1.506420000000048276e-01
1.684380000000089694e-01
2.584379999999839583e-01
1.582889999999963493e-01
1.904560000000117270e-01
2.460499999999967713e-01
1.697059999999908086e-01
1.777280000000018845e-01
1.003570000000024720e-01
1.293180000000120344e-01
1.636410000000125819e-01
2.903609999999900992e-01
1.292090000000030159e-01
1.563329999999893971e-01
1.836120000000107666e-01
9.997999999998796739e-02
1.366840000000024702e-01
1.583789999999964948e-01
2.089499999999873125e-01
2.218050000000175714e-01
3.109439999999779047e-01
1.298820000000091568e-01
3.468330000000037217e-01
8.261899999999400279e-02
4.171640000000138571e-01
4.069289999999909924e-01
3.722360000000151103e-01
1.014369999999757965e-01
1.270530000000178461e-01
3.193780000000003838e-01
1.117909999999824322e-01
1.396680000000287691e-01
1.595919999999750871e-01
2.328919999999925494e-01
1.637360000000285254e-01
3.364279999999837401e-01
1.106249999999988631e-01
2.760290000000225064e-01
1.906279999999753727e-01
1.446740000000090731e-01
1.133700000000033015e-01
1.654020000000002710e-01
1.889819999999815536e-01
1.872180000000298605e-01
1.839629999999772281e-01
1.608280000000092969e-01
8.643799999998691419e-02
1.437940000000139662e-01
1.739210000000070977e-01
1.392879999999934171e-01
1.158680000000060772e-01
3.274380000000007840e-01
1.117189999999936845e-01
1.235319999999830998e-01
1.380840000000205237e-01
1.697800000000029286e-01
1.689460000000053697e-01
9.266999999999825377e-02
1.558289999999828979e-01
1.405799999999999272e-01
1.450350000000071304e-01
1.420899999999960528e-01
2.673910000000034870e-01
1.587719999999990250e-01
1.334639999999751581e-01
1.376910000000179934e-01
1.577560000000062246e-01
1.552399999999920510e-01
1.719999999999970441e-01
1.022580000000061773e-01
1.479070000000035634e-01
1.416580000000067230e-01
1.350309999999979027e-01
2.468369999999993070e-01
1.834680000000048494e-01
1.142409999999927095e-01
1.311739999999872452e-01
1.501930000000015752e-01
1.834010000000034779e-01
2.122249999999894499e-01
1.656320000000164328e-01
2.511749999999892680e-01
1.575410000000090349e-01
3.429340000000138389e-01
1.195709999999792217e-01
2.866620000000068558e-01
1.532789999999977226e-01
1.158360000000016043e-01
1.380659999999807042e-01
1.540660000000286800e-01
2.454559999999901265e-01
1.563859999999976935e-01
1.408419999999921401e-01
8.501300000000355794e-02
1.443920000000105119e-01
1.668729999999811753e-01
2.109550000000126602e-01
2.214360000000112905e-01
1.646010000000046603e-01
1.474619999999902120e-01
2.512399999999956890e-01
2.090430000000083055e-01
1.555820000000096570e-01
1.943179999999813390e-01
1.866550000000017917e-01
1.352059999999823958e-01
2.825450000000273576e-01
1.344259999999906086e-01
1.743230000000153268e-01
1.408149999999750435e-01
1.200130000000001473e-01
1.340990000000203963e-01
1.543859999999881438e-01
1.442649999999900956e-01
8.670000000000754881e-02
8.604900000000270666e-02
9.488500000000499313e-02
9.871699999999350439e-02
8.901600000001508306e-02
1.010159999999871161e-01
8.320700000001579610e-02
8.996199999998566454e-02
9.160699999998200838e-02
1.728400000000362979e-01
1.193480000000022301e-01
1.832419999999785887e-01
9.718699999999103056e-02
4.436259999999947468e-01
1.399120000000095843e-01
1.396880000000066957e-01
2.759690000000034615e-01
1.374930000000063046e-01
1.456869999999810261e-01
1.410549999999943793e-01
1.371890000000064447e-01
1.282569999999907395e-01
1.457809999999994943e-01
1.466670000000078744e-01
1.298610000000053333e-01
1.340940000000045984e-01
1.582930000000146720e-01
2.636739999999804240e-01
2.785330000000101336e-01
1.676690000000178316e-01
1.091629999999668144e-01
1.440730000000201017e-01
1.668729999999811753e-01
2.339290000000175951e-01
1.610579999999970369e-01
2.150189999999838619e-01
1.245109999999840511e-01
8.645500000002925844e-02
1.567739999999844258e-01
1.601890000000025793e-01
2.665100000000109048e-01
2.840899999999919601e-01
1.545580000000086329e-01
1.129379999999855499e-01
1.343800000000214823e-01
1.612269999999966785e-01
1.544700000000034379e-01
1.255290000000002237e-01
2.712199999999995725e-01
1.440289999999890824e-01
2.606750000000204182e-01
1.581399999999746342e-01
2.802650000000141972e-01
2.858529999999745996e-01
2.150259999999946103e-01
1.865910000000212676e-01
1.784849999999948977e-01
1.915309999999976753e-01
1.840960000000109176e-01
1.950370000000134496e-01
2.198359999999865977e-01
1.723810000000014497e-01
1.709749999999985448e-01
2.287369999999953052e-01
3.132700000000170348e-01
1.452239999999846987e-01
1.362550000000055661e-01
2.488639999999975316e-01
2.847319999999911033e-01
1.449500000000227828e-01
1.855699999999842476e-01
2.431360000000211130e-01
1.407260000000007949e-01
1.603549999999813735e-01
2.520549999999843749e-01
2.893430000000023483e-01
1.472960000000114178e-01
1.263029999999787378e-01
1.315710000000365199e-01
1.462859999999750471e-01
1.459380000000294331e-01
1.145719999999812444e-01
1.391099999999880765e-01
1.543010000000037962e-01
1.379690000000266537e-01
1.327619999999853917e-01
1.328379999999924621e-01
1.496599999999830288e-01
1.489800000000229829e-01
1.287309999999877164e-01
1.310490000000186228e-01
1.507560000000012224e-01
1.416849999999953980e-01
1.426309999999944012e-01
1.228919999999789070e-01
1.469610000000329819e-01
1.493399999999951433e-01
1.255939999999782231e-01
1.339700000000334512e-01
1.378809999999646152e-01
1.407350000000064938e-01
1.022140000000035798e-01
7.773900000000821819e-02
9.425999999999135071e-02
8.728700000000344517e-02
9.335100000001261833e-02
9.198999999998136445e-02
9.364999999999668034e-02
8.735100000001239096e-02
9.102500000000190994e-02
9.443400000000679029e-02
9.087399999998524436e-02
1.007850000000019008e-01
1.088459999999997763e-01
7.983699999999771535e-02
9.951899999998659041e-02
9.363600000000360524e-02
9.269199999999955253e-02
9.418100000002027627e-02
8.477800000000002001e-02
8.903599999999300962e-02
8.953800000000455839e-02
9.986999999998147359e-02
8.311900000001060107e-02
8.884299999999711872e-02
1.320260000000246237e-01
1.370509999999853790e-01
1.512119999999868014e-01
2.600999999999942247e-01
2.957300000000202544e-01
1.442889999999863448e-01
1.237320000000181608e-01
1.373949999999695137e-01
1.534920000000283835e-01
1.897270000000048640e-01
7.974699999999756983e-02
2.853899999999782722e-01
2.811159999999972570e-01
2.863049999999986994e-01
1.951370000000167693e-01
1.991859999999974207e-01
1.893759999999815591e-01
2.225080000000332348e-01
1.814749999999776264e-01
1.759610000000293439e-01
1.927359999999680440e-01
1.959540000000004056e-01
1.757310000000131822e-01
2.373389999999915290e-01
1.498510000000123910e-01
1.586640000000159034e-01
1.674109999999870979e-01
9.058999999999173269e-02
3.058829999999943539e-01
1.666189999999971860e-01
1.107930000000294513e-01
2.985379999999793199e-01
1.579710000000034142e-01
1.081009999999764659e-01
2.868340000000273449e-01
1.544030000000020664e-01
8.263399999998455314e-02
8.884700000001544140e-02
8.277599999999551983e-02
1.831609999999841421e-01
1.017520000000047276e-01
2.783080000000097698e-01
2.802279999999939264e-01
1.649690000000134660e-01
1.089509999999904721e-01
1.668250000000170985e-01
1.132689999999740849e-01
1.592840000000137479e-01
1.105530000000101154e-01
1.885719999999935226e-01
1.168219999999848824e-01
1.151179999999953907e-01
1.453070000000025175e-01
1.633260000000120726e-01
1.993950000000097589e-01
1.783639999999877546e-01
1.923710000000085074e-01
2.596179999999890242e-01
1.342439999999953670e-01
1.647729999999967276e-01
2.546480000000030941e-01
1.667810000000145010e-01
2.932689999999809061e-01
1.274980000000027758e-01
2.739789999999970860e-01
1.980080000000157270e-01
7.976700000000391810e-02
2.899729999999749452e-01
1.562760000000196214e-01
1.282809999999869888e-01
1.547209999999950014e-01
1.318070000000091113e-01
2.755909999999914817e-01
2.892780000000243490e-01
1.601749999999810825e-01
1.190600000000188174e-01
1.482639999999832980e-01
1.390120000000081291e-01
1.534729999999910888e-01
1.249870000000044001e-01
1.446640000000058990e-01
1.289969999999982520e-01
1.529020000000116397e-01
1.246389999999735210e-01
1.527969999999925221e-01
1.298450000000173077e-01
1.571360000000083801e-01
1.235320000000115215e-01
1.500719999999944321e-01
2.973229999999773554e-01
1.389660000000105811e-01
4.507340000000112923e-01
1.186820000000068376e-01
2.613119999999753418e-01
2.372110000000020591e-01
1.949800000000152522e-01
3.843919999999911852e-01
3.267330000000185919e-01
2.483659999999758838e-01
1.783819999999991524e-01
3.383020000000271921e-01
1.032659999999907541e-01
3.049019999999984520e-01
1.581369999999822085e-01
1.000219999999956144e-01
1.412530000000060681e-01
1.647460000000080527e-01
1.517089999999825523e-01
9.470600000000217733e-02
1.615940000000080090e-01
2.902929999999912525e-01
1.489600000000166347e-01
2.774569999999982883e-01
1.580219999999883385e-01
1.393320000000244363e-01
2.934399999999754982e-01
1.721660000000042601e-01
1.062860000000114269e-01
1.184859999999900992e-01
1.730740000000139389e-01
1.505789999999933571e-01
7.015159999999980300e-01
1.427720000000078926e-01
1.377740000000073906e-01
1.482589999999959218e-01
1.498089999999763222e-01
1.412480000000186919e-01
1.362729999999885422e-01
1.525489999999933843e-01
1.339810000000056789e-01
1.860700000000008458e-01
8.809700000000475484e-02
1.547370000000114487e-01
1.095959999999820411e-01
7.790900000000533510e-02
8.301199999999653301e-02
1.526680000000055770e-01
1.541349999999965803e-01
2.947800000000029286e-01
3.231369999999742504e-01
1.040330000000153632e-01
1.310500000000160981e-01
1.552069999999901029e-01
1.589460000000144646e-01
1.293009999999981119e-01
1.368229999999925894e-01
1.488130000000182918e-01
1.563729999999736719e-01
1.247659999999939373e-01
1.315030000000092514e-01
1.605070000000239361e-01
1.611109999999769116e-01
1.414729999999906340e-01
1.383090000000208875e-01
1.877709999999979118e-01
1.222969999999747870e-01
1.302240000000267628e-01
1.461400000000026012e-01
1.558939999999893189e-01
1.444779999999923348e-01
8.389700000000743785e-02
1.710560000000214131e-01
1.088139999999668817e-01
8.297100000001478293e-02
8.625499999999419742e-02
8.258399999999710417e-02
8.528699999999389547e-02
7.874300000000289401e-02
6.041769999999928586e-01
3.023590000000240252e-01
1.391929999999774736e-01
1.173590000000217515e-01
1.608169999999802258e-01
1.830970000000036180e-01
1.108170000000257005e-01
1.286499999999932697e-01
1.476470000000063010e-01
1.639639999999644715e-01
1.225170000000161963e-01
1.364880000000141536e-01
1.597670000000164237e-01
2.942259999999521369e-01
1.295580000000313703e-01
3.561549999999726879e-01
8.372800000003621790e-02
1.309299999999780084e-01
1.669260000000178934e-01
1.632209999999929551e-01
1.223909999999648335e-01
1.248620000000073560e-01
1.595130000000040127e-01
1.807220000000029358e-01
9.747000000001548869e-02
1.400389999999731572e-01
1.613450000000113960e-01
1.864230000000191012e-01
1.159589999999752763e-01
1.366669999999885476e-01
1.570269999999993615e-01
1.773910000000284981e-01
1.147160000000155833e-01
1.318949999999574629e-01
1.606630000000563996e-01
2.775209999999788124e-01
1.367150000000094678e-01
1.504290000000025884e-01
1.592819999999619540e-01
1.350700000000131240e-01
1.273690000000158307e-01
1.633549999999672764e-01
1.686550000000295313e-01
1.454379999999844131e-01
1.251230000000020937e-01
1.312609999999949650e-01
1.748669999999776792e-01
1.312350000000321870e-01
1.257439999999974134e-01
1.632939999999791780e-01
2.795849999999973079e-01
1.309160000000417767e-01
1.581499999999778083e-01
1.721060000000136370e-01
9.983300000001804619e-02
1.377179999999498250e-01
1.576210000000060063e-01
2.954579999999964457e-01
1.315910000000144464e-01
1.628110000000049240e-01
1.343700000000183081e-01
1.390819999999735046e-01
1.333640000000286818e-01
1.591789999999946303e-01
2.842390000000136752e-01
1.360709999999869524e-01
1.477050000000019736e-01
1.587969999999927495e-01
1.184039999999697557e-01
1.332160000000044420e-01
1.596609999999998308e-01
1.750470000000063919e-01
1.247730000000046857e-01
1.294319999999800075e-01
1.604039999999997690e-01
1.760900000000447108e-01
1.029549999999801457e-01
1.257430000000283599e-01
1.573389999999506017e-01
1.730430000000353630e-01
1.167029999999726897e-01
1.270570000000361688e-01
1.503449999999588726e-01
1.517440000000078726e-01
1.366970000000264918e-01
1.336890000000039436e-01
1.597020000000100026e-01
1.588459999999827232e-01
1.451849999999978991e-01
1.300869999999747506e-01
1.573309999999992215e-01
1.913390000000276814e-01
9.531699999999432293e-02
1.340430000000196742e-01
1.640979999999956362e-01
2.819929999999715164e-01
1.374849999999980810e-01
1.456190000000106011e-01
1.580729999999732627e-01
1.202390000000264081e-01
1.336479999999937718e-01
1.620750000000157343e-01
1.977859999999793672e-01
1.026959999999803586e-01
1.306740000000274904e-01
1.585520000000144591e-01
1.415599999999983538e-01
1.331649999999910960e-01
2.750009999999747379e-01
1.453720000000373602e-01
4.231890000000078089e-01
3.996750000000020009e-01
1.029256000000003723e+00
1.322989999999606425e-01
1.561590000000023792e-01
1.494910000000118089e-01
1.431700000000262207e-01
2.721119999999643824e-01
1.539039999999829433e-01
1.176690000000633063e-01
1.490409999999542379e-01
3.032230000000026848e-01
1.349360000000388027e-01
1.299579999999593838e-01
3.110030000000278960e-01
1.241659999999455977e-01
1.320490000000233977e-01
1.660759999999754655e-01
2.791520000000105028e-01
1.369600000000161799e-01
1.403030000000171640e-01
2.734690000000057353e-01
1.369679999999675601e-01
4.467820000000415348e-01
1.331069999999670017e-01
3.110419999999862739e-01
1.249270000000137770e-01
1.380070000000159780e-01
1.574489999999855172e-01
2.704650000000015098e-01
1.404260000000192576e-01
1.461019999999848551e-01
1.580870000000231812e-01
1.394999999999981810e-01
1.304869999999596075e-01
1.554220000000157142e-01
1.491469999999992524e-01
1.226869999999848915e-01
1.434040000000038617e-01
4.366780000000289874e-01
1.583589999999901465e-01
1.817560000000071341e-01
8.177499999999326974e-02
4.181310000000166838e-01
1.842989999999815609e-01
2.730200000000024829e-01
5.793819999999811898e-01
3.312560000000246418e-01
9.991800000000239379e-02
1.492779999999811480e-01
3.477560000000039508e-01
8.805099999997878513e-02
3.025680000000363634e-01
2.758490000000222153e-01
1.368299999999749161e-01
1.596539999999890824e-01
1.556229999999914071e-01
1.391890000000159944e-01
1.331460000000106447e-01
3.218080000000043128e-01
1.170809999999562478e-01
1.445850000000064028e-01
1.541380000000458494e-01
1.487019999999574793e-01
1.269389999999930296e-01
2.862440000000106011e-01
1.545229999999833126e-01
1.120940000000132386e-01
1.422210000000347918e-01
1.561619999999663833e-01
1.488050000000384898e-01
1.330649999999877764e-01
1.307749999999998636e-01
1.564069999999730953e-01
1.684180000000310429e-01
1.193609999999694082e-01
1.451340000000413966e-01
1.482309999999529282e-01
1.568530000000407654e-01
1.241319999999745960e-01
2.801280000000190284e-01
1.551980000000128257e-01
1.107619999999656102e-01
1.477300000000241198e-01
3.141579999999919437e-01
1.443179999999699703e-01
1.242120000000284108e-01
1.568049999999630018e-01
2.907880000000488963e-01
1.457549999999798729e-01
1.474369999999964875e-01
1.573790000000201417e-01
1.277289999999879910e-01
2.709440000000142845e-01
1.749089999999853262e-01
1.019289999999841712e-01
1.469439999999906377e-01
1.642430000000274504e-01
1.523299999999778720e-01
1.419390000000078089e-01
1.275910000000237687e-01
1.578729999999950451e-01
1.646639999999592874e-01
1.175730000000214659e-01
1.539820000000133859e-01
1.399850000000242289e-01
1.688519999999869015e-01
1.094819999999856464e-01
2.784379999999941901e-01
1.549689999999941392e-01
1.006780000000162545e-01
1.551100000000076307e-01
1.546329999999613847e-01
1.501970000000198979e-01
1.341850000000306409e-01
1.264759999999682805e-01
1.578760000000158925e-01
2.774619999999572428e-01
1.483150000000534874e-01
1.356099999999571537e-01
1.413349999999979900e-01
1.463310000000319633e-01
1.453039999999816700e-01
1.307790000000181863e-01
1.453029999999841948e-01
1.110170000000323398e-01
1.471539999999436077e-01
1.423210000000665332e-01
1.691089999999633164e-01
1.300090000000011514e-01
1.289270000000044547e-01
1.587810000000047239e-01
2.693779999999605934e-01
1.526130000000591735e-01
1.392600000000072669e-01
1.868399999999894590e-01
1.015549999999620923e-01
2.895460000000014134e-01
1.532980000000065957e-01
1.109399999999993724e-01
1.454139999999881638e-01
1.517690000000015971e-01
1.566880000000310247e-01
1.292509999999822412e-01
1.325190000000020518e-01
1.533200000000078944e-01
1.693029999999851043e-01
1.146510000000375840e-01
1.441069999999626816e-01
1.414990000000386772e-01
1.503739999999709198e-01
1.281379999999785468e-01
2.725780000000384007e-01
1.496060000000056789e-01
1.280270000000029995e-01
1.478719999999782431e-01
1.422379999999918709e-01
1.752709999999808588e-01
1.450140000000033069e-01
1.106859999999869615e-01
3.322540000000060445e-01
1.025610000000369837e-01
1.366730000000018208e-01
1.463889999999707925e-01
1.619870000000105392e-01
1.287089999999864176e-01
2.790249999999900865e-01
1.472670000000562140e-01
1.142759999999611864e-01
1.492360000000019227e-01
1.570440000000417058e-01
1.522459999999909996e-01
1.311570000000017444e-01
1.258879999999749089e-01
1.606090000000222062e-01
1.758469999999761058e-01
1.117720000000304026e-01
1.440419999999562606e-01
1.506800000000225737e-01
1.482120000000008986e-01
1.272430000000213113e-01
2.823069999999461288e-01
1.361919999999940956e-01
1.162669999999934589e-01
1.472130000000788641e-01
1.514969999999493666e-01
1.535200000000145337e-01
1.272819999999796892e-01
1.320760000000404943e-01
1.562369999999759784e-01
1.731030000000259861e-01
1.072339999999485372e-01
1.365010000000665968e-01
1.477059999999141837e-01
1.512260000000651416e-01
1.313779999999837855e-01
1.377430000000003929e-01
1.373910000000364562e-01
1.538899999999898682e-01
1.166529999999283973e-01
1.449980000000437030e-01
1.496689999999603060e-01
1.550370000000498294e-01
1.304989999999861539e-01
1.311880000000087421e-01
1.547919999999862739e-01
1.556160000000090804e-01
1.160590000000070177e-01
1.542579999999702522e-01
1.465850000000159525e-01
1.467770000000427899e-01
1.347959999999943648e-01
1.395419999999489846e-01
1.320380000000227483e-01
1.536649999999895044e-01
1.111769999999978609e-01
1.570920000000342043e-01
1.425079999999638858e-01
1.723650000000134241e-01
1.358999999999923602e-01
1.290000000000190994e-01
4.229739999999537758e-01
1.366629999999986467e-01
1.456680000000574182e-01
1.644149999999626743e-01
1.271570000000110667e-01
1.410490000000095279e-01
1.357409999999958927e-01
1.484600000000000364e-01
1.212370000000078107e-01
1.537329999999883512e-01
1.448069999999574975e-01
4.185960000000363834e-01
1.558550000000309410e-01
2.792289999999866268e-01
1.386789999999678002e-01
1.383770000000481559e-01
1.930339999999546308e-01
8.830899999998109706e-02
1.382670000000416621e-01
1.448039999999650718e-01
1.424320000000420805e-01
1.141179999999621941e-01
1.529930000000376822e-01
1.414260000000240325e-01
1.712939999999889551e-01
1.258429999999748361e-01
1.293499999999880856e-01
1.595260000000280343e-01
1.524769999999762149e-01
1.054850000000442378e-01
1.409849999999437387e-01
1.430040000000190048e-01
1.525720000000205800e-01
1.288839999999709107e-01
2.804330000000163636e-01
1.384319999999661377e-01
1.209720000000515938e-01
1.468649999999911415e-01
1.415559999999800311e-01
1.590209999999956381e-01
1.345260000000507716e-01
1.271589999999491738e-01
1.565689999999904103e-01
1.544799999999781903e-01
1.105650000000650834e-01
1.465419999999539868e-01
1.459850000000528780e-01
1.461319999999659558e-01
1.387739999999553220e-01
1.339700000000334512e-01
1.373960000000238324e-01
1.521430000000236760e-01
1.188819999999282118e-01
1.441490000000271721e-01
1.470130000000153814e-01
1.598789999999894462e-01
1.394060000000081345e-01
1.195020000000113214e-01
1.624770000000239634e-01
2.708749999999895408e-01
1.382310000000188666e-01
1.415919999999459833e-01
1.517939999999953216e-01
1.333730000000059590e-01
2.714719999999601896e-01
1.457000000000334694e-01
1.189580000000205473e-01
1.476279999999974279e-01
1.465569999999729589e-01
4.221540000000345572e-01
1.544690000000059626e-01
1.544599999999718420e-01
1.125690000000076907e-01
1.355970000000183973e-01
1.439039999999636166e-01
1.523290000000088185e-01
1.316370000000119944e-01
1.319740000000138025e-01
1.466330000000084510e-01
1.426169999999729043e-01
1.228820000000041546e-01
1.385080000000016298e-01
2.950480000000084146e-01
5.832149999999955980e-01
5.748740000000225336e-01
5.838489999999865177e-01
5.870959999999740830e-01
5.971539999999890824e-01
5.574310000000082255e-01
4.133299999999735519e-01
1.618890000000305918e-01
2.477420000000165601e-01
5.825309999999603860e-01
3.304730000000404289e-01
8.832099999995079997e-02
1.448450000000320870e-01
1.619640000000117652e-01
1.718900000000189721e-01
1.077329999999960819e-01
1.404459999999971842e-01
1.488860000000045147e-01
1.526879999999550819e-01
1.205630000000610380e-01
1.329819999999699576e-01
1.575209999999742649e-01
1.909279999999853317e-01
9.905800000001363514e-02
1.337910000000306354e-01
1.656939999999735846e-01
1.444089999999960128e-01
1.223610000000121545e-01
2.893129999999928259e-01
1.477160000000594664e-01
1.422319999999785978e-01
1.273649999999975080e-01
1.185689999999794964e-01
1.485220000000140317e-01
1.902810000000272339e-01
3.990469999999390893e-01
2.578020000000265100e-01
2.931519999999636639e-01
4.202640000000315013e-01
2.733299999999871943e-01
1.208459999999718093e-01
1.501990000000432701e-01
1.664370000000303662e-01
2.595460000000002765e-01
3.351709999999457068e-01
2.491989999999759675e-01
1.562260000000605942e-01
1.521859999999719548e-01
1.271220000000425898e-01
1.487469999999575521e-01
1.396340000000577675e-01
2.705179999999245410e-01
1.373270000000275104e-01
1.414750000000140062e-01
1.367569999999886932e-01
1.269849999999905776e-01
1.321450000000368163e-01
1.575349999999957618e-01
1.496029999999564097e-01
2.772810000000163200e-01
1.491829999999936263e-01
1.757000000000061846e-01
1.131870000000390064e-01
1.291599999999561987e-01
1.628130000000282962e-01
1.546379999999771826e-01
1.108570000000099753e-01
1.409859999999980573e-01
1.482159999999907996e-01
1.587609999999699539e-01
1.199550000000613181e-01
1.337669999999775428e-01
1.632859999999709544e-01
2.929579999999987194e-01
1.301770000000033178e-01
1.436960000000340187e-01
1.763559999999984029e-01
9.230300000001534499e-02
1.362649999999803185e-01
1.596319999999877837e-01
2.807559999999966749e-01
1.343140000000175860e-01
1.572009999999863794e-01
1.529889999999909378e-01
1.204510000000027503e-01
1.376439999999661268e-01
1.495850000000018554e-01
1.548470000000747859e-01
1.290959999999472529e-01
1.320220000000063010e-01
1.494480000000635300e-01
1.652669999999716310e-01
1.294939999999655811e-01
1.198820000000182517e-01
1.655879999999569918e-01
1.523380000000429391e-01
1.082949999999982538e-01
1.426579999999830761e-01
1.486740000000281725e-01
1.619719999999915672e-01
1.182890000000043074e-01
1.321639999999888460e-01
1.606500000000323780e-01
2.018959999999765387e-01
2.288869999999860738e-01
1.616999999999961801e-01
1.597219999999879292e-01
1.100810000000365108e-01
1.297589999999786414e-01
1.600080000000048130e-01
1.828330000000164546e-01
9.416199999998298154e-02
1.352699999999913416e-01
1.494800000000395812e-01
1.472279999999841493e-01
1.291789999999650718e-01
1.348470000000361324e-01
1.507339999999999236e-01
1.574029999999879692e-01
2.681029999999964275e-01
1.375120000000151776e-01
1.977769999999736683e-01
9.302200000001903391e-02
1.286569999999755964e-01
1.663900000000353430e-01
1.689909999999485990e-01
9.471899999999777719e-02
1.383749999999963620e-01
1.674540000000206419e-01
1.556750000000306500e-01
1.137909999999919819e-01
1.294379999999932807e-01
1.621519999999918582e-01
1.692810000000122272e-01
1.099220000000400432e-01
1.293349999999122701e-01
1.513680000000476866e-01
1.894100000000094042e-01
9.319899999997005580e-02
1.300990000000297186e-01
1.672839999999951033e-01
1.678919999999948232e-01
1.062079999999809843e-01
1.361860000000660875e-01
1.474429999999529173e-01
1.554659999999898901e-01
1.208189999999831343e-01
1.253730000000246037e-01
1.500829999999950815e-01
1.624189999999998690e-01
2.544829999999933534e-01
1.647659999999859792e-01
1.543270000000234177e-01
1.132800000000315777e-01
1.256699999999568718e-01
1.680630000000178370e-01
1.602879999999800020e-01
1.085370000000125401e-01
1.352899999999976899e-01
1.541970000000105756e-01
1.577159999999935280e-01
1.202589999999759129e-01
1.313510000000519540e-01
1.631589999999505380e-01
1.855160000000068976e-01
2.361230000000205109e-01
1.490900000000010550e-01
1.584200000000350883e-01
1.108919999999784523e-01
1.373669999999833635e-01
1.589010000000143918e-01
1.558789999999703468e-01
1.158750000000168257e-01
1.320269999999936772e-01
1.462680000000204927e-01
1.558210000000030959e-01
1.211359999999785941e-01
1.437099999999986721e-01
1.451250000000072760e-01
1.537860000000250693e-01
2.740259999999921092e-01
1.488399999999501233e-01
2.901370000000156324e-01
1.417359999999803222e-01
1.705750000000421096e-01
1.902360000000271611e-01
8.600699999999505962e-02
1.392359999999825959e-01
1.530349999999884858e-01
1.564740000000028886e-01
1.204119999999875290e-01
1.340129999999817301e-01
1.614079999999944448e-01
2.845750000000180080e-01
1.342579999999884421e-01
1.610540000000355576e-01
1.611100000000078580e-01
1.158799999999473584e-01
1.331979999999930442e-01
1.647650000000453474e-01
2.607489999999756947e-01
1.405839999999898282e-01
1.435890000000199507e-01
1.565560000000232321e-01
1.143359999999802312e-01
1.402999999999678948e-01
2.055910000000267246e-01
8.435400000001891385e-02
1.553179999999656502e-01
1.446100000000001273e-01
1.454990000000293549e-01
1.737029999999890606e-01
9.697499999998626663e-02
1.409669999999891843e-01
1.647710000000301989e-01
2.745610000000056061e-01
1.424739999999928841e-01
1.427729999999769461e-01
1.578810000000316904e-01
1.160689999999817701e-01
1.353689999999687643e-01
1.592090000000325745e-01
1.624610000000075161e-01
1.186149999999770444e-01
1.277970000000436812e-01
1.547179999999457323e-01
1.590400000000613545e-01
1.178289999999719839e-01
1.317139999999881184e-01
1.570899999999824104e-01
1.762890000000538748e-01
8.956899999998313433e-02
1.388180000000147629e-01
1.429999999999722604e-01
1.432149999999978718e-01
1.302320000000349864e-01
1.434179999999969368e-01
1.501169999999660831e-01
1.511280000000283508e-01
2.704249999999888132e-01
1.654429999999820211e-01
1.519530000000486325e-01
1.243660000000090804e-01
1.226879999999823667e-01
1.690679999999815664e-01
2.721700000000168984e-01
1.425489999999740576e-01
1.476980000000480686e-01
1.576299999999832835e-01
1.106799999999452666e-01
1.292730000000119617e-01
1.569309999999859428e-01
1.856930000000147629e-01
1.014660000000162654e-01
1.327349999999682950e-01
1.551709999999957290e-01
1.597360000000662694e-01
1.204299999999420834e-01
1.302560000000312357e-01
1.625430000000278596e-01
1.689209999999548018e-01
1.014109999999845968e-01
1.364190000000462533e-01
1.536999999999579813e-01
1.598420000000260188e-01
1.187850000000025830e-01
1.359149999999544889e-01
1.574250000000461114e-01
1.753429999999980282e-01
1.022499999999695319e-01
1.312650000000417094e-01
1.653939999999920474e-01
1.640149999999493957e-01
1.220850000000268665e-01
1.283899999999675856e-01
1.702060000000074069e-01
2.746320000000537220e-01
1.367539999999962674e-01
1.450279999999679603e-01
1.585650000000100590e-01
1.154390000000375949e-01
1.376419999999711763e-01
1.554199999999923421e-01
1.681770000000142318e-01
1.055020000000013169e-01
1.313490000000001601e-01
1.592859999999518550e-01
1.609360000000492619e-01
1.197429999999712891e-01
1.362410000000409127e-01
1.545889999999872089e-01
1.453399999999760439e-01
9.240099999999529246e-02
7.828000000000656655e-02
8.153900000002067827e-02
6.122260000000210312e-01
1.153773999999998523e+00
1.099056999999959316e+00
1.112595999999996366e+00
4.420490000000540931e-01
4.434819999999604079e-01
2.157070000000089749e-01
1.748259999999959291e-01
2.675619999999980791e-01
6.746480000000474320e-01
1.567259999999350839e-01
8.274250000000051841e-01
1.107450000000085311e-01
1.107019999999977244e+00
1.124838000000011107e+00
1.106494000000054712e+00
1.260623000000009597e+00
5.926539999999818065e-01
3.914439999999785869e-01
1.555050000000051114e-01
5.615089999999440806e-01
3.789450000000442742e-01
1.132935999999972410e+00
1.084836000000052536e+00
1.112794000000008054e+00
3.484689999999659449e-01
4.733520000000339678e-01
1.306179999999699248e-01
1.515459999999961838e-01
2.984159999999747015e-01
1.187080000000264590e-01
1.316909999999893444e-01
1.579619999999977153e-01
1.366880000000492146e-01
1.242669999999748143e-01
1.471789999999941756e-01
1.554600000000050386e-01
1.455309999999485626e-01
1.192420000000424807e-01
2.600079999999707070e-01
1.472470000000498658e-01
1.225789999999733482e-01
1.493020000000342407e-01
1.528629999999679967e-01
2.822280000000318978e-01
1.242839999999887368e-01
1.514020000000186883e-01
1.471119999999928041e-01
1.123299999999858301e-01
1.339499999999702595e-01
1.405830000000491964e-01
1.467819999999733227e-01
1.262370000000032633e-01
2.711069999999722313e-01
1.364869999999882566e-01
1.314150000000040563e-01
1.358550000000491309e-01
1.456650000000081491e-01
1.504859999999439424e-01
1.197550000000546788e-01
1.302639999999541942e-01
1.545500000000288310e-01
1.398649999999861393e-01
1.123440000000073269e-01
1.430449999999723332e-01
1.421859999999810498e-01
1.381150000000275213e-01
1.327430000000049404e-01
1.339869999999905303e-01
1.268600000000219552e-01
1.541449999999713327e-01
1.164980000000355176e-01
1.495309999999676620e-01
1.464520000000106847e-01
1.580390000000306827e-01
1.250029999999924257e-01
1.256720000000086657e-01
1.524479999999925894e-01
1.472399999999538522e-01
1.056280000000242580e-01
1.345570000000293476e-01
1.407740000000217151e-01
1.459209999999870888e-01
1.180019999999899483e-01
2.574290000000019063e-01
1.519719999999438187e-01
1.177780000000439031e-01
1.428619999999796164e-01
1.409689999999841348e-01
2.900450000000205364e-01
1.222569999999905122e-01
1.558019999999942229e-01
1.542640000000119471e-01
1.067859999999996035e-01
1.396860000000401669e-01
1.522949999999809734e-01
1.518309999999587490e-01
1.188109999999937827e-01
2.577499999999872671e-01
1.461830000000077234e-01
1.213270000000079563e-01
1.465780000000336258e-01
1.372319999999831452e-01
1.651899999999955071e-01
1.222460000000182845e-01
1.248340000000212058e-01
1.575550000000021100e-01
1.327799999999683678e-01
1.144289999999728025e-01
1.359290000000328291e-01
1.450240000000349028e-01
1.434779999999591382e-01
1.313979999999901338e-01
1.390380000000277505e-01
1.251070000000140681e-01
1.488600000000133150e-01
1.174209999999789034e-01
1.447679999999422762e-01
1.460820000000353502e-01
1.598900000000185173e-01
1.261579999999753454e-01
1.255480000000375185e-01
1.542309999999815773e-01
1.516219999999748325e-01
1.183250000000271029e-01
1.353770000000054097e-01
1.437399999999797728e-01
1.429479999999898610e-01
1.245150000000307955e-01
2.770570000000134314e-01
1.530529999999430402e-01
7.176269999999931315e-01
1.434080000000221844e-01
1.256210000000237414e-01
2.126420000000166510e-01
1.774409999999875254e-01
1.295849999999632018e-01
1.464560000000574291e-01
1.221180000000003929e-01
1.926539999999477004e-01
7.570100000003776586e-02
1.436339999999631800e-01
1.235189999999874999e-01
1.300170000000662185e-01
1.522999999999683496e-01
1.500570000000038817e-01
2.647379999999657230e-01
1.407570000000077926e-01
1.860819999999989705e-01
9.201300000000856016e-02
1.263440000000173313e-01
1.666940000000067812e-01
1.571099999999887586e-01
1.129910000000222681e-01
1.511839999999438078e-01
1.371359999999981483e-01
1.583880000000590371e-01
1.143809999999803040e-01
1.341419999999970969e-01
1.521989999999959764e-01
1.723349999999754800e-01
1.111980000000016844e-01
1.283750000000054570e-01
1.544160000000260879e-01
1.437980000000038672e-01
1.264759999999682805e-01
2.756980000000339714e-01
1.522729999999796746e-01
3.104579999999828033e-01
8.801700000003620517e-02
2.595680000000015752e-01
1.411069999999767788e-01
2.792559999999753018e-01
2.922910000000342734e-01
2.853230000000053224e-01
4.239219999999477295e-01
1.721100000000319596e-01
9.918200000004162575e-02
1.421479999999633037e-01
1.365200000000186265e-01
1.606830000000059044e-01
1.165030000000228938e-01
1.356259999999451793e-01
1.549069999999801439e-01
1.466400000000476211e-01
2.713849999999524698e-01
3.361350000000129512e-01
9.663299999999708234e-02
1.263430000000198561e-01
1.579550000000153887e-01
2.665359999999736829e-01
1.321760000000153923e-01
1.507330000000024484e-01
1.520349999999552892e-01
1.178890000000478722e-01
1.414100000000075852e-01
1.489819999999895117e-01
1.533719999999902939e-01
1.337090000000102918e-01
1.224260000000185755e-01
1.574759999999741922e-01
1.573740000000043437e-01
1.262360000000057880e-01
1.353080000000090877e-01
1.626799999999661850e-01
1.767080000000191831e-01
9.671099999997068153e-02
1.322660000000155378e-01
1.493040000000291911e-01
1.601979999999798565e-01
1.243080000000418295e-01
1.317879999999718166e-01
1.567149999999628562e-01
1.850650000000086948e-01
9.728100000000949876e-02
1.337380000000507607e-01
1.457409999999299544e-01
2.768390000000522377e-01
1.389950000000226282e-01
1.670559999999454703e-01
1.603090000000406690e-01
9.962500000000318323e-02
1.368359999999597676e-01
1.540610000000128821e-01
1.550080000000093605e-01
1.233159999999884349e-01
1.312130000000024665e-01
1.521979999999985012e-01
1.554959999999709908e-01
1.333720000000084838e-01
1.270700000000033469e-01
1.516130000000543987e-01
1.884279999999307620e-01
8.487999999999829015e-02
1.341830000000072687e-01
1.623660000000199943e-01
1.764039999999909014e-01
9.306600000002163142e-02
1.491980000000125983e-01
1.524650000000065120e-01
1.564369999999826177e-01
1.201879999999846405e-01
1.296330000000125438e-01
1.610239999999976135e-01
1.703969999999799256e-01
1.144690000000423424e-01
1.283839999999827342e-01
1.478889999999637439e-01
1.907080000000291875e-01
8.426700000001119406e-02
1.338250000000016371e-01
1.602659999999787033e-01
1.705340000000319378e-01
9.360299999997323539e-02
1.432580000000029941e-01
1.414310000000114087e-01
1.543359999999438514e-01
1.255650000000514410e-01
1.346159999999940737e-01
1.450189999999906831e-01
1.598689999999578504e-01
2.591020000000412438e-01
1.547900000000481668e-01
1.989499999999679858e-01
7.883199999997714258e-02
1.365799999999808279e-01
1.585840000000189320e-01
2.668530000000259861e-01
1.385869999999727042e-01
1.459399999999959618e-01
1.549260000000458604e-01
1.190619999999285028e-01
1.301470000000222171e-01
1.581120000000169057e-01
1.684839999999780957e-01
1.152180000000271320e-01
1.273689999999874090e-01
1.513310000000274158e-01
2.708699999999453212e-01
1.396640000000388682e-01
1.633360000000152468e-01
1.574659999999994398e-01
1.079219999999736501e-01
1.329180000000178552e-01
1.454609999999547654e-01
1.508460000000013679e-01
1.229910000000131731e-01
1.221850000000017644e-01
1.461580000000139989e-01
1.544830000000274595e-01
2.606739999999945212e-01
1.460709999999494357e-01
1.733340000000680448e-01
1.170070000000009713e-01
1.221469999999271749e-01
1.627620000000433720e-01
1.728519999999775791e-01
9.639900000001944136e-02
1.456009999999992033e-01
1.385389999999802058e-01
1.567840000000160217e-01
1.194649999999910506e-01
1.381809999999745742e-01
1.584800000000541331e-01
1.834779999999796019e-01
9.653300000002218439e-02
1.322959999999966385e-01
1.481999999999743522e-01
1.602850000000444197e-01
1.179439999999658539e-01
1.301279999999565007e-01
1.564170000000899563e-01
1.567189999999527572e-01
1.154250000000160981e-01
1.345389999999611064e-01
1.379320000000348045e-01
1.504610000000070613e-01
1.147439999999733118e-01
1.349870000000237269e-01
1.503369999999790707e-01
1.512210000000209220e-01
2.818939999999656720e-01
1.415989999999851534e-01
1.902060000000460604e-01
9.111200000000962973e-02
1.351629999999772735e-01
1.611580000000003565e-01
1.757859999999595857e-01
8.587200000005168476e-02
1.391249999999786269e-01
1.540470000000482287e-01
1.560949999999365900e-01
1.208570000000577238e-01
1.337389999999345491e-01
1.606540000000222790e-01
1.628729999999904976e-01
1.283720000000130312e-01
1.206940000000145119e-01
1.513889999999946667e-01
1.956279999999992469e-01
9.021200000000817454e-02
1.318580000000224572e-01
1.653079999999249594e-01
2.710510000000567743e-01
1.351109999999948741e-01
1.469740000000001601e-01
1.545689999999808606e-01
1.208399999999869578e-01
1.288339999999834617e-01
1.568050000000766886e-01
1.799319999999511310e-01
1.101780000000189830e-01
1.328280000000177097e-01
1.495479999999815846e-01
1.961839999999597239e-01
7.990300000005845504e-02
1.315849999999727515e-01
1.543589999999994689e-01
1.627890000000320470e-01
1.125439999999571228e-01
1.381450000000086220e-01
1.527930000000310429e-01
1.559859999999844149e-01
1.146479999999883148e-01
1.398970000000190339e-01
1.548980000000028667e-01
1.596619999999688844e-01
1.314699999999788815e-01
1.260640000000421423e-01
1.513909999999896172e-01
1.470550000000230284e-01
1.299309999999991305e-01
1.384259999999812862e-01
1.609730000000126893e-01
1.430139999999937572e-01
1.247869999999693391e-01
1.346250000000281943e-01
1.533689999999978681e-01
1.557760000000030232e-01
1.198449999999979809e-01
1.300749999999766260e-01
1.584930000000213113e-01
1.588869999999928950e-01
1.277670000000057371e-01
1.329279999999926076e-01
1.472709999999892716e-01
1.568809999999984939e-01
7.974500000005946276e-02
7.700099999993881283e-02
2.172610000000645414e-01
7.978399999996099723e-02
9.342700000001968874e-02
4.269239999999854263e-01
8.245979999999804022e-01
3.385700000000042564e-01
3.289739999999596876e-01
3.304840000000694999e-01
3.636439999999652173e-01
7.328630000000089240e-01
1.843920000000025539e-01
1.125820000000317123e-01
1.309459999999944557e-01
1.175429999999551001e-01
1.198749999999790816e-01
1.886240000000611872e-01
1.220950000000016189e-01
1.209949999999935244e-01
1.197050000000103864e-01
1.180899999999951433e-01
1.221449999999890679e-01
1.167839999999955580e-01
1.252150000000256114e-01
1.160259999999766478e-01
1.227719999999976608e-01
1.744049999999788270e-01
1.880639999999971224e-01
1.151870000000485561e-01
1.253219999999828360e-01
1.203659999999899810e-01
1.301330000000007203e-01
1.125529999999912434e-01
1.362740000000144391e-01
1.308020000000169603e-01
1.331839999999715474e-01
1.394859999999766842e-01
1.544090000000437612e-01
7.676499999996622137e-02
9.856200000001535955e-02
1.264099999999643842e-01
1.098140000000284999e-01
1.162550000000237560e-01
1.240020000000185973e-01
1.283619999999245920e-01
1.266250000000468390e-01
1.429630000000088330e-01
1.525179999999863867e-01
1.575010000000247601e-01
1.852519999999913125e-01
1.758189999999899555e-01
2.083030000000007931e-01
1.017921000000001186e+00
3.535621999999989384e+00
