1.508629999999993032e-01
1.533780000000009025e-01
1.352879999999991867e-01
2.984290000000004994e-01
1.607080000000005171e-01
2.828959999999991481e-01
1.329279999999997131e-01
1.534380000000004074e-01
1.489880000000001203e-01
1.371890000000002274e-01
1.291309999999992186e-01
1.727449999999999264e-01
2.694150000000004042e-01
1.287000000000002586e-01
1.615039999999989817e-01
1.572380000000013212e-01
2.309940000000008098e-01
1.856829999999973779e-01
1.387190000000018131e-01
1.460859999999986059e-01
1.283100000000008123e-01
1.571649999999991110e-01
1.609550000000012915e-01
1.303919999999987311e-01
1.294430000000019731e-01
1.650700000000000500e-01
1.429609999999996717e-01
1.421250000000000568e-01
1.266579999999990491e-01
1.684830000000001604e-01
1.405810000000009552e-01
2.669219999999992154e-01
1.655560000000004806e-01
1.540629999999989508e-01
2.641420000000014312e-01
1.611189999999975697e-01
2.766390000000011895e-01
1.385700000000014143e-01
1.612569999999990955e-01
1.463599999999996015e-01
2.705099999999998062e-01
1.669769999999992649e-01
2.486200000000025057e-01
1.331119999999987868e-01
1.432750000000009294e-01
1.727119999999988664e-01
2.622619999999997731e-01
1.763179999999984204e-01
1.334760000000017044e-01
1.256279999999989627e-01
1.496870000000001255e-01
1.466250000000002274e-01
1.326740000000015129e-01
1.425780000000003156e-01
1.476429999999986364e-01
1.496570000000012612e-01
1.532539999999986691e-01
4.300610000000020250e-01
1.889809999999982892e-01
2.703249999999997044e-01
1.500750000000010687e-01
3.975469999999994286e-01
1.447979999999979839e-01
2.132760000000004652e-01
2.294040000000023838e-01
1.382259999999995159e-01
1.504169999999973584e-01
4.187200000000039779e-01
1.264139999999969177e-01
3.258520000000011407e-01
1.497330000000012262e-01
4.079039999999984900e-01
1.645660000000006562e-01
3.717419999999975744e-01
5.131470000000000198e-01
2.098429999999993356e-01
5.034370000000052414e-01
1.721919999999954598e-01
1.453980000000036910e-01
1.336209999999979914e-01
1.522550000000002512e-01
1.539970000000003836e-01
2.679989999999996542e-01
1.467470000000012931e-01
1.688049999999989836e-01
1.390029999999988775e-01
1.466379999999993800e-01
1.352490000000017289e-01
1.498209999999993158e-01
1.595180000000020470e-01
1.363669999999963522e-01
1.336380000000012558e-01
1.439810000000001367e-01
1.614050000000020191e-01
1.358519999999998618e-01
1.342399999999983606e-01
1.631550000000032696e-01
2.842709999999968318e-01
1.318060000000009779e-01
1.811439999999997497e-01
2.629060000000009722e-01
1.474349999999979843e-01
1.601919999999985578e-01
1.418420000000040204e-01
1.303570000000000562e-01
1.482719999999986271e-01
1.841900000000009641e-01
2.675499999999999545e-01
1.346969999999956258e-01
1.546930000000052985e-01
1.407889999999945019e-01
1.339920000000063283e-01
1.362139999999953943e-01
1.599809999999983745e-01
1.546360000000035484e-01
1.362589999999990198e-01
1.375379999999992719e-01
1.553700000000013404e-01
1.469120000000003756e-01
1.280870000000007281e-01
1.376659999999958472e-01
1.699180000000062307e-01
1.531489999999990914e-01
1.491629999999979361e-01
1.415519999999972356e-01
1.463770000000010896e-01
1.588460000000040395e-01
2.565759999999990271e-01
1.707219999999978199e-01
1.564520000000015898e-01
2.674269999999978609e-01
1.469149999999999068e-01
1.584469999999988943e-01
1.449360000000048387e-01
1.314429999999973120e-01
1.550899999999977297e-01
1.529720000000018842e-01
1.412450000000013972e-01
1.451729999999997744e-01
1.338609999999960110e-01
1.444120000000026494e-01
1.249119999999983577e-01
1.495020000000018001e-01
1.671080000000024768e-01
2.578799999999965564e-01
1.513130000000018072e-01
1.578560000000024388e-01
1.529079999999964912e-01
1.247329999999990946e-01
1.330269999999984520e-01
1.480000000000032401e-01
1.600880000000017844e-01
1.563390000000026703e-01
1.316299999999941406e-01
1.610009999999988395e-01
1.448600000000013210e-01
1.294090000000025498e-01
1.340029999999998722e-01
1.706009999999977822e-01
2.656929999999988468e-01
1.561530000000033169e-01
1.552140000000008513e-01
1.521089999999958309e-01
1.278980000000018435e-01
1.320359999999993761e-01
1.623200000000011300e-01
1.596469999999996503e-01
1.382240000000010127e-01
1.325410000000033506e-01
1.399839999999983320e-01
1.488919999999964716e-01
1.596970000000013101e-01
1.445899999999937791e-01
1.443870000000089249e-01
1.464769999999973038e-01
2.894270000000034315e-01
1.752949999999984243e-01
1.282609999999948514e-01
2.741450000000043019e-01
1.749019999999958941e-01
3.728210000000018454e-01
1.847610000000017294e-01
2.998720000000005825e-01
1.308609999999958973e-01
1.346330000000008909e-01
1.711030000000022255e-01
2.478040000000021337e-01
1.956279999999992469e-01
5.676369999999977267e-01
6.217779999999990537e-01
4.323690000000013356e-01
7.339630000000028076e-01
1.719209999999975480e-01
2.586220000000025721e-01
1.589459999999931483e-01
1.644400000000061368e-01
1.438959999999980255e-01
1.278110000000012292e-01
1.493289999999944939e-01
2.813879999999997494e-01
1.254479999999986717e-01
1.741400000000083992e-01
1.369529999999983261e-01
1.351930000000010068e-01
1.439599999999998658e-01
1.655179999999987217e-01
1.446570000000022560e-01
1.284099999999952502e-01
1.598340000000035843e-01
1.583799999999939701e-01
1.595520000000050231e-01
1.262229999999959773e-01
1.470120000000036953e-01
1.540179999999935490e-01
2.241840000000081545e-01
2.104479999999924189e-01
1.667430000000038604e-01
2.688810000000003697e-01
1.289730000000020027e-01
1.511870000000001824e-01
1.637159999999937554e-01
1.357770000000044774e-01
1.383700000000018804e-01
1.587990000000019108e-01
1.370729999999937831e-01
1.552350000000046748e-01
1.406929999999988468e-01
1.618209999999962179e-01
1.515690000000020632e-01
1.382680000000036102e-01
1.405479999999954543e-01
1.550840000000022201e-01
1.659730000000010364e-01
2.402139999999945985e-01
1.715210000000055857e-01
1.298379999999994538e-01
1.310549999999963688e-01
1.380070000000017671e-01
1.383480000000005816e-01
1.809980000000024347e-01
1.251539999999948805e-01
1.485440000000011196e-01
1.698730000000026052e-01
1.559079999999966049e-01
2.543679999999994834e-01
1.817290000000042482e-01
1.321870000000018308e-01
1.536389999999983047e-01
1.412639999999996121e-01
1.486319999999992092e-01
1.643340000000037548e-01
1.484889999999907673e-01
1.333180000000098175e-01
1.526750000000021146e-01
1.701909999999955403e-01
2.426960000000022433e-01
1.650899999999921874e-01
1.478950000000054388e-01
1.288259999999965544e-01
1.366840000000024702e-01
1.603680000000053951e-01
1.558020000000013283e-01
1.379819999999938318e-01
1.360680000000016321e-01
1.489809999999991419e-01
1.531050000000035993e-01
1.388999999999995794e-01
1.472259999999963043e-01
1.476669999999984384e-01
1.721090000000060627e-01
1.263029999999929487e-01
1.445310000000006312e-01
1.431210000000007199e-01
1.342619999999996594e-01
1.450810000000046784e-01
1.450429999999940378e-01
1.537979999999947722e-01
1.502610000000146329e-01
1.305819999999897618e-01
1.321599999999989450e-01
1.870869999999982269e-01
1.441780000000036921e-01
1.278930000000073619e-01
1.328079999999971506e-01
1.600999999999999091e-01
1.705889999999996576e-01
2.306400000000010664e-01
1.860739999999978522e-01
1.530199999999979354e-01
1.426629999999988740e-01
1.454260000000004993e-01
1.399949999999989814e-01
1.649900000000030786e-01
2.560180000000045197e-01
1.582749999999961688e-01
1.569709999999986394e-01
2.308620000000018990e-01
2.014979999999937377e-01
5.775469999999955917e-01
1.438150000000035789e-01
2.996619999999978745e-01
1.389430000000118071e-01
1.724790000000027135e-01
4.355879999999956453e-01
1.300809999999970046e-01
2.853110000000000923e-01
1.782349999999937040e-01
4.312520000000006348e-01
1.717750000000037858e-01
4.401410000000041123e-01
5.422399999999996112e-01
1.992429999999956181e-01
2.010119999999986362e-01
2.714070000000035066e-01
1.959990000000004784e-01
1.364439999999973452e-01
1.314359999999936690e-01
1.617800000000073624e-01
1.592420000000061009e-01
1.260240000000010241e-01
1.389139999999997599e-01
1.253049999999973352e-01
1.769400000000018736e-01
1.554059999999992669e-01
1.253579999999914207e-01
1.422210000000063701e-01
1.691830000000038581e-01
1.407429999999862957e-01
1.415130000000033306e-01
1.485040000000026339e-01
1.716539999999895372e-01
1.566400000000101045e-01
1.367000000000047066e-01
1.339349999999939200e-01
1.827920000000062828e-01
1.293790000000001328e-01
2.619910000000089667e-01
1.759999999999877218e-01
1.506889999999998508e-01
1.262660000000010996e-01
1.463250000000044793e-01
1.615409999999997126e-01
1.427179999999879101e-01
1.367590000000120654e-01
1.362649999999945294e-01
1.512649999999950978e-01
1.795070000000151822e-01
1.309939999999869542e-01
1.427050000000065211e-01
1.360030000000023165e-01
1.661409999999960974e-01
1.536270000000001801e-01
1.277769999999947004e-01
1.727300000000155933e-01
1.335449999999838155e-01
1.459800000000086584e-01
1.313860000000062200e-01
1.527849999999943975e-01
2.763229999999907704e-01
1.456160000000039645e-01
1.681770000000000209e-01
2.683260000000018408e-01
1.587370000000021264e-01
1.597990000000066857e-01
1.582819999999856009e-01
1.481279999999998154e-01
1.348890000000011469e-01
1.585220000000049367e-01
1.823499999999995680e-01
4.348170000000095570e-01
3.997789999999810107e-01
1.812450000000183081e-01
4.030309999999843740e-01
1.662490000000076407e-01
1.632340000000027658e-01
2.662039999999876727e-01
1.656020000000069103e-01
1.429260000000027730e-01
4.345550000000031332e-01
5.742010000000021819e-01
5.874329999999901020e-01
4.344900000000109230e-01
7.783169999999870470e-01
1.471109999999953288e-01
2.765010000000103219e-01
1.737940000000008922e-01
1.564649999999971897e-01
1.282399999999910278e-01
1.491380000000077644e-01
1.492279999999936990e-01
1.522720000000106211e-01
1.321249999999878355e-01
1.254360000000218633e-01
1.749099999999970123e-01
1.441339999999939891e-01
1.320680000000038490e-01
1.416009999999943147e-01
1.657849999999996271e-01
1.582480000000003884e-01
1.365679999999969141e-01
1.332270000000050914e-01
1.685829999999981510e-01
1.490440000000035070e-01
1.353269999999895390e-01
1.328390000000041482e-01
1.535270000000110713e-01
2.905289999999922657e-01
1.336210000000050968e-01
1.747989999999930433e-01
1.390370000000018536e-01
1.375439999999912288e-01
1.337590000000119517e-01
1.594789999999903785e-01
1.539450000000073260e-01
1.459830000000010841e-01
1.278549999999967213e-01
1.637419999999991660e-01
2.800830000000047448e-01
1.475399999999922329e-01
1.407430000000005066e-01
2.943810000000013360e-01
1.550970000000120308e-01
1.449899999999786360e-01
1.787680000000051450e-01
1.262120000000095388e-01
1.315039999999925158e-01
1.453199999999981173e-01
1.472410000000081709e-01
1.298199999999951615e-01
1.483929999999986649e-01
1.348729999999989104e-01
3.108250000000083446e-01
1.319670000000030541e-01
1.702029999999865595e-01
1.429540000000031341e-01
1.498950000000007776e-01
1.250890000000026703e-01
1.836430000000035534e-01
2.447879999999997835e-01
1.535939999999982319e-01
1.452379999999919846e-01
1.728889999999978500e-01
1.262160000000136506e-01
1.549489999999877909e-01
1.414270000000072969e-01
1.611110000000053333e-01
2.710179999999979827e-01
1.581070000000011078e-01
1.353699999999946613e-01
1.445939999999978909e-01
1.290000000000048885e-01
1.564589999999981274e-01
1.518630000000058544e-01
1.539589999999861902e-01
1.374619999999993070e-01
1.485330000000146811e-01
1.600819999999885113e-01
1.325900000000075352e-01
1.337680000000034397e-01
1.601419999999933452e-01
1.594020000000000437e-01
1.335710000000034370e-01
2.775639999999981455e-01
1.413560000000018135e-01
1.545050000000003365e-01
1.310639999999949623e-01
1.554900000000003502e-01
1.568319999999943093e-01
1.324560000000047921e-01
1.524450000000001637e-01
1.540509999999954971e-01
2.811340000000086548e-01
1.387289999999978818e-01
1.643479999999897245e-01
1.493310000000178661e-01
4.959239999999880411e-01
1.296750000000059799e-01
2.214910000000003265e-01
1.997173000000003640e+00
4.171319999999951733e-01
1.880539999999939482e-01
1.321390000000093323e-01
1.595879999999993970e-01
1.317609999999973525e-01
1.535999999999972943e-01
1.588180000000107839e-01
2.487799999999964484e-01
1.611809999999991305e-01
1.392359999999968068e-01
1.279020000000059554e-01
1.376089999999976499e-01
1.863609999999908950e-01
1.410470000000003665e-01
1.394060000000081345e-01
1.298299999999983356e-01
1.662659999999931415e-01
1.501570000000072014e-01
2.507159999999970523e-01
1.675400000000024647e-01
1.598649999999963711e-01
2.556110000000018090e-01
1.590989999999976590e-01
1.557910000000077844e-01
2.632109999999983074e-01
1.609260000000034552e-01
2.723309999999941056e-01
1.531710000000003902e-01
1.583409999999929596e-01
1.693029999999993152e-01
1.595700000000164209e-01
1.390749999999911779e-01
1.385460000000051650e-01
1.659439999999818838e-01
1.311859999999995807e-01
1.283010000000075479e-01
1.746499999999997499e-01
1.624950000000069394e-01
1.417380000000036944e-01
1.399869999999907577e-01
1.463810000000052014e-01
1.530810000000002447e-01
1.282419999999859783e-01
1.458820000000145001e-01
1.596210000000013451e-01
1.663169999999922766e-01
1.367520000000013169e-01
1.454829999999986967e-01
1.456400000000002137e-01
1.525890000000060809e-01
1.292169999999970287e-01
1.478460000000012542e-01
1.589720000000056643e-01
1.463969999999932270e-01
1.257480000000015252e-01
1.253509999999948832e-01
1.795599999999950569e-01
1.627980000000093241e-01
1.465819999999951051e-01
1.287270000000120262e-01
1.610999999999904730e-01
1.725250000000073669e-01
1.488860000000045147e-01
1.271569999999826450e-01
1.698719999999980246e-01
1.475340000000073815e-01
2.627700000000032787e-01
1.657510000000002037e-01
1.288019999999931997e-01
1.403540000000020882e-01
1.357869999999934407e-01
1.576759999999950423e-01
1.642180000000195150e-01
1.394659999999987576e-01
2.939060000000068840e-01
1.605029999999914025e-01
1.457130000000006476e-01
1.284459999999967295e-01
1.492049999999949250e-01
1.556520000000034543e-01
1.393169999999912534e-01
1.316740000000038435e-01
1.453700000000139880e-01
1.824149999999917782e-01
2.427950000000009823e-01
1.535429999999848860e-01
2.852870000000109485e-01
1.341840000000189548e-01
1.513519999999886068e-01
1.650379999999955771e-01
1.296639999999911197e-01
1.345190000000116015e-01
1.676659999999969841e-01
2.567360000000036280e-01
1.468119999999970560e-01
1.735169999999897072e-01
1.423010000000033415e-01
2.758970000000147138e-01
1.442779999999856955e-01
1.734170000000148093e-01
1.297869999999790025e-01
1.452100000000200453e-01
1.525119999999873244e-01
1.615960000000171704e-01
1.523419999999902075e-01
1.275790000000114333e-01
1.559719999999913398e-01
1.320999999999941110e-01
2.628339999999838028e-01
1.584430000000196515e-01
1.480899999999962802e-01
1.320090000000107011e-01
1.407829999999847814e-01
1.523260000000021819e-01
1.734730000000155314e-01
2.561049999999767124e-01
1.645490000000080499e-01
1.691600000000050841e-01
1.543879999999830943e-01
1.249330000000128393e-01
1.512469999999979109e-01
1.591310000000021319e-01
2.508830000000159544e-01
1.732889999999827069e-01
1.376980000000003201e-01
2.526330000000029941e-01
1.732000000000084583e-01
1.704619999999863467e-01
1.296329999999983329e-01
1.303590000000127702e-01
1.483679999999907295e-01
1.609120000000103801e-01
2.766429999999928668e-01
1.600470000000058235e-01
1.750609999999852562e-01
1.457180000000164455e-01
1.249969999999933634e-01
1.599479999999999791e-01
1.755560000000002674e-01
1.254869999999925767e-01
1.398310000000009268e-01
1.716499999999996362e-01
1.594939999999951397e-01
1.347470000000043910e-01
1.287680000000221980e-01
1.550469999999961601e-01
1.722539999999952443e-01
1.364949999999964803e-01
1.438469999999938409e-01
1.726900000000028967e-01
1.422039999999924476e-01
2.754270000000076379e-01
1.705780000000061136e-01
1.592399999999827287e-01
1.332740000000001146e-01
1.427479999999974325e-01
1.606150000000212685e-01
1.691550000000034970e-01
1.267969999999962738e-01
1.445769999999981792e-01
1.482159999999907996e-01
1.853189999999926840e-01
2.637720000000030041e-01
1.568010000000015225e-01
1.427019999999998845e-01
2.731300000000089767e-01
1.716459999999955244e-01
1.623320000000063601e-01
2.536340000000052441e-01
1.701619999999905986e-01
1.480509999999952697e-01
1.281610000000057425e-01
1.405409999999989168e-01
1.405069999999994934e-01
1.875639999999947349e-01
1.498410000000234277e-01
1.262959999999964111e-01
1.329659999999819320e-01
1.726419999999961874e-01
1.515150000000176078e-01
1.340589999999792781e-01
1.476020000000062282e-01
1.673140000000046257e-01
2.499490000000008649e-01
1.642879999999991014e-01
1.401239999999859265e-01
1.394840000000101554e-01
1.365020000000072287e-01
1.755869999999930542e-01
1.534730000000195105e-01
1.366649999999935972e-01
1.259069999999979927e-01
1.700960000000009131e-01
1.721289999999982001e-01
1.256020000000006576e-01
1.294939999999940028e-01
1.634669999999971424e-01
1.502709999999893853e-01
1.384150000000232694e-01
1.304480000000012296e-01
1.577129999999868915e-01
1.503060000000004948e-01
1.278780000000097061e-01
1.335719999999867014e-01
1.734989999999925203e-01
1.561729999999954543e-01
1.444060000000320088e-01
1.268159999999909360e-01
1.647829999999999018e-01
1.411009999999919273e-01
1.292980000000056862e-01
1.482460000000003220e-01
1.692769999999939046e-01
1.546480000000087784e-01
1.307529999999985648e-01
1.345889999999769771e-01
1.673970000000224445e-01
1.516519999999843549e-01
1.306470000000103937e-01
1.395619999999837546e-01
1.693560000000218224e-01
1.508080000000120435e-01
1.384730000000047312e-01
1.302649999999800912e-01
1.546730000000025029e-01
1.491049999999916054e-01
1.527590000000031978e-01
1.297980000000222844e-01
1.675719999999785159e-01
2.817310000000077252e-01
1.302340000000015152e-01
1.628239999999721022e-01
1.581780000000208020e-01
1.313240000000064356e-01
1.295159999999668798e-01
1.556420000000287018e-01
1.725329999999871688e-01
1.295149999999978263e-01
1.445190000000025066e-01
1.547590000000127475e-01
1.457829999999944448e-01
1.248230000000205564e-01
1.362709999999935917e-01
1.480899999999962802e-01
1.549390000000130385e-01
1.261599999999702959e-01
1.412750000000073669e-01
1.910589999999956490e-01
1.451419999999927768e-01
1.420100000000275031e-01
2.815599999999847114e-01
1.564259999999819684e-01
2.767680000000325435e-01
1.566059999999822594e-01
1.512650000000235195e-01
2.773099999999715237e-01
1.562160000000289983e-01
1.521559999999624324e-01
1.457940000000235159e-01
2.601180000000056225e-01
1.832179999999823394e-01
1.411610000000109721e-01
1.298819999999807351e-01
1.634710000000154650e-01
1.526269999999954052e-01
1.405880000000081509e-01
2.602210000000013679e-01
2.894330000000024938e-01
1.459759999999903357e-01
1.548300000000040200e-01
2.700199999999881584e-01
1.447190000000091459e-01
1.572840000000041982e-01
1.597769999999911761e-01
2.677520000000015443e-01
1.414699999999982083e-01
1.839300000000037016e-01
1.257010000000207128e-01
1.394189999999753127e-01
1.657079999999950815e-01
4.089779999999905158e-01
1.780950000000416367e-01
2.649429999999881602e-01
1.364039999999988595e-01
1.560979999999858592e-01
1.742010000000107084e-01
2.685160000000053060e-01
1.493499999999983174e-01
1.630199999999888405e-01
1.368760000000008858e-01
1.321170000000222444e-01
1.514599999999859392e-01
1.427279999999768734e-01
2.519440000000088276e-01
1.776250000000061391e-01
1.515109999999992851e-01
4.241749999999910870e-01
4.220320000000299387e-01
4.459709999999859065e-01
1.428970000000049367e-01
1.363029999999980646e-01
1.827379999999720894e-01
2.406760000000076616e-01
1.727600000000109048e-01
1.415499999999951797e-01
1.262480000000039126e-01
1.304649999999867305e-01
1.624580000000150903e-01
1.592330000000004020e-01
2.445099999999911233e-01
1.587199999999882039e-01
1.443590000000085638e-01
1.339840000000265263e-01
1.340739999999982501e-01
1.632649999999955526e-01
1.588989999999910196e-01
2.527340000000037890e-01
1.593699999999955708e-01
2.717499999999972715e-01
1.469769999999925858e-01
1.259929999999940264e-01
1.747300000000109321e-01
2.384490000000027976e-01
1.675999999999930878e-01
1.512580000000127711e-01
2.420250000000123691e-01
1.518769999999847187e-01
1.723039999999969041e-01
2.646680000000003474e-01
1.551270000000215532e-01
1.516249999999956799e-01
1.255899999999883221e-01
1.446569999999951506e-01
1.355440000000101008e-01
1.681030000000021118e-01
2.464459999999917272e-01
1.726389999999753400e-01
1.275480000000186465e-01
1.279240000000072541e-01
2.772819999999853735e-01
1.563560000000165928e-01
2.759120000000052642e-01
1.550939999999911834e-01
1.513810000000148648e-01
1.252139999999712927e-01
2.789970000000039363e-01
4.238890000000026248e-01
1.713020000000256005e-01
2.450779999999781467e-01
1.282019999999874926e-01
1.540410000000349555e-01
2.868549999999743250e-01
1.354160000000206310e-01
1.362489999999922929e-01
1.684060000000044965e-01
2.594399999999836837e-01
1.724729999999965457e-01
1.411650000000292948e-01
1.288389999999708380e-01
1.413040000000194141e-01
1.656979999999919073e-01
1.336579999999969459e-01
2.402490000000057080e-01
1.489619999999831634e-01
1.654360000000281161e-01
2.779069999999705942e-01
1.568019999999989977e-01
1.446630000000084237e-01
2.495820000000037453e-01
1.498899999999991905e-01
1.451550000000167984e-01
2.674719999999979336e-01
1.598139999999830252e-01
1.499570000000005621e-01
1.331600000000037198e-01
2.591869999999971697e-01
1.653650000000084219e-01
1.354799999999727333e-01
1.251770000000078653e-01
1.644229999999993197e-01
1.394850000000076307e-01
2.525660000000016225e-01
1.553110000000117452e-01
1.585770000000081836e-01
2.470169999999711763e-01
1.622490000000027521e-01
1.372310000000140917e-01
1.455959999999834054e-01
2.378020000000162781e-01
1.898659999999949832e-01
2.758929999999963911e-01
1.488410000000044420e-01
1.576629999999852316e-01
1.436010000000180753e-01
1.271210000000166929e-01
1.494979999999941356e-01
2.639189999999871361e-01
1.400979999999947267e-01
1.463540000000023156e-01
1.564369999999826177e-01
2.383450000000379987e-01
1.395839999999850534e-01
1.705560000000048149e-01
2.559409999999786578e-01
1.531940000000133750e-01
1.422680000000013933e-01
1.547349999999880765e-01
1.250050000000157979e-01
1.384769999999946322e-01
2.599350000000129057e-01
1.578959999999938191e-01
1.448230000000023665e-01
1.631939999999758584e-01
2.509190000000103282e-01
1.563089999999931479e-01
2.755590000000154305e-01
1.443490000000053897e-01
1.634579999999914435e-01
1.628159999999923002e-01
1.359920000000158780e-01
2.465009999999949741e-01
2.907399999999711326e-01
1.529700000000389082e-01
1.335279999999841039e-01
1.536810000000059517e-01
2.583600000000103591e-01
1.431919999999706761e-01
2.861280000000192558e-01
1.344080000000076325e-01
1.560369999999693391e-01
1.325130000000172004e-01
2.794140000000027158e-01
1.476229999999816300e-01
1.401740000000017972e-01
1.401020000000130494e-01
1.277299999999854663e-01
1.516470000000254004e-01
1.595370000000002619e-01
1.328279999999892880e-01
1.323750000000245564e-01
1.490459999999700358e-01
1.507339999999999236e-01
1.255900000000167438e-01
1.314959999999985030e-01
1.544939999999996871e-01
1.556300000000021555e-01
2.627099999999984448e-01
1.379839999999887823e-01
1.406920000000013715e-01
2.455870000000004438e-01
1.463109999999971933e-01
1.605539999999905376e-01
2.569490000000200780e-01
1.374009999999827869e-01
1.657830000000046766e-01
1.257019999999897664e-01
1.460070000000257551e-01
1.493049999999982447e-01
1.644289999999841712e-01
1.360740000000077998e-01
2.516770000000008167e-01
2.623779999999840129e-01
1.267120000000261371e-01
1.641099999999653392e-01
1.279810000000054515e-01
1.295770000000118216e-01
1.269830000000240489e-01
1.582429999999703796e-01
2.612040000000206419e-01
1.342879999999695428e-01
1.461250000000120508e-01
1.608290000000067721e-01
1.384400000000027831e-01
1.316829999999811207e-01
1.330060000000230502e-01
2.617459999999880438e-01
1.444260000000099353e-01
1.595229999999787651e-01
2.804180000000258133e-01
1.392129999999838219e-01
1.350370000000111759e-01
3.930550000000039290e-01
1.615910000000155833e-01
1.297909999999831143e-01
2.582979999999963638e-01
1.506039999999870815e-01
2.468030000000283053e-01
1.445239999999898828e-01
1.352699999999913416e-01
1.555800000000147065e-01
1.602069999999855554e-01
2.465860000000077434e-01
1.600390000000118107e-01
1.599569999999630454e-01
2.450730000000191922e-01
2.827589999999986503e-01
1.336159999999892989e-01
1.515730000000132804e-01
3.949190000000157852e-01
1.653559999999743013e-01
1.444620000000043092e-01
1.397000000000048203e-01
1.291360000000167929e-01
1.423409999999876163e-01
1.696919999999977335e-01
2.492019999999968149e-01
1.534029999999972915e-01
2.792600000000220462e-01
1.306459999999844968e-01
1.543749999999874944e-01
2.556310000000223681e-01
1.578169999999943229e-01
1.334520000000054551e-01
1.570959999999956835e-01
2.678939999999840893e-01
1.602450000000033015e-01
2.700400000000229284e-01
1.345560000000034506e-01
1.539869999999723404e-01
1.577760000000125729e-01
2.618579999999894881e-01
1.584000000000003183e-01
2.581169999999985976e-01
1.466419999999857282e-01
1.441810000000032232e-01
1.647140000000320015e-01
2.609740000000044802e-01
1.455959999999834054e-01
4.031490000000133023e-01
1.329399999999907322e-01
1.636009999999998854e-01
1.342799999999897409e-01
1.273529999999993834e-01
1.577060000000187756e-01
2.579000000000064574e-01
1.314029999999775100e-01
1.624789999999904921e-01
1.326650000000029195e-01
1.398059999999929914e-01
1.339000000000112323e-01
1.585849999999879856e-01
1.654030000000261680e-01
2.543159999999886622e-01
1.486670000000174241e-01
1.629979999999875417e-01
1.312509999999917909e-01
1.306629999999984193e-01
1.586719999999957054e-01
2.492590000000234340e-01
1.352859999999793672e-01
1.684360000000140190e-01
1.427380000000084692e-01
2.655769999999790798e-01
1.690169999999966421e-01
1.411020000000178243e-01
2.499719999999854281e-01
1.542359999999973752e-01
1.627870000000086748e-01
2.404699999999877491e-01
1.612380000000257496e-01
1.428649999999720421e-01
1.673590000000331202e-01
2.606789999999818974e-01
2.641440000000159216e-01
1.540059999999812135e-01
1.482619999999883476e-01
3.191680000000189921e-01
2.880979999999908614e-01
2.420869999999979427e-01
1.281570000000158416e-01
1.578240000000050713e-01
1.417509999999992942e-01
2.674419999999884112e-01
2.961770000000001346e-01
1.509479999999996380e-01
2.798639999999750216e-01
2.757470000000239452e-01
1.289930000000083510e-01
1.563159999999754746e-01
1.456290000000137752e-01
2.553130000000010114e-01
1.631999999999891315e-01
2.758509999999887441e-01
1.273960000000329273e-01
1.645399999999881402e-01
3.991290000000162763e-01
1.619780000000048403e-01
4.161019999999950869e-01
1.672939999999982774e-01
1.446949999999844749e-01
1.389049999999940610e-01
1.452390000000036707e-01
1.456760000000087985e-01
4.046840000000031523e-01
1.294560000000046784e-01
1.798639999999807060e-01
1.553300000000206182e-01
2.708649999999863667e-01
2.796989999999937027e-01
1.400940000000048258e-01
1.809900000000084219e-01
2.508039999999880365e-01
1.364069999999912852e-01
1.387249999999937700e-01
1.408260000000041146e-01
1.506140000000186774e-01
1.460160000000030323e-01
1.869979999999884512e-01
2.683920000000057371e-01
1.288010000000099353e-01
1.466959999999914999e-01
1.526130000000023301e-01
2.454910000000154469e-01
1.782089999999811880e-01
1.420070000000066557e-01
2.665869999999870288e-01
1.552450000000078489e-01
1.417399999999986449e-01
1.350419999999985521e-01
1.323470000000099844e-01
1.322889999999858901e-01
1.583559999999977208e-01
2.752830000000017208e-01
1.516139999999950305e-01
1.379580000000260043e-01
1.504549999999653664e-01
1.420360000000187028e-01
1.675309999999967658e-01
2.821739999999977044e-01
1.404829999999890333e-01
1.627200000000357250e-01
1.531939999999849533e-01
2.550079999999752545e-01
1.394830000000126802e-01
1.478170000000034179e-01
1.516359999999963293e-01
1.508460000000013679e-01
1.400509999999997035e-01
2.752419999999915490e-01
1.486870000000237724e-01
1.500489999999956581e-01
1.391009999999823776e-01
1.394010000000207583e-01
1.292860000000075615e-01
1.582229999999924530e-01
2.631519999999909487e-01
1.467069999999921492e-01
4.226459999999860884e-01
1.551580000000285509e-01
1.453070000000025175e-01
1.593300000000112959e-01
4.301859999999635420e-01
1.491670000000056007e-01
4.447260000000028413e-01
1.268450000000029831e-01
1.494600000000048112e-01
1.400609999999744559e-01
2.927660000000287255e-01
1.318870000000060827e-01
1.340259999999773299e-01
1.540689999999926840e-01
2.863150000000302953e-01
1.401250000000118234e-01
1.493429999999591473e-01
1.682380000000307518e-01
2.594179999999823849e-01
1.536780000000135260e-01
1.591300000000046566e-01
2.629919999999685842e-01
3.265410000000201762e-01
2.545239999999751035e-01
1.543580000000019936e-01
2.889169999999978700e-01
3.043000000000120053e-01
1.315200000000231739e-01
1.323399999999708143e-01
1.324760000000253513e-01
1.588169999999990978e-01
1.683289999999999509e-01
1.254869999999641550e-01
1.511950000000297223e-01
1.570049999999696411e-01
1.608360000000459422e-01
1.511999999999886768e-01
2.648560000000088621e-01
1.575369999999622905e-01
2.563930000000311793e-01
1.684910000000172658e-01
1.312289999999904921e-01
1.310049999999876036e-01
1.325220000000228993e-01
1.658520000000009986e-01
2.723849999999572447e-01
1.404220000000293567e-01
1.724529999999617758e-01
1.601780000000303517e-01
1.340979999999944994e-01
2.724350000000299588e-01
1.552889999999536030e-01
1.452550000000201180e-01
1.359279999999785105e-01
1.482570000000293930e-01
1.677960000000098262e-01
2.395639999999730207e-01
1.555979999999976826e-01
1.718920000000423443e-01
1.314599999999472857e-01
1.254830000000026757e-01
1.563300000000253931e-01
1.585809999999696629e-01
1.329320000000393520e-01
1.348519999999950869e-01
1.535439999999823613e-01
2.596910000000320906e-01
1.524839999999869633e-01
1.412549999999725969e-01
1.744110000000205218e-01
2.637710000000197397e-01
1.572269999999775791e-01
1.412969999999802440e-01
1.278910000000337277e-01
1.434849999999983083e-01
1.506290000000092277e-01
1.686469999999644642e-01
2.419879999999920983e-01
1.536940000000299733e-01
2.941690000000107830e-01
1.454479999999875872e-01
1.557159999999839783e-01
2.843990000000076179e-01
1.436609999999802767e-01
1.609350000000233649e-01
1.736120000000198615e-01
2.443129999999769097e-01
1.554539999999917654e-01
1.533090000000072450e-01
1.352449999999976171e-01
1.260779999999783740e-01
1.595750000000180080e-01
2.588280000000224845e-01
1.458319999999844185e-01
1.563830000000052678e-01
1.639209999999877709e-01
4.266720000000248092e-01
3.901469999999847005e-01
8.920149999999864576e-01
2.649189999999919110e-01
1.364250000000026830e-01
2.749920000000258824e-01
2.655579999999702068e-01
3.044120000000134496e-01
1.374140000000068085e-01
1.493209999999862703e-01
5.732900000000142882e-01
1.602260000000228501e-01
2.664199999999539159e-01
1.555410000000279069e-01
5.603859999999940555e-01
2.746309999999994034e-01
1.556689999999889551e-01
1.542950000000189448e-01
1.494759999999644151e-01
3.892550000000483124e-01
4.384419999999806805e-01
1.532660000000305445e-01
4.140129999999828669e-01
1.433259999999734191e-01
2.930410000000165383e-01
1.455140000000199052e-01
1.553250000000048203e-01
4.198529999999607298e-01
1.602839999999901011e-01
1.316910000000177661e-01
1.348089999999899646e-01
1.514190000000326108e-01
1.390199999999595093e-01
1.672880000000134260e-01
1.374030000000061591e-01
2.946259999999938373e-01
4.306729999999845404e-01
1.608510000000364926e-01
5.271029999999825577e-01
2.914999999999849933e-01
1.507310000000074979e-01
1.462730000000078689e-01
5.891349999999988540e-01
2.877970000000118489e-01
1.430440000000032796e-01
5.684679999999673328e-01
1.564680000000180371e-01
1.446880000000021482e-01
2.909760000000289892e-01
1.461139999999545580e-01
5.564459999999940010e-01
1.641190000000563032e-01
1.255239999999560041e-01
1.549950000000137607e-01
7.093199999999910688e-01
2.971010000000262608e-01
1.417899999999860938e-01
1.364029999999729625e-01
5.657740000000330838e-01
1.351620000000082200e-01
2.856739999999717838e-01
1.492390000000227701e-01
5.706129999999802749e-01
1.570050000000264845e-01
1.318109999999705906e-01
1.484920000000045093e-01
1.432839999999941938e-01
1.399240000000077089e-01
2.701620000000275468e-01
1.678919999999948232e-01
2.577789999999993142e-01
1.399619999999686115e-01
1.539280000000076143e-01
4.180060000000196396e-01
1.554609999999740921e-01
1.578290000000208693e-01
1.374099999999884858e-01
1.281870000000253640e-01
1.733749999999929514e-01
4.189979999999877691e-01
1.441480000000012751e-01
2.793139999999709744e-01
1.364480000000014570e-01
5.818400000000281125e-01
1.474240000000008877e-01
1.412059999999826232e-01
2.602960000000109630e-01
1.575310000000058608e-01
5.436589999999910106e-01
2.933709999999791762e-01
1.263500000000021828e-01
1.796880000000271593e-01
2.656089999999835527e-01
2.852699999999970260e-01
1.426869999999951233e-01
1.442930000000330892e-01
1.366639999999961219e-01
1.385500000000092768e-01
1.743819999999800530e-01
2.454660000000217224e-01
1.524379999999894153e-01
1.300980000000038217e-01
2.794829999999990378e-01
1.572749999999984993e-01
4.034189999999853171e-01
1.618939999999895463e-01
1.526670000000081018e-01
2.621790000000032705e-01
1.640370000000075379e-01
2.011249999999904503e-01
2.001070000000026994e-01
1.490369999999927586e-01
2.616739999999708743e-01
1.562760000000480431e-01
1.463069999999788706e-01
1.769240000000138480e-01
2.625370000000089021e-01
1.602829999999642041e-01
1.577809999999999491e-01
2.570200000000113505e-01
1.486960000000010496e-01
2.856330000000184555e-01
1.268109999999751381e-01
1.611230000000034579e-01
1.402620000000069922e-01
1.249459999999942283e-01
1.520390000000304553e-01
1.347979999999893153e-01
1.622759999999914271e-01
1.467020000000047730e-01
2.772539999999708016e-01
1.515220000000567779e-01
2.391000000000076398e-01
1.619259999999371757e-01
2.541750000000320142e-01
1.498269999999592983e-01
1.496850000000335967e-01
2.745779999999626853e-01
1.318660000000591026e-01
1.468339999999557222e-01
1.638680000000363179e-01
1.254389999999716565e-01
1.390670000000113760e-01
1.402860000000032414e-01
1.554120000000125401e-01
1.376809999999863976e-01
1.363020000000005894e-01
1.570090000000163855e-01
2.772589999999581778e-01
1.273080000000277323e-01
1.506039999999870815e-01
1.666740000000004329e-01
2.479190000000244254e-01
3.278719999999566426e-01
1.319720000000188520e-01
1.267310000000065884e-01
1.389899999999784086e-01
2.774049999999874672e-01
1.340490000000613691e-01
1.570370000000025357e-01
2.671239999999670545e-01
1.266679999999951178e-01
1.441300000000182990e-01
2.687139999999885731e-01
1.515620000000126311e-01
1.856250000000159162e-01
1.252369999999700667e-01
2.584090000000287546e-01
1.489849999999819374e-01
1.486400000000003274e-01
1.353139999999939391e-01
1.367829999999798929e-01
1.622630000000526707e-01
2.884339999999951942e-01
2.759619999999927131e-01
2.847669999999880019e-01
1.362839999999891916e-01
1.766660000000115360e-01
1.411120000000209984e-01
1.407299999999622742e-01
2.730870000000322761e-01
1.462559999999939464e-01
2.344499999999811735e-01
1.587749999999914507e-01
1.284650000000056025e-01
1.593280000000163454e-01
1.274329999999963547e-01
1.695169999999848187e-01
2.520680000000083965e-01
1.312060000000201399e-01
1.538810000000125910e-01
1.431679999999460051e-01
1.347690000000056898e-01
2.947220000000356777e-01
1.424569999999789616e-01
1.420279999999820575e-01
1.324010000000157561e-01
1.501220000000103028e-01
1.612859999999614047e-01
1.603000000000065484e-01
2.737819999999828724e-01
2.134910000000331820e-01
1.493810000000053151e-01
1.583609999999566753e-01
2.676980000000526161e-01
1.428630000000339351e-01
1.463659999999435968e-01
2.592380000000389373e-01
1.368459999999913634e-01
1.833980000000110522e-01
2.513669999999592619e-01
1.279069999999933316e-01
1.455020000000217806e-01
2.815780000000245309e-01
1.482619999999315041e-01
1.615950000000339060e-01
1.510160000000269065e-01
2.523569999999608626e-01
1.536220000000412256e-01
1.550529999999525899e-01
2.515230000000201471e-01
1.622869999999920765e-01
2.656650000000126965e-01
1.410989999999969768e-01
1.642019999999888569e-01
2.635890000000244981e-01
1.383189999999672182e-01
1.471809999999891261e-01
1.561250000000313776e-01
2.510869999999840729e-01
1.560319999999819629e-01
2.714450000000283580e-01
1.304470000000037544e-01
1.459740000000238069e-01
2.750159999999937099e-01
1.474449999999478678e-01
1.504570000000740038e-01
1.453500000000076398e-01
1.470359999999573120e-01
2.516089999999735483e-01
1.562270000000012260e-01
1.388830000000211840e-01
2.348129999999741813e-01
2.035200000000259024e-01
4.180460000000039145e-01
1.554169999999999163e-01
2.884990000000016153e-01
1.344179999999823849e-01
1.776330000000143627e-01
2.539600000000064028e-01
1.768119999999839820e-01
1.469820000000368054e-01
1.556659999999965294e-01
2.324689999999804968e-01
1.829120000000443724e-01
3.836239999999406791e-01
1.885890000000358668e-01
1.468899999999848660e-01
2.707439999999792235e-01
1.349710000000072796e-01
2.537700000000313594e-01
2.027529999999728716e-01
1.402649999999994179e-01
1.356349999999792999e-01
2.980990000000360851e-01
1.344669999999723586e-01
2.644030000000157088e-01
1.581140000000118562e-01
1.615859999999429419e-01
2.454430000000229484e-01
1.422180000000139444e-01
2.916129999999839129e-01
1.476060000000529726e-01
1.570229999999810389e-01
1.470790000000192776e-01
1.472039999999879001e-01
2.606979999999907704e-01
1.588380000000029213e-01
2.378390000000081272e-01
1.561879999999860047e-01
1.448919999999702668e-01
1.377850000000080399e-01
3.031190000000378859e-01
2.519669999999791798e-01
1.340200000000209002e-01
2.923690000000078726e-01
1.333719999999516403e-01
1.359620000000063555e-01
1.486520000000268737e-01
1.470889999999940301e-01
1.326109999999971478e-01
1.583469999999920219e-01
1.345400000000154250e-01
1.565279999999802385e-01
2.838260000000332184e-01
1.274339999999938300e-01
1.348909999999818865e-01
1.508659999999508727e-01
1.295790000000351938e-01
3.059820000000286200e-01
1.401419999999689026e-01
1.375090000000227519e-01
1.302399999999579450e-01
1.634390000000394139e-01
2.439820000000167965e-01
1.686679999999682877e-01
2.597580000000334621e-01
1.349519999999984066e-01
1.741079999999897154e-01
1.380089999999540851e-01
2.547470000000657819e-01
1.655949999999393185e-01
1.543940000000247892e-01
2.371090000000322107e-01
1.673299999999358079e-01
2.728610000000344371e-01
1.402649999999994179e-01
1.554059999999708452e-01
1.609020000000214168e-01
1.392950000000041655e-01
1.309190000000057807e-01
1.605099999999879401e-01
2.492070000000126129e-01
1.431660000000078981e-01
1.624689999999873180e-01
1.644499999999879947e-01
1.355760000000145737e-01
1.346730000000206928e-01
1.523169999999822721e-01
1.435580000000413747e-01
2.330349999999157262e-01
1.702910000000201762e-01
1.390260000000580476e-01
1.282619999999496940e-01
1.293000000000006366e-01
1.675930000000107611e-01
1.414619999999899846e-01
1.338089999999851898e-01
1.455670000000282016e-01
1.481029999999918800e-01
1.665390000000002146e-01
1.404320000000325308e-01
1.283339999999952852e-01
1.307559999999625688e-01
1.539700000000152613e-01
1.320640000000139480e-01
1.342729999999505708e-01
1.704330000000027212e-01
2.538480000000049586e-01
1.497610000000122454e-01
1.697090000000116561e-01
2.362929999999892061e-01
1.429190000000062355e-01
1.623900000000162436e-01
1.715120000000069922e-01
2.439449999999965257e-01
1.544459999999503452e-01
1.700920000000110122e-01
2.429610000000366199e-01
1.525029999999674146e-01
1.544840000000249347e-01
2.562590000000000146e-01
1.697449999999776082e-01
4.088890000000446889e-01
1.532249999999635293e-01
1.551830000000222753e-01
1.295289999999909014e-01
1.305649999999900501e-01
1.395080000000348264e-01
1.422519999999849460e-01
1.545060000000262335e-01
1.317199999999729698e-01
1.728209999999990032e-01
1.418239999999855172e-01
1.564529999999990650e-01
2.851949999999874308e-01
2.336460000000215587e-01
1.471640000000320470e-01
1.680879999999547181e-01
1.557050000000117507e-01
1.358109999999896900e-01
1.494179999999687425e-01
1.468250000000352884e-01
3.727410000000190848e-01
1.670119999999997162e-01
1.349199999999655120e-01
2.600499999999783540e-01
1.729400000000396176e-01
1.429890000000000327e-01
2.376580000000103610e-01
1.614079999999944448e-01
1.603769999999826723e-01
1.411080000000310974e-01
2.601419999999734500e-01
1.533239999999977954e-01
1.319420000000377513e-01
1.368279999999799657e-01
1.682339999999840074e-01
1.466459999999756292e-01
2.487700000000359069e-01
1.890999999999962711e-01
2.181720000000382242e-01
1.446849999999244574e-01
1.723050000000512227e-01
2.996029999999905158e-01
2.726640000000202235e-01
1.387149999999905958e-01
2.488200000000233558e-01
1.489379999999869142e-01
1.569470000000023902e-01
1.313609999999698630e-01
1.301420000000348409e-01
1.939160000000015316e-01
2.568389999999567408e-01
1.366519999999695756e-01
1.547070000000303480e-01
1.490220000000022083e-01
2.782300000000077489e-01
1.558139999999639258e-01
1.509730000000217842e-01
1.280729999999721258e-01
1.413880000000631298e-01
1.528679999999553729e-01
1.663550000000668661e-01
1.505929999999580104e-01
2.766869999999812535e-01
2.540490000000090731e-01
1.393730000000346081e-01
1.608969999999771971e-01
2.889669999999568972e-01
1.464460000000258333e-01
1.593130000000542168e-01
3.748199999999428655e-01
1.563249999999811735e-01
2.821720000000595974e-01
1.419270000000096843e-01
1.709849999999732972e-01
1.441179999999917527e-01
1.484229999999797656e-01
2.671710000000189211e-01
1.501690000000053260e-01
2.486610000000268883e-01
1.584649999999783176e-01
1.655609999999683168e-01
2.617309999999974934e-01
1.371589999999969223e-01
1.789490000000455439e-01
2.495779999999854226e-01
1.679650000000378895e-01
2.495109999999840511e-01
1.339370000000030814e-01
1.717229999999858592e-01
1.509259999999699176e-01
2.645180000000095788e-01
1.595629999999914617e-01
2.634250000000406544e-01
1.344030000000202563e-01
1.459199999999327702e-01
1.355370000000561959e-01
1.319399999999859574e-01
1.396039999999629799e-01
1.573900000000207910e-01
2.708480000000008658e-01
1.382689999999797692e-01
1.444140000000402324e-01
1.625950000000102591e-01
2.567939999999566680e-01
1.649909999999863430e-01
2.811440000000402506e-01
1.472380000000157452e-01
1.489339999999401698e-01
1.634960000000091895e-01
1.299300000000584987e-01
1.262079999999627944e-01
1.578409999999621505e-01
3.935120000000438267e-01
1.531249999999886313e-01
1.728410000000053515e-01
1.300540000000296459e-01
1.282019999999306492e-01
1.502820000000610889e-01
1.410609999999792308e-01
2.572739999999953397e-01
1.564379999999800930e-01
1.341130000000134714e-01
1.266240000000493637e-01
1.514409999999202228e-01
1.596300000000496766e-01
2.611689999999953216e-01
1.353000000000292857e-01
1.617669999999407082e-01
2.838910000000396394e-01
1.366109999999594038e-01
1.728800000000205728e-01
1.512570000000437176e-01
1.391159999999445063e-01
1.301700000000209911e-01
1.693099999999958527e-01
1.463159999999561478e-01
1.520790000000147302e-01
1.383150000000341606e-01
1.303159999999934371e-01
2.425550000000384898e-01
1.403419999999755419e-01
1.559719999999629181e-01
2.681039999999939027e-01
1.369120000000521031e-01
1.377799999999638203e-01
1.616119999999909851e-01
2.706330000000320979e-01
1.573399999999764987e-01
1.658659999999940737e-01
1.290979999999990468e-01
2.867459999999937281e-01
1.555650000000241562e-01
2.623970000000213076e-01
3.017289999999661632e-01
3.247745200000002797e+01
2.613437999999973727e+00
2.584239999999908832e-01
2.894670000000587606e-01
1.508079999999267784e-01
1.405550000000630462e-01
1.336359999999672254e-01
1.269470000000296750e-01
1.579039999999736210e-01
1.588530000000218934e-01
2.423119999999698848e-01
1.544900000000097862e-01
2.670019999999908578e-01
1.328110000000037871e-01
1.548680000000217660e-01
1.503619999999727952e-01
1.268110000000319815e-01
1.334589999999593601e-01
1.689749999999889951e-01
2.607060000000274158e-01
1.306010000000128457e-01
1.553260000000022956e-01
1.410619999999767060e-01
1.349359999999819593e-01
1.327919999999949141e-01
1.376520000000027721e-01
2.647800000000302134e-01
1.325290000000336477e-01
3.916689999999789507e-01
1.380110000000058790e-01
1.427199999999970714e-01
1.589260000000081163e-01
1.466990000000123473e-01
1.275869999999486026e-01
1.641070000000581786e-01
1.345699999999396823e-01
2.627340000000231157e-01
1.880550000000198452e-01
2.506539999999972679e-01
1.289370000000076288e-01
1.494369999999776155e-01
1.789539999999760767e-01
2.471530000000257132e-01
1.478719999999498214e-01
1.560709999999971842e-01
2.533220000000255823e-01
1.612970000000473192e-01
3.905559999999468346e-01
1.479280000000358086e-01
2.607310000000211403e-01
1.369299999999498141e-01
1.628019999999992251e-01
1.678030000000489963e-01
1.408029999999484971e-01
2.459670000000073742e-01
1.390729999999962274e-01
1.642840000000660439e-01
1.293339999999716383e-01
1.514189999999757674e-01
1.652690000000234249e-01
1.426179999999703796e-01
1.303190000000427062e-01
1.467589999999745487e-01
2.465470000000209438e-01
1.518399999999928696e-01
1.481759999999781030e-01
1.380710000000249238e-01
1.436840000000074724e-01
1.564879999999675420e-01
1.591379999999844586e-01
2.589820000000599975e-01
2.533019999999623906e-01
1.686320000000023356e-01
1.254920000000083746e-01
1.336820000000216169e-01
1.625960000000077343e-01
1.403209999999717184e-01
2.573029999999789652e-01
1.688819999999964239e-01
1.418940000000361579e-01
1.316709999999829961e-01
1.375810000000114997e-01
1.521879999999669053e-01
1.537170000000287473e-01
1.498569999999972424e-01
2.664209999999798129e-01
1.248110000000224318e-01
1.524079999999798929e-01
2.832080000000019027e-01
1.290040000000090004e-01
1.416879999999878237e-01
1.486380000000053769e-01
1.549499999999852662e-01
1.500800000000026557e-01
1.304300000000466753e-01
1.526279999999928805e-01
1.553979999999910433e-01
2.478879999999890060e-01
1.295279999999934262e-01
1.625699999999596912e-01
2.667010000000686887e-01
1.292329999999992651e-01
1.797540000000026339e-01
1.373509999999669162e-01
2.755899999999655847e-01
1.592430000000604196e-01
1.483180000000174914e-01
2.566009999999323554e-01
1.343970000000354048e-01
1.544150000000286127e-01
1.327769999999759420e-01
1.436409999999455067e-01
1.639760000000478612e-01
2.799850000000105865e-01
1.289759999999660067e-01
1.653959999999869979e-01
1.260399999999890497e-01
1.250550000000316686e-01
1.445390000000088548e-01
1.396699999999668762e-01
1.592080000000350992e-01
1.391500000000291948e-01
1.350349999999593820e-01
1.384800000000154796e-01
1.286020000000007713e-01
2.513919999999529864e-01
1.681350000000065847e-01
2.858400000000074215e-01
1.398150000000555337e-01
1.315799999999853753e-01
2.691469999999753782e-01
1.336420000000089203e-01
1.595639999999889369e-01
1.506150000000161526e-01
1.292339999999967404e-01
2.600750000000289219e-01
1.547609999999508545e-01
2.579820000000268010e-01
1.613559999999552019e-01
1.534610000000498076e-01
2.304250000000251930e-01
1.569399999999632200e-01
2.739359999999919637e-01
1.510760000000459513e-01
1.535469999999463653e-01
2.703750000000013642e-01
1.269369999999980791e-01
1.622360000000071523e-01
1.444720000000074833e-01
2.565559999999891261e-01
1.487210000000231958e-01
1.493570000000090658e-01
1.312319999999544962e-01
1.476600000000303226e-01
1.703939999999874999e-01
2.417429999999853862e-01
1.319720000000188520e-01
1.324109999999905085e-01
1.655509999999935644e-01
2.486289999999939937e-01
1.686500000000137334e-01
1.368860000000040600e-01
1.318809999999643878e-01
1.389860000000453510e-01
1.519210000000157379e-01
1.645429999999805659e-01
2.444370000000049004e-01
1.820040000000062719e-01
1.295240000000035252e-01
1.316239999999879728e-01
1.356850000000235923e-01
1.485139999999773863e-01
1.316719999999804713e-01
1.564830000000370092e-01
1.333280000000058862e-01
1.460079999999379652e-01
2.684560000000146829e-01
1.498480000000199652e-01
1.472999999999728971e-01
1.337610000000495347e-01
1.298630000000002838e-01
1.395489999999881547e-01
1.755239999999957945e-01
2.672839999999609972e-01
1.310210000000324726e-01
1.550359999999955107e-01
1.505089999999995598e-01
2.494540000000142754e-01
1.787239999999883366e-01
1.430149999999912325e-01
1.341889999999921201e-01
1.369870000000332766e-01
1.425669999999854554e-01
2.819149999999694955e-01
1.254500000000007276e-01
1.561470000000326763e-01
1.752799999999865577e-01
2.490240000000198961e-01
1.449190000000157852e-01
1.563029999999798747e-01
1.445019999999885840e-01
1.273560000000202308e-01
1.512019999999552056e-01
2.565840000000321197e-01
1.402480000000423388e-01
1.706339999999499923e-01
2.679590000000189320e-01
1.325859999999465799e-01
1.493670000000406617e-01
4.060099999999806641e-01
1.720170000000393884e-01
1.399329999999849861e-01
2.665989999999851534e-01
1.517750000000432919e-01
1.390749999999911779e-01
1.512309999999956744e-01
1.385879999999701795e-01
2.664000000000328328e-01
4.393169999999599895e-01
1.387369999999918946e-01
3.122930000000678774e-01
3.446079999999369647e-01
3.366790000000037253e-01
3.273490000000265354e-01
3.451239999999984320e-01
1.302309999999806678e-01
9.841870000000199070e-01
1.855299999999715510e-01
2.006470000000035725e-01
1.743510000000014770e-01
1.836470000000076652e-01
2.019740000000069813e-01
2.745920000000410255e-01
1.968569999999658648e-01
1.861450000000104410e-01
1.576959999999871798e-01
2.137270000000057735e-01
1.329350000000317777e-01
2.265159999999468710e-01
1.607979999999997744e-01
1.589840000000322107e-01
1.795979999999985921e-01
2.085710000000062792e-01
1.835379999999986467e-01
2.326939999999808606e-01
1.635109999999713182e-01
2.611830000000168184e-01
2.356330000000070868e-01
2.700110000000108812e-01
2.379030000000170730e-01
3.058759999999551837e-01
3.735020000000304208e-01
1.855869999999981701e-01
1.047199999999975262e+00
2.066270000000258733e-01
