8.937579999999991642e-01
4.392400000000007410e-01
8.820270000000016708e-01
6.535849999999978621e-01
6.646960000000010638e-01
8.776580000000002713e-01
4.348639999999992511e-01
8.853310000000007562e-01
6.772789999999986321e-01
6.557390000000005159e-01
8.746070000000010225e-01
4.545139999999978642e-01
8.871380000000002042e-01
6.456610000000004845e-01
6.660789999999998656e-01
8.868400000000029593e-01
4.322689999999980159e-01
8.697300000000005582e-01
6.550679999999999836e-01
6.515890000000013060e-01
8.794309999999967431e-01
4.532060000000015521e-01
8.732919999999992910e-01
6.473189999999995337e-01
6.422629999999998063e-01
8.856150000000013733e-01
4.456680000000012853e-01
8.664859999999983131e-01
6.517519999999983327e-01
6.528750000000016485e-01
8.627460000000013451e-01
4.473200000000012722e-01
8.493519999999961101e-01
6.317350000000026000e-01
6.442669999999992569e-01
8.709909999999965180e-01
4.350250000000031037e-01
8.646980000000041855e-01
6.437369999999944525e-01
6.303990000000041505e-01
8.967539999999942779e-01
4.396559999999993806e-01
8.383889999999993847e-01
6.383920000000031791e-01
6.602870000000038431e-01
8.596500000000020236e-01
4.267519999999933589e-01
8.583220000000011396e-01
6.503360000000029117e-01
6.248059999999995284e-01
8.688169999999928450e-01
4.395440000000050418e-01
8.551649999999995089e-01
6.488529999999954612e-01
6.374510000000057630e-01
8.775589999999979796e-01
4.516419999999996548e-01
8.695620000000019445e-01
6.277240000000006148e-01
6.371549999999928104e-01
8.610680000000101586e-01
4.433749999999960778e-01
8.590459999999993101e-01
6.531599999999997408e-01
6.312610000000020705e-01
8.479919999999978586e-01
4.427629999999993515e-01
8.740329999999971733e-01
6.448060000000026548e-01
6.382230000000035375e-01
8.443109999999975912e-01
4.511920000000060327e-01
8.616199999999949455e-01
6.463590000000039026e-01
6.410029999999906636e-01
8.698780000000070345e-01
4.451469999999915217e-01
8.488400000000027035e-01
6.589930000000094878e-01
6.412909999999882871e-01
8.711359999999999104e-01
4.409350000000102909e-01
8.795989999999918041e-01
6.313610000000124955e-01
6.339949999999845431e-01
8.656070000000113396e-01
4.254849999999947840e-01
8.483590000000020837e-01
6.642180000000053042e-01
6.487729999999913844e-01
8.721639999999979409e-01
4.358020000000095706e-01
8.746469999999959555e-01
6.352750000000071395e-01
6.410189999999857946e-01
1.919560000000046784e-01
6.500770000000102300e-01
4.458539999999828751e-01
8.635050000000035197e-01
4.393250000000108457e-01
2.229859999999916909e-01
6.356509999999957472e-01
8.789270000000044547e-01
4.498520000000070240e-01
8.676250000000038654e-01
6.576849999999865304e-01
6.432220000000086202e-01
8.899019999999921993e-01
4.383389999999991460e-01
8.394760000000047739e-01
6.394949999999965939e-01
6.637249999999994543e-01
8.716610000000031278e-01
4.326619999999934407e-01
4.317240000000026612e-01
4.328450000000003683e-01
6.401419999999973243e-01
6.465420000000108303e-01
8.885469999999884294e-01
4.500320000000073151e-01
8.758400000000108321e-01
6.824289999999848533e-01
6.694470000000052323e-01
8.899779999999992697e-01
4.558370000000024902e-01
8.612430000000017571e-01
6.702259999999995443e-01
6.489150000000023510e-01
9.171099999999938746e-01
4.321770000000100254e-01
8.569949999999835200e-01
6.701740000000029340e-01
6.508759999999966794e-01
9.199750000000079808e-01
4.479709999999954562e-01
8.840050000000019281e-01
6.485689999999948441e-01
6.396850000000142700e-01
8.881370000000003984e-01
2.049109999999956244e-01
2.343609999999927140e-01
8.812599999999974898e-01
6.368250000000017508e-01
6.597349999999977399e-01
8.923090000000115651e-01
4.479629999999872325e-01
8.546180000000163091e-01
6.622449999999986403e-01
6.641929999999973688e-01
8.872029999999995198e-01
4.440540000000083865e-01
8.821530000000024074e-01
6.513669999999791571e-01
6.631950000000017553e-01
8.769460000000037780e-01
4.586749999999994998e-01
8.839910000000088530e-01
6.758609999999833917e-01
6.394320000000135451e-01
8.769139999999850943e-01
4.495020000000096161e-01
8.783080000000040855e-01
1.308503999999999223e+00
8.808250000000015234e-01
4.556159999999920274e-01
8.697090000000002874e-01
6.692300000000130922e-01
6.377429999999861820e-01
8.739340000000197506e-01
4.451989999999881320e-01
8.841950000000053933e-01
6.445159999999816591e-01
6.520140000000225200e-01
8.899029999999754637e-01
4.448210000000187847e-01
8.553720000000026857e-01
6.683189999999825659e-01
6.447060000000135460e-01
8.685639999999921201e-01
4.570190000000025066e-01
8.923619999999914398e-01
6.374830000000031305e-01
6.598150000000089221e-01
9.014840000000106102e-01
4.376399999999875945e-01
8.721740000000011150e-01
6.556590000000142027e-01
6.733469999999783795e-01
8.833840000000066084e-01
2.406320000000050641e-01
2.215189999999722659e-01
8.523519999999962238e-01
6.667690000000447981e-01
6.565159999999821139e-01
8.947860000000105174e-01
4.562329999999690244e-01
8.763959999999997308e-01
6.626120000000241816e-01
6.586119999999766605e-01
8.868330000000241853e-01
4.403489999999976590e-01
6.559959999999875890e-01
2.281170000000258824e-01
6.682179999999959819e-01
6.791839999999922384e-01
8.792949999999848387e-01
4.504060000000151831e-01
8.808420000000012351e-01
6.568550000000072941e-01
2.685719999999776064e-01
3.999660000000062610e-01
8.971889999999973497e-01
4.535779999999931533e-01
9.149110000000177934e-01
6.497649999999737247e-01
6.731020000000000891e-01
9.165380000000311611e-01
4.617020000000024993e-01
8.635699999999815191e-01
6.737190000000055079e-01
6.660070000000075652e-01
8.978309999999964930e-01
4.496780000000057953e-01
8.979709999999840875e-01
6.416660000000149466e-01
6.833159999999907086e-01
8.956430000000068503e-01
4.547290000000145938e-01
8.801149999999893225e-01
6.775109999999813226e-01
6.643970000000081200e-01
8.959590000000048349e-01
4.696759999999926549e-01
8.992160000000239961e-01
6.281029999999532265e-01
6.870080000000200471e-01
8.873959999999954107e-01
4.678790000000105920e-01
8.857040000000040436e-01
6.756300000000123873e-01
6.804679999999905249e-01
8.874639999999658357e-01
4.365010000000211221e-01
8.942650000000185173e-01
6.513129999999875963e-01
6.687640000000101281e-01
9.119429999999795200e-01
4.487399999999865940e-01
8.808330000000239579e-01
6.791860000000156106e-01
6.775149999999712236e-01
9.075660000000027594e-01
4.530080000000111795e-01
8.728869999999915308e-01
6.863720000000057553e-01
6.691129999999816391e-01
8.991190000000131022e-01
4.511940000000151940e-01
8.985739999999964311e-01
6.546790000000157761e-01
6.866629999999815936e-01
8.968209999999885440e-01
4.503530000000068867e-01
8.930640000000096279e-01
6.669430000000033942e-01
6.464320000000043365e-01
8.943389999999737938e-01
4.533670000000142863e-01
8.751399999999875945e-01
6.650510000000053878e-01
6.411510000000077980e-01
9.094990000000109376e-01
4.455239999999776046e-01
8.773329999999930351e-01
6.558799999999962438e-01
6.483920000000296113e-01
8.901159999999777028e-01
4.517000000000166438e-01
8.801379999999880965e-01
6.691460000000120090e-01
6.465099999999779357e-01
9.156040000000018608e-01
4.292680000000075324e-01
9.051800000000014279e-01
6.458800000000053387e-01
6.472229999999967731e-01
9.068690000000003693e-01
4.568539999999927659e-01
8.731360000000165655e-01
6.598619999999755237e-01
6.575170000000127857e-01
6.760089999999934207e-01
2.210479999999961365e-01
4.561860000000308446e-01
8.609609999999747743e-01
6.588289999999972224e-01
6.459649999999896863e-01
8.789400000000000546e-01
4.427550000000337604e-01
8.699149999999917782e-01
6.564410000000009404e-01
6.528580000000090422e-01
8.846469999999726497e-01
4.514649999999846841e-01
8.650050000000533146e-01
6.486149999999781812e-01
6.360739999999793781e-01
8.778660000000115815e-01
4.517600000000072669e-01
8.545989999999790143e-01
6.541729999999859047e-01
6.531000000000233285e-01
8.839300000000207547e-01
4.333879999999794563e-01
8.700950000000204909e-01
6.534549999999796910e-01
6.603470000000299933e-01
8.559999999999945430e-01
4.443679999999687880e-01
8.709530000000142991e-01
6.593659999999772481e-01
6.436190000000578948e-01
8.846329999999511529e-01
4.467080000000009932e-01
8.701599999999984902e-01
6.318930000000193559e-01
6.724580000000059954e-01
8.507579999999848042e-01
4.679189999999948668e-01
8.669160000000033506e-01
6.685260000000141645e-01
6.330889999999840256e-01
8.977910000000122182e-01
4.330129999999883239e-01
8.644479999999816755e-01
6.425700000000347245e-01
6.738850000000127238e-01
8.805129999999792290e-01
4.434830000000147265e-01
8.555059999999912179e-01
6.502009999999813772e-01
6.562790000000120472e-01
8.858769999999935862e-01
4.331140000000175405e-01
8.484929999999621941e-01
6.454010000000209857e-01
6.550440000000037344e-01
8.742089999999791416e-01
4.357320000000299842e-01
8.686409999999682441e-01
6.412760000000332639e-01
6.613830000000007203e-01
8.700719999999932952e-01
4.395430000000146720e-01
8.565239999999789688e-01
6.446470000000203981e-01
6.606799999999566353e-01
8.609030000000359450e-01
4.406189999999980955e-01
8.706809999999904903e-01
6.595409999999901629e-01
6.495019999999840365e-01
9.030099999999947613e-01
4.397519999999985885e-01
8.806130000000393920e-01
6.549489999999877909e-01
6.420640000000048531e-01
8.653070000000298023e-01
4.417179999999802931e-01
8.602950000000078035e-01
6.584009999999693719e-01
6.441239999999766042e-01
8.970700000000420005e-01
4.313129999999887332e-01
8.620359999999891443e-01
6.438320000000317123e-01
6.437629999999785468e-01
8.877680000000509608e-01
4.492829999999230495e-01
8.705500000000370164e-01
6.696800000000280306e-01
6.261489999999412248e-01
8.830040000000280997e-01
4.584999999999581632e-01
8.799100000000521504e-01
6.539139999999861175e-01
6.393640000000004875e-01
8.738220000000183063e-01
4.530659999999784304e-01
8.688000000000215550e-01
6.713599999999928514e-01
6.550079999999525171e-01
8.791130000000748623e-01
4.513000000000033651e-01
8.775229999999965003e-01
6.487929999999551001e-01
6.526010000000042055e-01
8.889419999999859101e-01
4.560100000000488762e-01
8.662069999999744141e-01
6.585200000000099863e-01
6.611090000000103828e-01
8.938939999999888641e-01
4.601459999999519823e-01
8.586830000000418295e-01
6.592099999999732063e-01
6.492830000000253676e-01
9.028399999999692227e-01
4.597970000000373147e-01
6.551139999999691099e-01
2.351540000000227337e-01
1.836379999999735446e-01
5.029580000000350992e-01
6.598619999999755237e-01
8.756290000000035434e-01
4.625520000000165055e-01
8.683459999999740830e-01
1.529230000000438849e-01
5.261659999999892534e-01
6.616679999999632855e-01
8.933020000000055916e-01
4.575600000000008549e-01
8.737399999999979627e-01
6.651700000000460022e-01
2.227739999999585052e-01
4.477519999999799438e-01
8.710670000000391155e-01
4.594329999999899883e-01
8.732679999999959364e-01
6.764009999999984757e-01
6.609010000000239415e-01
8.963459999999940919e-01
4.573720000000207619e-01
5.977869999999825268e-01
2.953200000000038017e-01
1.525970000000143045e-01
5.099879999999643587e-01
6.657630000000267501e-01
9.185189999999465726e-01
4.566830000000550172e-01
8.732149999999592183e-01
6.852499999999963620e-01
6.805610000000115178e-01
9.114139999999792963e-01
4.445040000000517466e-01
8.940509999999903812e-01
6.711999999999989086e-01
6.560049999999932879e-01
9.222989999999526844e-01
4.653180000000247674e-01
9.069289999999909924e-01
6.693710000000123728e-01
6.535359999999741376e-01
7.611630000000673135e-01
1.438289999999824431e-01
4.429949999999962529e-01
9.039899999999647662e-01
6.696400000000721775e-01
6.815809999999373758e-01
8.721950000000333603e-01
4.393029999999384927e-01
9.363600000000360524e-01
6.289269999999760330e-01
6.729850000000396903e-01
8.951649999999631291e-01
4.518290000000320106e-01
8.785910000000285436e-01
6.783519999999612082e-01
6.515489999999886095e-01
8.832100000000195905e-01
4.492940000000089640e-01
1.558091999999987820e+00
6.872809999999844877e-01
8.788320000000453547e-01
4.446909999999775209e-01
9.260400000000004184e-01
6.433159999999702450e-01
6.546370000000365508e-01
8.912759999999479987e-01
4.394170000000485743e-01
8.987589999999840984e-01
6.399710000000027321e-01
6.679870000000391883e-01
9.081099999999651118e-01
4.435270000000173241e-01
9.005309999999440151e-01
6.573740000000611872e-01
7.009659999999939828e-01
8.757529999999746906e-01
4.328260000000341279e-01
9.030949999999506872e-01
6.473470000000247637e-01
6.792859999999905085e-01
8.951260000000047512e-01
4.390880000000265682e-01
9.102229999999735810e-01
6.545219999999858373e-01
6.384280000000330801e-01
8.779729999999972279e-01
4.565120000000320033e-01
8.998889999999732936e-01
6.813989999999989777e-01
7.199299999999766442e-01
