2.096550000000263481e-01
2.320149999999898682e-01
2.328690000000221971e-01
4.737689999999759038e-01
4.302169999999989614e-01
4.457969999999988886e-01
2.143900000000087402e-01
2.244760000000098898e-01
4.271839999999826887e-01
2.382800000000031559e-01
2.221490000000017062e-01
4.490229999999826305e-01
2.396190000000331111e-01
2.173559999999667980e-01
4.447750000000212367e-01
4.569029999999827396e-01
4.413110000000131095e-01
2.287790000000029522e-01
2.223429999999950724e-01
2.232999999999947249e-01
4.536620000000084474e-01
2.260390000000143118e-01
4.421649999999885949e-01
2.299720000000036180e-01
2.241679999999917072e-01
8.752389999999934389e-01
6.675480000000106884e-01
2.290950000000009368e-01
6.609839999999849169e-01
2.358000000000117780e-01
4.440850000000011732e-01
2.255739999999946122e-01
2.131740000000093005e-01
4.340260000000171203e-01
4.440009999999858792e-01
4.568549999999902411e-01
2.329000000000007731e-01
2.206079999999985830e-01
2.287719999999922038e-01
2.283720000000073469e-01
2.207620000000076743e-01
2.360089999999956945e-01
4.348980000000040036e-01
2.347089999999809606e-01
2.238460000000088712e-01
4.360590000000001965e-01
4.573169999999890933e-01
4.298710000000198761e-01
2.287430000000085784e-01
2.289419999999893207e-01
6.735490000000083910e-01
2.089719999999886113e-01
4.400840000000130203e-01
2.366739999999936117e-01
2.192409999999824777e-01
4.422190000000227883e-01
4.539049999999917873e-01
6.786160000000052150e-01
2.274829999999781194e-01
2.156810000000177752e-01
2.281100000000151340e-01
2.273439999999880001e-01
2.191169999999829088e-01
4.667249999999967258e-01
2.261570000000290293e-01
2.211999999999818556e-01
8.677000000000134605e-01
6.582129999999892789e-01
2.241850000000056298e-01
6.731979999999850861e-01
2.240640000000269083e-01
6.736779999999669144e-01
2.268600000000162709e-01
4.222530000000119799e-01
4.584389999999700649e-01
4.466370000000097207e-01
2.405459999999948195e-01
2.182490000000143482e-01
2.013189999999838165e-01
2.455120000000192704e-01
2.310669999999959145e-01
2.281640000000209056e-01
4.492099999999652482e-01
2.324120000000107211e-01
2.257079999999973552e-01
4.395309999999881256e-01
4.403170000000216078e-01
4.299049999999908778e-01
2.344580000000178188e-01
2.290489999999749671e-01
6.566310000000044056e-01
2.279680000000041673e-01
4.424300000000016553e-01
2.318840000000079726e-01
2.248649999999940974e-01
4.594400000000007367e-01
4.425339999999948759e-01
4.486260000000186210e-01
2.346849999999847114e-01
2.179940000000044620e-01
2.280839999999955126e-01
2.229989999999872907e-01
2.370700000000169894e-01
2.228169999999920492e-01
4.503530000000068867e-01
2.471270000000060918e-01
2.081000000000017280e-01
4.291069999999876927e-01
4.395700000000033469e-01
4.311819999999784159e-01
2.274200000000234922e-01
2.268449999999972988e-01
4.571530000000052496e-01
2.225970000000074833e-01
2.186049999999966076e-01
4.320769999999924948e-01
2.366409999999916636e-01
2.183590000000208420e-01
4.259799999999813735e-01
4.584910000000093078e-01
4.214939999999955944e-01
2.412800000000174805e-01
2.117729999999937718e-01
2.346349999999688407e-01
2.149740000000122109e-01
2.294280000000128439e-01
2.139329999999972642e-01
4.347740000000044347e-01
2.422349999999937609e-01
2.097510000000113450e-01
4.349869999999782522e-01
4.472830000000271866e-01
4.376039999999932206e-01
2.275829999999814390e-01
2.179880000000196105e-01
4.346379999999783195e-01
2.252120000000275013e-01
2.303419999999789525e-01
4.141439999999931842e-01
2.375950000000273121e-01
2.123369999999908941e-01
4.351289999999892188e-01
4.509139999999831616e-01
4.203920000000209711e-01
2.451039999999977681e-01
2.275410000000022137e-01
2.257730000000037762e-01
2.207510000000070249e-01
2.303939999999897736e-01
2.197189999999977772e-01
4.562549999999987449e-01
2.224549999999965166e-01
1.996120000000303207e-01
4.495569999999702304e-01
4.377039999999965403e-01
4.327440000000137843e-01
2.269699999999943429e-01
2.111349999999845295e-01
6.600200000000029377e-01
2.318010000000185755e-01
4.345140000000071723e-01
2.300379999999790925e-01
2.255540000000166856e-01
4.252869999999973061e-01
4.646299999999712327e-01
4.219120000000202708e-01
2.319630000000074688e-01
2.259770000000003165e-01
2.119390000000009877e-01
2.124029999999947904e-01
2.334519999999997708e-01
2.246729999999956817e-01
4.499309999999923093e-01
2.350130000000092423e-01
2.148699999999905685e-01
4.375389999999867996e-01
4.390620000000353684e-01
2.325689999999838165e-01
6.542170000000169239e-01
6.497639999999762495e-01
6.177970000000243544e-01
7.588635399999998299e+01
2.174780000000282598e-01
2.107029999999667780e-01
2.218930000000227665e-01
2.251190000000065083e-01
2.230569999999829633e-01
2.224059999999781212e-01
2.211730000000216023e-01
4.174889999999891188e-01
4.763700000000312684e-01
4.539829999999938082e-01
2.194569999999771426e-01
2.185000000000059117e-01
2.240350000000148611e-01
2.151920000000018263e-01
2.142690000000015971e-01
2.233289999999783504e-01
6.692360000000121545e-01
2.249419999999986430e-01
4.431030000000077962e-01
4.472799999999779175e-01
4.297649999999748616e-01
2.339810000000284163e-01
2.256600000000048567e-01
2.247169999999982792e-01
2.156689999999912288e-01
2.226090000000340297e-01
2.268869999999765241e-01
4.466360000000122454e-01
4.546509999999557294e-01
4.314340000000811415e-01
4.381499999999505235e-01
4.461709999999925458e-01
2.270760000000109358e-01
2.288950000000227192e-01
2.099519999999870379e-01
2.114199999999755164e-01
2.170030000000338077e-01
2.232079999999996289e-01
4.453669999999760876e-01
2.349690000000350665e-01
2.166879999999764550e-01
4.390209999999683532e-01
4.503140000000485088e-01
4.400149999999598549e-01
2.275099999999952161e-01
2.316520000000537038e-01
2.168959999999628963e-01
2.158259999999927459e-01
2.186479999999733081e-01
2.284550000000535874e-01
4.522440000000074178e-01
2.366129999999770916e-01
2.194719999999961146e-01
4.398659999999949832e-01
4.559800000000109321e-01
4.373719999999821084e-01
2.391850000000204091e-01
2.270350000000007640e-01
2.123550000000022919e-01
2.203769999999849460e-01
2.125840000000494001e-01
2.262969999999313586e-01
4.480120000000056280e-01
2.350089999999909196e-01
2.182610000000408945e-01
4.640190000000075088e-01
4.480659999999829779e-01
4.365290000000072723e-01
2.398689999999419342e-01
2.245640000000435066e-01
2.188939999999774955e-01
2.266300000000569526e-01
2.181039999999825341e-01
2.274489999999786960e-01
4.639060000000085893e-01
2.268230000000244218e-01
4.420599999999694774e-01
2.223280000000045220e-01
2.237709999999992760e-01
2.272650000000453474e-01
2.159169999999903666e-01
2.208609999999566753e-01
2.282220000000165783e-01
2.246289999999930842e-01
2.262779999999793290e-01
2.203630000000202926e-01
2.204339999999547217e-01
2.304700000000252658e-01
2.168230000000335167e-01
2.260819999999625907e-01
2.213310000000205946e-01
2.276280000000383552e-01
4.626020000000039545e-01
4.880959999999845422e-01
4.229679999999689244e-01
2.327750000000037289e-01
2.216159999999831598e-01
4.394839999999931024e-01
2.238470000000347682e-01
2.333959999999706270e-01
4.558350000000359614e-01
2.283209999999940010e-01
2.115169999999579886e-01
4.578200000000265391e-01
4.295490000000086184e-01
4.554410000000075343e-01
2.314680000000066684e-01
2.133559999999761203e-01
2.136110000000144282e-01
2.316819999999779611e-01
2.146170000000324762e-01
2.384319999999888751e-01
4.407249999999862666e-01
2.260380000000168366e-01
2.215269999999804895e-01
4.365420000000312939e-01
4.513739999999302199e-01
4.331580000000485597e-01
2.325769999999920401e-01
2.166599999999903048e-01
2.252430000000344990e-01
2.209199999999782449e-01
2.155060000000048603e-01
2.355939999999918655e-01
4.563309999999773936e-01
2.295859999999834145e-01
2.225020000000199616e-01
4.549950000000535510e-01
4.267849999999953070e-01
4.170679999999720167e-01
2.370630000000346627e-01
2.211439999999811334e-01
2.284569999999916945e-01
2.070289999999772590e-01
2.179820000000063374e-01
2.295200000000363616e-01
4.464189999999916836e-01
2.490700000000174441e-01
2.047039999999924476e-01
4.404250000000047294e-01
4.534159999999474167e-01
4.418470000000525033e-01
2.399120000000038999e-01
2.093459999999822685e-01
2.304859999999848696e-01
2.115280000000439031e-01
2.126199999999585089e-01
2.313990000000103464e-01
4.488579999999728898e-01
2.282759999999939282e-01
2.375660000000152650e-01
4.397389999999745669e-01
4.637150000000360706e-01
4.060309999999844877e-01
2.343640000000277723e-01
2.257459999999582578e-01
2.201450000000590990e-01
2.141429999999218126e-01
2.211770000000115033e-01
2.256930000000352265e-01
4.319290000000250984e-01
2.310870000000022628e-01
2.275859999999738648e-01
4.205729999999903157e-01
4.789470000000051186e-01
4.137240000000019791e-01
2.254649999999855936e-01
2.220619999999939864e-01
2.270030000000247128e-01
2.148280000000113432e-01
2.237799999999765532e-01
2.180329999999912616e-01
4.537860000000364380e-01
2.319319999999720494e-01
2.200320000000033360e-01
4.423959999999738102e-01
4.588550000000282125e-01
4.306730000000129621e-01
2.270199999999817919e-01
2.270670000000336586e-01
2.301170000000070104e-01
4.315290000000118198e-01
2.272069999999644097e-01
4.386079999999878964e-01
2.327129999999897336e-01
2.236110000000053333e-01
4.224060000000235959e-01
4.778059999999868523e-01
4.144379999999614483e-01
2.331970000000183063e-01
2.255920000000060099e-01
2.233350000000200453e-01
2.217109999999706815e-01
2.153160000000298169e-01
2.222089999999639076e-01
4.634290000000191867e-01
2.323949999999967986e-01
2.203690000000051441e-01
4.326270000000249638e-01
4.521579999999971733e-01
4.241529999999897882e-01
2.318520000000034997e-01
2.146859999999719548e-01
2.179950000000303589e-01
2.298719999999434549e-01
2.255729999999971369e-01
2.253920000000562140e-01
4.380540000000223699e-01
2.300519999999437459e-01
4.310849999999959437e-01
2.242080000000328255e-01
2.169920000000047366e-01
2.166110000000003311e-01
2.183479999999917709e-01
2.239210000000184664e-01
2.269630000000120162e-01
2.291700000000105319e-01
7.169149999999717693e-01
6.705170000000180153e-01
2.494609999999397587e-01
