2.262909999999962452e-01
1.726300000000051682e-01
1.737974999999998715e+00
2.269000000000005457e-01
1.703929999999971301e-01
1.763969000000003007e+00
2.200490000000030477e-01
1.774909999999962906e-01
1.733496999999999844e+00
2.343879999999955999e-01
1.676290000000051350e-01
1.726007999999993103e+00
2.274080000000040513e-01
1.706290000000052487e-01
1.760311000000001513e+00
2.328229999999962274e-01
1.695919999999944139e-01
1.757307000000004393e+00
2.369020000000006121e-01
1.756379999999992947e-01
1.780867999999998119e+00
2.228260000000048535e-01
1.701440000000005170e-01
1.765150999999995918e+00
2.203149999999993724e-01
1.726579999999984238e-01
1.751949000000003309e+00
2.225090000000022883e-01
1.696529999999967231e-01
1.767004000000000019e+00
2.191170000000042251e-01
1.741689999999920246e-01
1.741263000000003558e+00
2.144009999999951788e-01
1.672349999999980241e-01
1.748271000000009678e+00
2.243660000000033961e-01
1.730289999999925499e-01
3.905080000000040741e-01
1.571819999999988227e-01
2.087189999999949919e-01
1.565200000000075420e-01
5.126139999999992369e-01
1.610760000000013292e-01
2.030620000000027403e-01
1.421209999999959450e-01
3.745410000000006789e-01
2.032169999999950960e-01
1.605090000000046757e-01
2.125909999999890942e-01
1.559620000000023765e-01
3.847480000000089717e-01
1.375729999999961706e-01
1.634390000000038867e-01
2.165149999999940178e-01
1.489340000000041186e-01
1.641219999999989909e-01
3.757790000000014174e-01
1.597870000000014556e-01
2.115459999999984575e-01
1.517780000000001905e-01
2.589599999999947499e-01
2.429439999999942756e-01
1.562410000000085120e-01
2.111570000000000391e-01
1.452929999999952315e-01
5.408290000000022246e-01
1.554550000000034515e-01
2.034090000000077225e-01
1.374589999999926704e-01
2.577950000000015507e-01
2.648099999999971033e-01
1.581600000000094042e-01
2.190030000000007249e-01
1.443859999999972388e-01
2.679429999999882739e-01
2.583930000000123073e-01
1.583849999999955571e-01
2.028770000000008622e-01
1.469740000000001601e-01
5.259469999999879519e-01
1.599730000000079144e-01
1.149609999999938736e-01
8.767600000000186355e-02
1.477710000000058699e-01
4.002399999999965985e-01
1.474280000000049995e-01
1.547199999999975262e-01
2.080490000000025930e-01
1.400039999999904694e-01
5.250350000000167938e-01
1.600049999999839656e-01
2.076410000000095124e-01
1.459209999999870888e-01
5.437360000000097671e-01
1.597430000000059636e-01
1.928559999999919228e-01
1.494759999999928368e-01
5.381630000000114933e-01
1.557559999999966749e-01
2.032640000000043301e-01
1.603439999999949350e-01
2.684479999999922484e-01
1.201650000000000773e-01
1.437730000000101427e-01
1.583040000000011105e-01
2.116719999999929769e-01
1.481729999999998881e-01
3.694430000000039627e-01
1.628819999999961965e-01
1.654570000000035179e-01
2.127030000000047494e-01
1.417950000000018917e-01
4.121709999999865204e-01
1.374760000000065929e-01
1.635729999999995243e-01
2.217460000000102127e-01
1.444029999999827396e-01
3.732180000000084874e-01
1.500280000000060454e-01
1.585949999999911597e-01
2.060879999999940537e-01
1.453610000000082891e-01
1.559230000000013661e-01
2.420340000000038572e-01
1.401569999999878746e-01
1.643450000000115097e-01
2.090089999999946713e-01
1.427890000000076043e-01
2.600089999999966039e-01
1.330009999999930415e-01
1.359380000000101063e-01
1.633299999999877627e-01
2.069390000000055352e-01
1.468179999999961183e-01
5.405559999999951515e-01
1.578120000000069467e-01
2.032169999999950960e-01
1.395540000000039527e-01
2.533630000000073323e-01
1.233890000000030795e-01
1.600519999999931997e-01
1.599659999999971660e-01
1.977119999999956690e-01
1.529040000000065902e-01
5.305340000000029477e-01
1.568819999999959691e-01
2.045999999999992269e-01
1.440140000000127429e-01
1.486909999999852516e-01
2.293350000000060618e-01
1.396879999999924848e-01
1.556820000000129767e-01
2.161309999999900811e-01
1.488790000000079772e-01
1.667669999999930042e-01
3.684779999999960864e-01
1.674869999999941683e-01
2.199060000000088166e-01
1.415790000000072268e-01
4.987869999999929860e-01
1.602319999999934907e-01
2.284720000000106666e-01
1.472430000000031214e-01
5.478089999999866677e-01
1.585660000000075343e-01
2.176319999999947186e-01
1.548060000000077707e-01
2.619229999999959091e-01
1.142729999999971824e-01
1.579389999999989413e-01
1.540520000000071832e-01
2.122899999999958709e-01
1.451350000000104501e-01
2.622589999999860311e-01
2.713990000000023883e-01
1.603240000000027976e-01
2.078139999999990550e-01
1.490380000000044447e-01
2.448700000000059163e-01
1.271729999999990923e-01
1.472949999999855208e-01
1.532700000000062346e-01
2.147010000000051377e-01
1.449179999999898882e-01
5.438050000000060891e-01
1.659549999999967440e-01
2.123880000000042401e-01
1.476140000000043528e-01
3.752530000000007249e-01
1.484209999999848151e-01
1.650230000000050268e-01
2.290330000000011523e-01
1.524120000000124264e-01
3.872919999999879792e-01
1.496690000000029386e-01
1.578729999999950451e-01
2.104380000000105611e-01
1.482900000000029195e-01
3.861599999999896227e-01
1.434110000000003993e-01
1.600930000000033715e-01
2.073539999999951533e-01
1.453690000000023019e-01
1.769299999999986994e-01
2.187300000000078626e-01
1.608239999999909742e-01
1.590139999999991005e-01
2.097480000000047085e-01
1.447709999999915453e-01
2.573360000000093351e-01
1.236719999999991160e-01
1.521329999999920801e-01
1.586020000000019081e-01
2.006200000000006867e-01
1.526460000000042783e-01
3.857809999999943784e-01
1.587229999999948404e-01
1.592480000000193741e-01
2.128879999999924166e-01
1.527659999999997353e-01
2.750440000000082819e-01
9.329799999999011106e-02
1.686640000000068085e-01
1.568160000000062837e-01
2.191159999999854335e-01
1.446899999999970987e-01
2.442170000000061236e-01
1.255340000000018108e-01
1.581430000000096925e-01
1.567759999999793763e-01
2.039460000000161699e-01
1.442019999999928359e-01
1.711700000000035971e-01
3.697439999999971860e-01
1.601179999999970960e-01
2.132890000000031705e-01
1.500849999999900319e-01
4.061209999999988440e-01
1.433990000000164855e-01
1.608759999999875845e-01
2.233600000000137697e-01
1.459549999999865122e-01
2.753270000000043183e-01
8.343700000000353612e-02
1.608810000000033824e-01
1.585599999999942611e-01
2.145829999999904203e-01
1.458970000000050504e-01
3.976430000000021892e-01
1.336249999999949978e-01
1.535040000000122973e-01
2.066319999999990387e-01
1.500279999999918346e-01
3.217510000000061154e-01
1.988120000000037635e-01
1.583030000000036353e-01
1.246299999999820329e-01
8.872700000000577347e-02
1.503749999999968168e-01
3.782930000000135351e-01
1.495119999999872107e-01
1.575600000000036971e-01
2.089350000000109731e-01
1.453500000000076398e-01
3.261799999999794863e-01
1.994190000000202190e-01
1.538789999999750080e-01
1.990580000000079508e-01
1.555590000000108830e-01
1.924629999999893926e-01
1.747870000000091295e-01
1.457790000000045438e-01
1.540629999999794109e-01
2.321280000000029986e-01
1.642970000000048003e-01
2.857159999999936417e-01
3.905740000000008649e-01
2.448339999999973315e-01
2.962169999999986203e-01
3.768600000000077443e-01
2.568440000000009604e-01
1.275569999999959236e-01
4.080159999999892761e-01
1.072030000000125938e-01
1.426500000000032742e-01
2.547189999999943666e-01
1.249210000000147147e-01
1.312199999999990041e-01
1.524550000000033378e-01
2.412010000000037735e-01
1.497289999999793508e-01
2.572989999999890642e-01
1.282920000000160599e-01
3.841680000000025075e-01
1.088769999999925631e-01
1.449410000000028731e-01
2.607680000000129894e-01
1.302740000000000009e-01
1.355209999999971160e-01
1.561579999999764823e-01
2.264450000000266527e-01
1.479969999999894981e-01
2.811859999999910542e-01
1.156460000000123500e-01
3.881809999999887850e-01
1.105060000000008813e-01
1.463250000000044793e-01
2.612000000000023192e-01
1.224969999999956372e-01
1.263090000000062219e-01
1.607560000000063383e-01
8.239600000000280033e-02
1.589119999999866195e-01
1.367070000000012442e-01
2.473050000000114323e-01
1.332879999999789788e-01
2.890030000000081145e-01
9.316799999999147985e-02
1.153280000000052041e-01
1.371870000000114942e-01
2.611260000000044101e-01
1.245159999999856382e-01
1.315340000000020382e-01
1.524319999999903530e-01
1.031340000000113832e-01
1.306569999999993570e-01
1.547470000000004120e-01
2.558360000000163836e-01
1.347869999999886659e-01
1.352270000000004302e-01
2.483909999999838192e-01
1.176060000000092032e-01
1.414050000000059981e-01
1.478869999999830043e-01
1.129850000000089949e-01
1.381580000000042219e-01
1.327390000000008285e-01
1.544519999999920401e-01
2.363909999999975753e-01
1.537509999999997490e-01
2.683229999999952042e-01
1.329890000000091277e-01
3.844510000000127548e-01
1.215729999999979327e-01
1.412979999999919301e-01
2.709600000000165210e-01
1.353279999999728034e-01
1.258160000000145828e-01
1.579189999999925931e-01
2.382610000000084938e-01
1.515950000000003683e-01
2.725080000000019709e-01
1.228839999999848942e-01
2.472669999999936863e-01
1.532340000000118607e-01
1.101500000000044110e-01
1.392239999999986821e-01
2.527769999999947004e-01
1.313659999999998718e-01
1.314170000000132177e-01
1.506530000000054770e-01
2.295529999999956772e-01
1.494189999999946394e-01
2.837889999999987367e-01
1.215329999999994470e-01
2.786629999999945539e-01
1.146789999999953125e-01
1.061260000000032733e-01
1.510470000000054824e-01
2.602120000000098798e-01
1.314560000000000173e-01
1.367049999999778720e-01
1.535240000000044347e-01
2.435370000000034452e-01
1.463460000000083028e-01
2.672659999999922320e-01
1.231660000000118771e-01
1.355729999999937263e-01
1.423780000000078871e-01
1.079719999999895208e-01
1.185720000000003438e-01
1.410830000000089512e-01
2.653030000000029531e-01
1.347359999999895308e-01
1.307769999999948141e-01
1.563909999999850697e-01
1.043890000000260443e-01
1.066919999999811353e-01
1.689760000000148921e-01
2.421620000000075379e-01
1.445190000000025066e-01
2.778739999999970678e-01
1.039560000000108175e-01
1.049329999999599750e-01
1.383350000000120872e-01
1.563390000000026703e-01
1.061499999999853117e-01
1.313870000000179061e-01
1.360280000000102518e-01
1.463779999999985648e-01
2.320119999999974425e-01
1.501439999999831798e-01
2.644140000000163582e-01
1.338259999999991123e-01
1.548839999999813699e-01
2.326960000000326545e-01
1.117229999999835854e-01
1.398130000000037398e-01
2.695669999999950051e-01
1.336919999999963693e-01
1.335389999999847532e-01
1.441350000000340970e-01
2.363419999999791798e-01
1.464929999999924348e-01
2.627220000000249911e-01
1.303349999999738884e-01
1.418930000000102609e-01
1.433079999999904430e-01
1.183150000000239288e-01
1.093400000000031014e-01
1.485109999999849606e-01
2.543640000000095824e-01
1.242540000000076361e-01
1.350290000000029522e-01
1.469389999999748397e-01
8.078300000002514025e-02
1.676709999999843603e-01
1.265309999999999491e-01
2.546719999999993433e-01
1.308779999999956090e-01
2.716430000000116252e-01
1.216340000000002419e-01
1.091219999999850643e-01
1.394909999999924821e-01
2.593130000000201107e-01
1.310039999999901283e-01
1.338220000000092114e-01
1.505039999999837619e-01
2.311400000000105592e-01
1.511079999999935808e-01
2.549950000000080763e-01
1.350789999999904012e-01
1.346680000000048949e-01
2.616189999999960492e-01
1.044290000000103191e-01
1.400769999999909032e-01
2.582770000000209620e-01
1.328819999999666379e-01
1.284080000000074051e-01
1.542640000000119471e-01
2.463899999999910051e-01
1.333810000000141827e-01
2.520729999999957727e-01
1.372240000000033433e-01
1.412070000000085201e-01
1.362499999999897682e-01
1.205049999999801003e-01
9.941400000002431625e-02
1.489879999999743632e-01
1.465500000000190539e-01
1.061719999999866104e-01
1.327630000000112886e-01
1.329080000000146811e-01
1.491879999999810025e-01
2.367340000000126565e-01
1.576659999999776574e-01
2.362139999999897100e-01
1.336580000000253676e-01
1.380900000000053751e-01
1.440619999999910306e-01
1.132670000000075561e-01
1.156479999999930897e-01
1.335980000000063228e-01
1.696089999999799147e-01
9.668000000002052730e-02
1.428420000000016898e-01
1.286699999999711963e-01
1.518850000000213640e-01
2.513669999999876836e-01
1.407770000000141408e-01
2.304999999999779448e-01
1.322450000000401360e-01
1.294529999999838310e-01
2.717019999999763513e-01
1.220830000000319160e-01
1.389309999999852607e-01
2.453879999999912798e-01
1.354970000000150776e-01
1.240789999999947213e-01
1.455330000000003565e-01
2.421960000000069613e-01
1.454630000000065593e-01
2.462269999999762149e-01
1.369019999999920856e-01
3.842160000000376385e-01
1.112649999999746342e-01
1.436750000000017735e-01
1.565769999999986339e-01
9.569700000000125328e-02
1.326960000000099171e-01
1.299009999999896081e-01
1.501800000000059754e-01
2.345420000000046912e-01
1.497479999999882239e-01
1.405900000000031014e-01
9.645100000000184082e-02
1.408669999999858646e-01
1.345230000000015025e-01
1.436980000000005475e-01
1.176590000000032887e-01
1.037660000000073524e-01
1.397170000000187429e-01
1.473989999999787415e-01
1.045720000000187611e-01
1.345059999999875799e-01
1.256679999999903430e-01
1.531580000000190012e-01
1.046319999999809625e-01
1.415729999999939537e-01
1.479930000000138079e-01
2.445520000000271921e-01
1.349349999999844840e-01
3.852070000000082928e-01
1.088249999999959527e-01
1.412019999999927222e-01
2.534349999999960801e-01
1.288380000000017844e-01
1.329230000000052314e-01
1.551819999999963784e-01
2.414510000000120726e-01
1.419899999999927331e-01
2.588499999999953616e-01
1.347409999999911179e-01
1.358730000000036853e-01
1.558730000000139171e-01
1.146109999999964657e-01
1.112969999999791071e-01
1.436769999999967240e-01
1.573790000000201417e-01
9.903399999998896419e-02
1.320020000000283744e-01
1.260229999999751271e-01
1.592689999999947759e-01
2.438439999999957308e-01
1.471929999999872507e-01
2.535210000000347463e-01
1.352109999999981937e-01
1.411799999999914235e-01
2.643119999999896663e-01
1.084769999999934953e-01
1.470630000000312521e-01
2.576089999999737756e-01
1.389250000000004093e-01
1.325480000000140990e-01
1.626699999999914326e-01
2.379850000000089949e-01
1.454390000000103100e-01
1.587319999999863285e-01
1.157829999999933079e-01
1.375360000000114269e-01
1.394149999999854117e-01
1.429699999999911597e-01
1.208120000000292293e-01
1.064790000000073178e-01
1.516099999999767078e-01
2.629530000000102063e-01
1.290719999999794254e-01
1.297380000000316613e-01
1.504439999999931388e-01
2.464199999999721058e-01
1.313900000000387536e-01
1.549289999999814427e-01
1.092690000000118289e-01
1.263819999999782340e-01
1.446940000000154214e-01
2.500839999999868724e-01
1.295729999999934989e-01
1.402940000000114651e-01
2.714049999999872398e-01
1.292340000000251621e-01
1.296689999999784959e-01
1.472380000000157452e-01
2.515309999999999491e-01
1.229230000000143264e-01
2.649889999999857082e-01
1.369579999999928077e-01
2.814460000000167383e-01
1.148179999999854317e-01
1.097149999999942338e-01
1.540860000000066066e-01
2.439300000000059754e-01
1.318199999999762895e-01
1.285580000000265954e-01
1.472389999999847987e-01
1.033930000000111704e-01
1.335289999999815791e-01
1.558770000000038181e-01
1.257970000000057098e-01
1.162799999999890588e-01
1.339300000000207547e-01
1.358629999999720894e-01
2.519140000000277269e-01
1.073679999999797019e-01
1.501739999999927022e-01
1.390290000000220516e-01
1.113719999999887023e-01
1.273600000000101318e-01
1.246320000000196160e-01
1.539199999999993906e-01
2.345649999999750435e-01
1.424130000000047858e-01
1.349910000000136279e-01
1.064219999999806987e-01
1.386549999999999727e-01
1.671990000000107557e-01
1.029609999999934189e-01
1.225670000000036453e-01
1.059260000000108448e-01
1.460739999999987049e-01
2.555099999999868032e-01
1.297440000000165128e-01
1.299039999999820338e-01
1.494240000000104374e-01
2.308059999999727552e-01
1.531310000000303262e-01
1.461689999999862266e-01
9.526099999999360080e-02
1.324760000000253513e-01
2.858249999999884494e-01
1.251629999999863685e-01
1.009530000000040673e-01
1.438900000000273849e-01
2.571789999999793963e-01
1.316349999999886222e-01
1.278970000000185792e-01
1.523199999999746979e-01
2.447030000000154359e-01
1.526850000000194996e-01
1.467229999999801748e-01
1.032040000000051805e-01
1.401329999999916254e-01
3.986350000000129512e-01
1.168649999999900047e-01
1.440289999999890824e-01
2.502660000000105356e-01
1.393950000000074851e-01
1.225680000000011205e-01
1.543899999999780448e-01
2.390370000000245909e-01
1.481749999999806278e-01
2.663620000000150867e-01
1.341889999999921201e-01
3.951800000000105229e-01
1.134679999999832489e-01
1.452189999999973224e-01
2.560780000000022483e-01
1.352050000000133423e-01
1.328060000000164109e-01
1.510689999999783595e-01
3.913420000000087384e-01
2.514129999999852316e-01
1.452230000000156451e-01
4.045810000000074069e-01
1.118909999999857519e-01
1.441350000000056752e-01
2.536949999999933425e-01
1.438119999999969423e-01
1.334520000000054551e-01
1.523799999999937427e-01
2.487649999999916872e-01
1.538710000000094169e-01
2.645139999999912561e-01
1.182800000000270302e-01
1.482129999999699521e-01
1.450390000000254531e-01
1.216349999999692955e-01
1.071460000000001855e-01
1.446030000000178006e-01
2.650009999999838328e-01
1.330540000000155487e-01
1.325290000000052260e-01
1.514169999999808169e-01
2.368940000000350210e-01
1.385869999999727042e-01
1.430990000000065265e-01
1.264089999999953307e-01
1.243260000000248056e-01
1.392469999999832453e-01
2.638560000000040873e-01
1.021429999999838856e-01
1.588380000000029213e-01
1.356690000000071450e-01
1.171750000000031378e-01
1.326699999999902957e-01
1.359280000000069322e-01
1.461250000000120508e-01
2.360559999999907177e-01
1.522239999999897009e-01
1.441310000000157743e-01
1.124519999999904485e-01
1.323919999999816355e-01
2.451540000000136388e-01
1.481700000000216733e-01
1.051479999999855863e-01
1.463170000000104665e-01
2.504199999999912052e-01
1.300549999999986994e-01
1.274580000000185009e-01
1.567509999999856518e-01
8.271799999999984720e-02
1.494800000000111595e-01
1.511559999999860793e-01
1.525769999999795346e-01
1.016120000000171331e-01
1.376950000000078944e-01
1.461929999999824759e-01
1.417509999999992942e-01
1.078770000000019991e-01
1.049749999999960437e-01
1.380440000000078271e-01
1.513140000000134933e-01
1.064219999999806987e-01
1.259090000000071541e-01
1.291789999999934935e-01
1.490700000000231285e-01
1.256239999999877455e-01
2.628430000000037126e-01
2.483249999999941338e-01
1.351679999999930715e-01
2.790870000000040818e-01
1.209259999999972024e-01
1.079170000000146956e-01
1.787329999999940355e-01
2.305750000000159616e-01
1.277869999999836637e-01
1.264889999999923020e-01
1.464210000000036871e-01
2.399900000000059208e-01
1.451419999999927768e-01
1.336990000000071177e-01
1.163849999999797546e-01
1.318590000000199325e-01
3.995129999999846859e-01
1.097259999999948832e-01
1.433250000000043656e-01
2.525800000000231194e-01
1.306130000000109703e-01
1.288039999999739393e-01
1.523569999999949687e-01
3.930750000000102773e-01
2.429900000000202454e-01
1.376529999999718257e-01
4.065470000000175332e-01
1.008049999999798274e-01
1.320060000000182754e-01
2.695729999999798565e-01
1.293740000000127566e-01
1.266239999999925203e-01
1.527449999999817010e-01
3.840060000000278251e-01
2.444140000000061264e-01
1.356649999999888223e-01
3.945520000000044547e-01
1.089320000000100208e-01
1.504030000000113887e-01
2.638109999999755928e-01
1.362630000000137898e-01
1.396709999999927732e-01
1.496970000000032996e-01
2.347869999999829815e-01
1.542310000000099990e-01
2.488469999999836091e-01
1.349989999999934298e-01
3.958830000000261862e-01
1.053780000000017480e-01
1.431419999999832271e-01
2.539620000000013533e-01
1.349990000000218515e-01
1.312269999999955417e-01
1.492409999999892989e-01
2.438380000000108794e-01
1.397779999999784195e-01
2.706390000000169493e-01
1.279349999999794818e-01
1.384690000000148302e-01
2.587500000000204636e-01
1.044629999999813208e-01
1.483529999999859683e-01
2.662070000000085201e-01
1.288290000000245072e-01
1.356199999999887496e-01
1.582539999999994507e-01
1.033779999999921984e-01
2.656450000000063483e-01
1.556939999999826796e-01
1.113280000000145264e-01
1.375929999999812026e-01
1.374729999999999563e-01
1.419940000000110558e-01
1.158450000000073032e-01
1.015339999999866905e-01
1.396360000000242962e-01
1.592909999999676529e-01
8.888000000001738954e-02
1.333960000000047330e-01
1.280559999999866250e-01
1.533300000000110686e-01
1.242719999999906122e-01
1.082780000000127529e-01
1.549339999999972406e-01
1.356289999999944484e-01
1.167780000000107066e-01
1.318269999999870379e-01
1.384610000000066066e-01
2.552770000000066375e-01
1.101539999999943120e-01
1.488420000000019172e-01
1.491049999999916054e-01
1.088269999999909032e-01
1.357630000000256132e-01
1.331359999999790489e-01
1.476570000000094751e-01
1.257549999999980628e-01
1.265389999999797510e-01
8.722000000003049536e-02
1.961919999999963693e-01
1.227020000000038635e-01
1.271710000000041418e-01
1.315589999999815518e-01
1.223290000000076816e-01
1.293689999999969586e-01
1.006439999999884094e-01
1.476300000000208001e-01
2.518809999999973570e-01
1.251089999999805968e-01
1.341130000000134714e-01
1.494329999999877145e-01
2.301560000000222317e-01
1.320459999999741285e-01
1.748460000000022774e-01
1.020550000000071122e-01
1.245480000000043219e-01
1.331560000000138189e-01
1.467879999999865959e-01
1.115389999999933934e-01
9.994800000001191620e-02
1.423979999999858137e-01
1.582280000000082509e-01
1.024079999999969459e-01
1.234849999999880765e-01
1.262820000000317577e-01
1.552329999999813026e-01
2.319620000000099935e-01
1.431939999999940483e-01
1.593210000000055970e-01
1.072309999999845331e-01
1.199930000000222208e-01
3.965409999999849333e-01
1.040870000000211348e-01
1.394279999999810116e-01
2.677239999999869724e-01
1.248640000000307282e-01
1.340199999999924785e-01
1.546499999999753072e-01
3.858510000000023865e-01
2.558820000000139316e-01
1.216169999999863194e-01
3.882260000000030686e-01
1.129820000000165692e-01
1.382419999999910942e-01
2.636600000000157706e-01
1.371460000000013224e-01
1.259909999999706542e-01
1.519750000000215095e-01
2.413889999999980773e-01
1.501789999999800784e-01
1.806210000000305627e-01
9.127799999998842395e-02
1.345719999999914762e-01
3.933000000000106411e-01
1.041250000000104592e-01
1.385520000000042273e-01
2.705579999999656593e-01
1.311709999999948195e-01
1.337540000000103646e-01
1.626380000000153814e-01
2.516639999999767952e-01
1.367109999999911452e-01
1.702800000000479486e-01
8.843199999998319072e-02
1.349869999999953052e-01
3.816669999999930951e-01
1.091069999999945139e-01
1.453680000000190375e-01
2.596109999999782758e-01
1.307630000000301607e-01
1.293359999999950105e-01
1.557199999999738793e-01
2.466460000000267883e-01
1.445869999999729316e-01
1.687070000000403525e-01
1.014189999999928204e-01
1.317319999999710944e-01
4.072530000000256223e-01
1.041209999999921365e-01
1.453710000000114633e-01
2.498499999999808097e-01
1.325530000000014752e-01
1.333140000000128111e-01
1.617160000000126274e-01
2.555439999999862266e-01
1.353809999999953106e-01
2.684549999999887859e-01
1.397100000000079945e-01
1.364029999999729625e-01
2.644910000000209038e-01
1.078699999999912507e-01
1.407619999999951688e-01
2.526959999999860429e-01
1.370180000000402742e-01
1.210779999999829215e-01
1.543369999999981701e-01
2.315189999999915926e-01
1.491019999999991796e-01
2.524740000000349482e-01
1.291929999999581469e-01
1.331130000000371183e-01
2.559559999999976299e-01
1.149650000000121963e-01
1.384850000000028558e-01
1.428479999999865413e-01
1.171070000000042910e-01
1.271549999999592728e-01
1.266150000000436648e-01
1.500679999999761094e-01
2.368439999999907286e-01
1.421040000000175496e-01
1.353340000000287091e-01
1.195729999999741722e-01
1.343199999999740157e-01
1.334350000000199543e-01
1.233620000000144046e-01
1.283959999999808588e-01
1.083370000000343225e-01
1.387079999999514257e-01
2.419940000000337932e-01
1.374710000000050059e-01
1.264579999999568827e-01
1.496360000000436230e-01
3.701139999999440988e-01
1.422620000000165419e-01
1.138730000000123255e-01
1.364350000000058571e-01
1.337460000000021410e-01
1.477339999999855991e-01
1.160099999999886222e-01
1.079410000000393666e-01
1.425350000000094042e-01
2.592109999999649972e-01
1.325680000000204473e-01
1.241139999999631982e-01
1.510410000000206310e-01
8.261899999999400279e-02
1.434169999999994616e-01
1.470470000000148048e-01
2.531509999999741467e-01
1.289360000000385753e-01
1.420869999999752054e-01
2.531550000000208911e-01
1.118909999999573301e-01
1.449320000000398068e-01
2.401459999999815409e-01
1.416529999999909251e-01
1.247110000000475338e-01
1.577629999999885513e-01
2.404839999999808242e-01
1.584229999999990923e-01
1.476689999999791780e-01
1.106920000000570781e-01
1.372879999999838674e-01
2.799440000000004147e-01
1.189449999999681040e-01
1.073740000000213968e-01
1.380640000000141754e-01
2.575809999999876254e-01
1.333079999999711163e-01
1.332280000000309883e-01
1.449489999999684642e-01
2.489860000000305718e-01
1.464779999999734628e-01
1.472339999999974225e-01
1.116380000000276596e-01
1.331020000000080472e-01
1.375919999999837273e-01
1.331239999999809243e-01
1.278990000000135296e-01
1.062839999999880547e-01
1.461860000000001492e-01
2.473990000000299005e-01
1.342119999999908941e-01
1.315519999999992251e-01
1.552319999999838274e-01
1.599990000000275359e-01
2.313679999999749271e-01
1.319220000000314030e-01
1.134129999999800020e-01
1.192879999999831853e-01
3.854670000000055552e-01
1.164700000000209457e-01
1.362410000000124910e-01
1.633209999999962747e-01
1.138149999999882311e-01
1.316319999999677748e-01
1.240630000000351174e-01
1.532469999999932497e-01
2.356999999999800366e-01
1.592339999999978772e-01
1.099070000000210712e-01
1.250049999999873762e-01
1.364490000000273540e-01
3.856589999999755491e-01
1.146240000000204873e-01
1.396359999999958745e-01
2.499129999999922802e-01
1.375890000000197233e-01
1.267829999999889878e-01
1.496649999999988268e-01
1.245989999999608244e-01
1.243700000000274031e-01
1.374529999999936081e-01
2.473219999999969332e-01
1.349950000000319505e-01
3.986329999999611573e-01
1.087130000000229302e-01
1.454250000000172349e-01
2.624009999999827869e-01
1.244939999999985503e-01
1.307899999999904139e-01
1.505429999999989832e-01
1.019140000000220425e-01
1.321179999999628762e-01
1.429310000000043601e-01
1.803720000000339496e-01
9.477199999997765190e-02
1.212950000000034834e-01
1.356790000000103191e-01
1.414839999999912834e-01
1.239290000000039527e-01
1.054649999999810461e-01
1.378030000000194377e-01
1.493380000000001928e-01
1.085149999999828196e-01
1.334019999999895845e-01
1.195870000000240907e-01
1.497169999999812262e-01
2.292890000000227246e-01
1.512999999999919964e-01
2.498199999999712873e-01
1.318210000000590298e-01
1.437489999999570500e-01
2.510589999999979227e-01
1.196510000000330365e-01
1.438939999999888641e-01
2.585689999999942756e-01
1.329680000000053042e-01
1.337790000000040891e-01
1.559689999999989141e-01
2.459310000000130003e-01
1.321549999999831471e-01
1.457180000000164455e-01
1.201769999999839911e-01
1.317319999999995161e-01
1.370180000000118525e-01
2.668589999999824158e-01
1.058690000000126474e-01
1.439959999999871343e-01
2.585890000000006239e-01
1.327529999999796928e-01
1.329230000000052314e-01
1.439610000000470791e-01
3.873889999999562406e-01
1.388010000000292621e-01
1.096509999999568663e-01
1.270540000000153213e-01
1.445479999999861320e-01
2.595120000000292748e-01
1.149049999999647298e-01
1.417330000000163182e-01
1.461870000000260461e-01
1.287309999999877164e-01
1.218900000000076034e-01
1.435129999999844586e-01
1.351610000000391665e-01
2.545759999999575030e-01
1.398130000000037398e-01
2.457200000000057116e-01
1.378509999999835145e-01
2.577690000000529835e-01
1.281689999999855445e-01
1.028759999999806496e-01
1.432359999999732736e-01
2.527019999999993161e-01
1.276040000000193686e-01
1.286599999999964439e-01
1.506490000000439977e-01
2.407709999999951833e-01
1.432719999999676475e-01
1.597930000000076234e-01
1.038580000000024484e-01
1.322640000000205873e-01
3.852899999999976899e-01
1.142569999999807351e-01
1.460450000000150794e-01
2.646399999999857755e-01
1.342759999999714182e-01
1.215480000000184191e-01
1.504450000000190357e-01
1.261649999999860938e-01
2.580780000000117980e-01
2.616849999999715237e-01
1.309360000000197033e-01
3.884540000000242799e-01
1.050899999999899137e-01
1.408869999999922129e-01
2.547349999999823922e-01
1.306440000000463897e-01
1.273939999999811334e-01
1.520999999999901320e-01
1.401230000000168729e-01
2.306480000000021846e-01
2.580019999999763058e-01
1.281109999999898719e-01
3.714990000000000236e-01
1.312869999999861648e-01
1.458030000000292148e-01
2.549129999999877327e-01
1.274509999999793308e-01
1.283570000000509026e-01
1.508189999999842712e-01
1.087629999999819574e-01
1.354629999999872325e-01
1.402330000000233667e-01
1.300889999999981228e-01
1.338060000000211858e-01
1.208019999999976335e-01
1.349219999999604624e-01
1.501540000000147757e-01
1.156410000000107630e-01
1.064469999999744232e-01
1.416460000000370201e-01
2.571199999999862484e-01
1.241240000000232158e-01
1.286539999999831707e-01
1.430719999999894299e-01
2.326689999999871361e-01
1.401660000000219952e-01
1.480029999999601387e-01
1.107190000000457530e-01
1.258079999999779375e-01
1.365880000000174732e-01
2.590429999999912525e-01
1.146640000000047621e-01
1.401149999999802276e-01
2.518580000000270047e-01
1.331329999999866232e-01
1.276080000000092696e-01
1.470359999999857337e-01
1.245549999999866486e-01
1.145380000000386644e-01
1.424609999999972842e-01
1.453739999999754673e-01
1.135840000000030159e-01
1.325340000000210239e-01
1.318559999999706633e-01
2.652560000000221407e-01
1.069390000000112195e-01
1.461009999999873799e-01
2.579719999999952051e-01
1.297860000000241598e-01
1.317339999999944666e-01
1.437349999999923966e-01
2.343139999999834799e-01
1.438040000000455620e-01
1.536289999999667089e-01
1.077379999999834581e-01
1.305969999999661013e-01
1.284910000000536456e-01
2.706269999999904030e-01
1.117659999999887077e-01
1.450550000000134787e-01
2.711439999999925021e-01
1.261180000000194923e-01
1.292799999999942884e-01
1.515899999999987813e-01
2.394649999999955980e-01
1.491579999999999018e-01
2.662479999999618485e-01
1.307600000000093132e-01
1.313440000000127839e-01
2.724430000000097607e-01
1.094830000000115433e-01
1.440160000000219043e-01
2.539969999999698302e-01
1.330780000000117980e-01
1.332649999999944157e-01
1.524469999999951142e-01
2.580689999999776774e-01
1.311300000000414911e-01
1.570449999999823376e-01
1.195479999999520260e-01
1.280560000000150467e-01
1.470570000000179789e-01
2.673859999999876891e-01
1.085840000000075634e-01
1.469430000000215841e-01
1.378980000000069595e-01
1.272109999999884167e-01
1.285139999999955762e-01
1.350330000000212749e-01
1.533089999999788233e-01
2.376219999999875654e-01
1.471970000000055734e-01
1.518970000000194887e-01
1.225689999999985957e-01
1.211879999999609936e-01
2.802370000000564687e-01
1.033839999999486281e-01
1.140080000000125438e-01
1.441360000000031505e-01
2.672550000000342152e-01
1.256520000000023174e-01
1.316039999999816246e-01
1.488919999999893662e-01
2.465980000000058681e-01
1.453079999999999927e-01
2.756630000000086511e-01
1.193759999999883803e-01
4.082579999999893516e-01
1.190760000000068430e-01
1.394449999999665124e-01
2.737870000000270920e-01
1.246849999999994907e-01
1.349089999999932843e-01
1.558880000000044674e-01
4.014339999999947395e-01
2.626280000000065229e-01
1.369559999999978572e-01
1.389050000000224827e-01
1.313450000000102591e-01
1.143579999999815300e-01
1.156839999999874635e-01
1.387910000000260879e-01
1.562069999999948777e-01
9.398299999998016574e-02
1.399949999999989814e-01
1.280540000000200962e-01
1.510279999999966094e-01
3.842730000000074142e-01
1.360689999999635802e-01
1.252600000000256841e-01
1.295640000000162217e-01
2.699099999999816646e-01
1.115790000000060900e-01
1.119710000000395667e-01
1.480049999999550892e-01
1.687029999999936081e-01
9.091499999999541615e-02
1.270079999999893516e-01
1.280930000000353175e-01
1.523329999999987194e-01
3.899169999999685388e-01
1.331950000000574619e-01
1.317879999999718166e-01
1.239319999999679567e-01
1.343200000000024374e-01
1.527280000000246218e-01
9.158500000000913133e-02
1.103509999999801039e-01
1.401470000000131222e-01
2.467199999999820648e-01
1.303440000000364307e-01
1.342849999999771171e-01
1.432500000000231921e-01
2.494019999999750326e-01
1.225849999999581996e-01
1.728780000000256223e-01
1.007410000000277250e-01
1.167960000000221044e-01
1.264429999999379106e-01
2.575220000000513210e-01
1.106699999999705142e-01
1.365329999999858046e-01
1.766150000000266118e-01
7.524200000000291766e-02
1.299520000000029540e-01
1.288109999999846877e-01
1.488439999999968677e-01
2.378970000000322216e-01
1.496139999999286374e-01
1.425510000000258515e-01
1.084380000000351174e-01
1.277699999999981628e-01
1.692810000000122272e-01
2.136009999999828324e-01
1.146309999999743923e-01
1.397870000000125401e-01
2.478520000000230539e-01
1.319509999999581851e-01
1.204950000000621912e-01
1.512139999999249085e-01
2.348160000000234504e-01
1.388170000000172877e-01
2.713509999999814681e-01
1.241330000000289147e-01
1.429380000000151085e-01
2.512899999999831380e-01
1.079809999999952197e-01
1.339199999999891588e-01
2.542420000000333857e-01
1.304829999999697066e-01
1.290960000000040964e-01
1.524869999999509673e-01
2.399160000000506443e-01
1.430479999999647589e-01
2.568130000000223845e-01
1.282380000000102882e-01
1.362149999999928696e-01
1.434840000000008331e-01
1.032569999999850552e-01
1.200190000000134205e-01
1.455219999999712854e-01
2.575060000000348737e-01
1.309539999999742577e-01
1.360220000000254004e-01
1.469989999999938846e-01
2.413750000000050022e-01
1.344399999999836837e-01
2.545490000000540931e-01
1.228169999999408901e-01
1.342300000000022919e-01
1.315559999999891261e-01
1.168630000000234759e-01
1.151670000000422078e-01
1.387679999999704705e-01
2.596129999999448046e-01
1.275140000000192231e-01
1.351129999999898246e-01
1.456840000000738655e-01
2.394409999999425054e-01
1.390660000000139007e-01
2.511490000000549117e-01
1.274269999999546599e-01
1.360589999999888278e-01
1.478359999999838692e-01
1.094669999999950960e-01
1.118749999999977263e-01
1.346410000000446416e-01
2.600689999999872271e-01
1.230760000000259424e-01
1.311919999999986430e-01
1.445509999999785578e-01
2.493259999999963838e-01
1.409409999999979846e-01
2.727990000000204418e-01
1.270620000000235450e-01
1.436419999999429820e-01
2.582460000000423861e-01
1.044640000000072177e-01
1.399129999999786378e-01
2.587560000000053151e-01
1.255179999999427309e-01
1.276610000000459877e-01
1.499639999999544671e-01
1.407220000000393156e-01
1.050660000000220862e-01
1.448509999999600950e-01
1.480300000000056571e-01
1.249080000000049040e-01
1.228639999999927568e-01
2.817980000000375185e-01
1.273180000000024847e-01
9.586500000000341970e-02
1.405699999999683314e-01
2.567589999999881911e-01
1.237160000000585569e-01
1.383909999999559659e-01
1.424649999999587635e-01
2.382940000000530745e-01
1.189329999999699794e-01
1.683770000000208711e-01
1.001140000000191321e-01
1.249169999999821812e-01
1.287159999999971660e-01
1.671460000000024593e-01
8.444300000002158413e-02
1.117929999999773827e-01
1.370499999999879037e-01
2.548649999999952342e-01
1.332170000000587606e-01
1.259559999999169122e-01
1.506360000000768196e-01
3.776639999999247266e-01
2.470240000000103464e-01
1.397230000000035943e-01
2.858879999999999200e-01
1.136900000000196087e-01
1.064730000000508880e-01
1.329439999999522115e-01
2.598140000000057626e-01
1.225979999999822212e-01
1.343360000000188847e-01
1.456400000000144246e-01
3.796249999999758984e-01
1.584699999999656939e-01
1.106460000000311084e-01
1.370200000000068030e-01
1.319500000000175532e-01
2.700189999999906831e-01
9.785599999997884879e-02
1.391320000000177970e-01
1.494150000000331602e-01
1.078999999999723514e-01
1.308940000000120563e-01
1.284299999999802822e-01
1.476820000000316213e-01
2.477869999999597894e-01
1.370749999999816282e-01
1.635240000000521832e-01
1.003099999999790271e-01
1.335349999999948523e-01
1.430219999999735592e-01
2.554360000000315267e-01
1.075799999999844658e-01
1.361229999999977736e-01
2.577380000000175642e-01
1.310680000000274958e-01
1.247960000000034597e-01
1.509819999999422180e-01
2.472470000000157597e-01
1.281700000000114414e-01
1.475979999999594838e-01
9.874700000005987022e-02
1.274729999999522079e-01
2.770290000000272812e-01
1.041789999999878091e-01
1.107890000000111286e-01
1.401210000000219225e-01
1.511929999999779284e-01
1.055189999999583961e-01
1.359370000000126311e-01
1.355050000000233013e-01
1.557229999999663050e-01
2.291690000000699001e-01
1.382969999999659194e-01
1.497190000000045984e-01
9.724899999997660416e-02
1.376109999999926004e-01
1.337200000000393629e-01
1.413719999999898391e-01
1.110439999999925931e-01
1.060800000000199361e-01
1.458089999999856445e-01
2.519839999999931024e-01
1.269599999999968531e-01
1.337599999999952161e-01
1.465640000000121290e-01
2.490500000000110958e-01
1.345600000000217733e-01
1.468029999999771462e-01
1.130069999999818720e-01
1.327600000000188629e-01
1.335419999999771790e-01
2.601820000000429900e-01
1.102419999999710853e-01
1.370239999999967040e-01
1.462900000000217915e-01
1.097800000000006548e-01
1.225430000000073960e-01
1.346989999999550491e-01
1.451270000000022264e-01
2.435250000000337423e-01
1.414319999999520405e-01
1.330920000000332948e-01
1.275959999999827232e-01
1.253239999999777865e-01
1.444530000000554537e-01
2.551480000000196924e-01
1.046329999999215943e-01
1.433820000000309847e-01
2.517940000000180589e-01
1.349329999999895335e-01
1.257909999999924366e-01
1.526470000000017535e-01
2.433350000000018554e-01
1.254609999999729553e-01
1.424810000000320542e-01
1.002189999999814063e-01
1.268370000000231812e-01
1.467430000000149448e-01
1.195349999999848478e-01
1.198289999999815336e-01
1.139820000000213440e-01
1.319770000000062282e-01
1.512819999999805987e-01
1.106629999999881875e-01
1.194409999999948013e-01
1.383089999999924657e-01
1.411570000000779146e-01
2.396069999999781430e-01
1.441069999999626816e-01
1.331739999999967949e-01
1.048870000000192704e-01
1.232549999999719148e-01
1.361650000000054206e-01
1.287580000000048130e-01
1.223049999999830106e-01
9.904200000005403126e-02
1.427799999999592728e-01
1.411820000000147957e-01
1.079599999999913962e-01
1.215899999999692227e-01
1.359360000000719992e-01
1.429889999999431893e-01
2.322419999999851825e-01
1.512240000000133477e-01
1.461150000000088767e-01
1.148650000000088767e-01
1.429190000000062355e-01
1.314029999999775100e-01
1.584650000000351611e-01
8.182399999998324347e-02
1.391550000000165710e-01
1.279710000000022774e-01
1.514709999999581669e-01
1.025350000000457840e-01
1.244959999999650790e-01
1.380280000000198015e-01
1.423159999999938918e-01
2.453419999999937318e-01
1.405400000000440741e-01
1.449230000000056862e-01
1.165369999999370521e-01
1.303730000000200562e-01
1.288040000000023610e-01
1.571220000000153050e-01
1.040279999999711436e-01
1.107340000000363034e-01
1.382609999999999673e-01
1.427659999999946194e-01
1.012279999999918800e-01
1.202160000000276341e-01
1.282409999999458705e-01
1.446950000000128966e-01
1.252000000000066393e-01
1.034020000000168693e-01
1.496179999999753818e-01
1.417030000000067957e-01
1.089010000000030232e-01
1.324680000000171276e-01
1.285479999999665779e-01
1.516010000000278524e-01
1.009250000000179170e-01
1.139059999999858519e-01
1.360530000000039763e-01
1.512149999999792271e-01
9.099300000002585875e-02
1.336169999999583524e-01
1.282560000000216860e-01
1.429289999999809879e-01
2.402810000000386026e-01
1.400380000000041036e-01
1.362169999999878200e-01
1.124839999999380780e-01
1.264640000000554210e-01
1.691030000000068867e-01
1.082499999999981810e-01
1.077679999999645588e-01
1.083120000000121763e-01
1.411370000000147229e-01
1.501079999999888059e-01
9.701599999999643842e-02
1.320530000000417203e-01
1.233279999999581378e-01
1.482859999999845968e-01
3.734469999999987522e-01
2.536170000000197433e-01
1.299180000000319524e-01
2.730859999999779575e-01
1.284510000000409491e-01
1.091649999999617648e-01
1.359400000000050568e-01
1.502359999999498541e-01
1.155439999999998690e-01
1.176940000000286091e-01
1.293210000000044602e-01
1.493239999999786960e-01
2.445730000000025939e-01
1.453880000000253858e-01
1.420340000000237524e-01
1.170589999999833708e-01
1.318449999999984357e-01
1.380399999999895044e-01
1.445850000000064028e-01
1.145759999999995671e-01
1.088419999999814536e-01
1.402249999999867214e-01
2.552610000000186119e-01
1.291980000000307882e-01
1.337919999999712672e-01
1.421280000000137989e-01
2.425160000000232685e-01
1.420759999999745560e-01
1.543760000000133914e-01
9.018599999996013139e-02
1.278530000000159816e-01
1.376329999999938991e-01
1.563720000000330401e-01
9.216399999996838233e-02
1.144679999999880238e-01
1.375939999999786778e-01
1.680130000000872315e-01
8.260199999995165854e-02
1.263109999999869615e-01
1.226239999999734209e-01
1.496120000000473738e-01
2.458589999999958309e-01
1.337880000000382097e-01
1.529479999999807660e-01
9.303699999998116255e-02
1.271189999999933207e-01
1.410979999999995016e-01
1.469290000000000873e-01
1.046119999999746142e-01
1.102270000000089567e-01
1.343910000000505534e-01
2.523919999999861830e-01
1.304969999999912034e-01
1.245539999999891734e-01
1.542440000000055988e-01
2.509670000000028267e-01
1.373069999999643187e-01
2.513240000000678265e-01
1.324759999999400861e-01
1.439230000000293330e-01
2.537550000000123873e-01
1.022849999999380088e-01
1.439460000000849504e-01
2.516379999999571737e-01
1.217800000000011096e-01
1.253619999999955326e-01
1.436830000000099972e-01
2.571090000000140208e-01
1.392979999999965912e-01
2.359119999999848005e-01
1.485160000000291802e-01
1.285399999999867759e-01
1.535460000000057335e-01
1.092229999999858592e-01
1.064890000000104919e-01
1.384009999999875618e-01
2.525510000000394939e-01
1.318619999999555148e-01
1.283849999999802094e-01
1.489680000000248583e-01
2.480009999999879255e-01
1.374999999999886313e-01
2.469490000000291730e-01
1.349469999999541869e-01
2.772650000000567161e-01
1.193619999999668835e-01
9.884900000002971865e-02
1.196719999999800166e-01
1.578809999999748470e-01
1.220059999999989486e-01
1.217589999999972861e-01
1.334820000000149776e-01
1.394199999999727879e-01
2.360460000000443870e-01
1.342170000000351138e-01
1.285439999999766769e-01
1.088279999999599568e-01
1.239700000000425462e-01
3.854239999999435895e-01
1.136910000000170839e-01
1.390339999999810061e-01
2.457190000000082364e-01
1.301410000000373657e-01
1.362249999999676220e-01
1.420720000000414984e-01
2.422789999999963584e-01
1.478889999999637439e-01
1.418750000000272848e-01
1.273889999999937572e-01
1.257190000000036889e-01
1.412169999999832726e-01
2.628650000000334330e-01
9.956399999998666317e-02
1.442570000000387154e-01
2.563259999999445427e-01
1.263580000000388281e-01
1.354160000000206310e-01
1.435259999999516367e-01
2.391680000000064865e-01
1.528260000000045693e-01
2.590950000000020736e-01
1.242229999999722168e-01
1.464760000000069340e-01
1.256470000000149412e-01
1.197850000000357795e-01
1.017579999999611573e-01
1.446550000000002001e-01
2.490129999999908250e-01
1.275269999999864012e-01
1.271530000000211658e-01
1.429110000000264336e-01
2.344449999999369538e-01
1.436590000000705913e-01
1.337549999999509964e-01
1.128729999999791289e-01
1.247480000000109612e-01
1.400340000000710461e-01
2.408249999999725333e-01
1.057959999999980027e-01
1.423409999999876163e-01
2.462840000000028340e-01
1.296049999999695501e-01
1.331430000000182190e-01
1.430780000000027030e-01
1.283220000000255823e-01
1.163569999999936044e-01
1.281749999999988177e-01
1.489869999999768879e-01
1.116230000000086875e-01
1.290480000000115979e-01
1.353680000000281325e-01
1.374189999999657630e-01
1.227030000000013388e-01
9.830500000003894456e-02
1.526499999999941792e-01
2.528989999999566862e-01
1.283369999999877109e-01
1.345299999999838292e-01
1.382859999999936917e-01
2.373130000000287509e-01
1.457950000000209911e-01
1.262749999999641659e-01
1.217480000000250584e-01
1.223920000000475738e-01
1.407729999999673964e-01
1.249339999999961037e-01
1.113090000000056534e-01
1.160459999999829961e-01
1.349539999999933571e-01
2.539950000000317232e-01
1.263640000000236796e-01
1.279989999999315842e-01
1.413790000000290092e-01
2.338849999999865759e-01
1.428819999999859647e-01
1.287690000000338841e-01
1.161930000000097607e-01
1.199739999999565043e-01
1.421829999999886240e-01
1.242270000000189611e-01
1.197980000000029577e-01
1.022010000000364016e-01
1.471709999999575302e-01
2.522130000000402106e-01
1.257429999999999382e-01
1.353229999999712163e-01
1.413670000000024629e-01
2.063739999999825159e-01
1.629560000000083164e-01
1.485509999999976571e-01
1.124900000000366163e-01
1.168819999999755055e-01
1.438119999999685206e-01
1.456740000000422697e-01
9.278099999994537939e-02
1.050950000000625550e-01
1.344249999999647116e-01
1.817220000000361324e-01
7.977199999999129432e-02
1.278419999999869106e-01
1.381369999999719766e-01
1.427340000000185682e-01
1.940400000000295222e-01
1.600609999999846877e-01
1.566359999999917818e-01
1.006580000000099062e-01
1.360099999999988540e-01
1.389759999999569118e-01
1.349230000000147811e-01
9.758800000003020614e-02
1.185309999999617503e-01
1.146710000000439322e-01
1.594089999999823704e-01
1.084000000000173713e-01
1.241880000000037398e-01
1.283700000000180808e-01
1.356399999999666761e-01
2.046509999999557294e-01
1.584040000000186410e-01
1.453190000000290638e-01
9.641799999997147097e-02
1.341410000000564651e-01
1.232439999999996871e-01
2.437600000000088585e-01
1.063159999999356842e-01
1.443610000000603577e-01
2.487799999999538159e-01
1.219229999999811298e-01
1.274880000000280234e-01
1.377320000000281652e-01
1.242679999999722895e-01
2.496249999999804459e-01
2.335130000000162909e-01
1.302870000000098116e-01
1.373769999999581159e-01
1.625800000000481305e-01
1.813029999999571373e-01
1.309520000000361506e-01
2.445000000000163709e-01
1.338010000000053878e-01
1.322309999999333741e-01
1.483950000000504588e-01
1.261470000000031177e-01
1.092069999999694119e-01
1.374529999999936081e-01
2.519350000000031287e-01
1.237940000000321561e-01
1.310490000000186228e-01
2.550329999999689790e-01
9.144099999997479244e-02
1.409910000000422770e-01
2.442899999999781357e-01
1.194530000000213477e-01
1.318009999999958382e-01
1.373550000000136606e-01
1.302629999999567190e-01
9.867200000002185334e-02
1.317709999999578940e-01
1.607230000000186010e-01
9.107800000003862806e-02
1.285599999999931242e-01
1.282790000000204600e-01
2.383039999999709835e-01
1.068369999999845277e-01
1.404530000000363543e-01
2.364799999999718239e-01
1.281189999999696738e-01
1.270950000000539148e-01
1.460399999999708598e-01
1.032460000000128275e-01
1.262419999999906395e-01
1.342779999999947904e-01
2.463620000000332766e-01
1.328340000000025611e-01
1.338910000000055334e-01
1.486669999999890024e-01
9.865000000002055458e-02
1.046939999999949578e-01
1.326609999999845968e-01
1.446349999999938518e-01
1.129919999999628999e-01
1.245240000000649161e-01
1.339479999999753090e-01
1.360579999999913525e-01
3.722740000000044347e-01
1.287520000000199616e-01
1.148660000000063519e-01
1.267159999999307729e-01
1.206780000000549080e-01
2.394309999999677530e-01
1.107809999999744832e-01
1.295210000000679429e-01
2.495299999999929241e-01
1.277299999999286229e-01
1.298720000000344044e-01
1.441829999999981737e-01
1.301330000000575637e-01
2.315579999999499705e-01
1.309949999999844295e-01
1.306740000000559121e-01
1.140159999999355023e-01
1.441920000000322943e-01
1.135940000000346117e-01
1.053059999999277352e-01
1.119300000000293949e-01
1.292469999999639185e-01
2.561120000000300934e-01
1.240160000000400942e-01
1.291479999999864958e-01
1.414649999999824104e-01
1.269200000000410000e-01
1.100559999999859428e-01
1.264529999999695065e-01
2.604640000000131295e-01
1.231819999999856918e-01
1.334850000000074033e-01
1.342449999999644206e-01
1.094330000000240943e-01
1.028380000000197469e-01
1.322650000000180626e-01
2.474040000000172768e-01
1.255859999999415777e-01
1.283080000000040855e-01
1.365560000000414220e-01
2.350099999999315514e-01
1.180600000000140426e-01
2.499680000000239488e-01
1.233899999999721331e-01
3.634569999999825995e-01
1.101240000000416330e-01
1.318540000000325563e-01
1.562529999999355823e-01
9.394000000003188688e-02
1.285579999999981737e-01
1.175340000000346663e-01
1.469040000000063628e-01
2.129109999999627689e-01
1.555280000000038854e-01
1.675439999999639440e-01
8.941800000002331217e-02
1.236580000000344626e-01
1.270579999999768006e-01
1.376480000000128712e-01
1.027739999999539577e-01
1.139660000000048967e-01
1.311720000000491382e-01
2.400929999999448228e-01
1.321990000000710097e-01
1.236669999999548963e-01
1.371350000000006730e-01
2.300749999999993634e-01
1.343420000000037362e-01
1.339570000000094296e-01
1.059849999999755710e-01
1.281600000000366890e-01
1.333429999999680149e-01
2.318180000000324981e-01
1.090740000000209875e-01
1.289469999999255378e-01
2.435850000000527871e-01
1.223309999999742104e-01
1.258429999999748361e-01
1.487890000000220425e-01
1.296600000000012187e-01
1.182779999999752363e-01
1.023690000000669897e-01
1.280869999999367792e-01
1.446220000000266737e-01
1.208040000000210057e-01
1.289899999999875035e-01
1.375180000000000291e-01
9.219000000001642547e-02
1.163019999999619358e-01
1.321440000000393411e-01
1.318890000000010332e-01
1.042939999999816791e-01
1.202149999999733154e-01
1.210629999999923712e-01
1.436340000000768669e-01
2.181189999999446627e-01
1.362570000000005166e-01
1.357120000000122673e-01
1.118270000000052278e-01
1.261629999999627216e-01
2.638940000000502550e-01
9.733899999997674968e-02
1.080870000000118125e-01
1.285480000000234213e-01
1.433699999999475949e-01
9.932500000002164597e-02
1.277079999999841675e-01
1.209799999999745523e-01
1.433130000000346627e-01
1.129460000000221953e-01
1.350239999999871543e-01
1.134289999999964493e-01
1.236829999999713436e-01
9.891800000002604065e-02
1.250019999999949505e-01
1.306500000000028194e-01
1.579629999999951906e-01
9.006400000004077810e-02
1.130109999999717729e-01
1.297339999999849169e-01
1.065399999999954161e-01
1.551670000000058280e-01
1.061809999999923093e-01
1.085810000000151376e-01
1.470900000000483487e-01
2.249589999999557222e-01
1.427810000000135915e-01
1.398429999999848405e-01
1.100010000000111177e-01
1.125759999999900174e-01
1.446840000000406690e-01
1.381789999999796237e-01
1.132659999999532374e-01
9.748100000001613807e-02
1.324520000000006803e-01
1.319520000000125037e-01
1.185959999999681713e-01
1.093089999999961037e-01
1.235080000000152722e-01
1.433600000000296859e-01
2.251759999999762840e-01
1.288210000000162836e-01
1.497959999999807224e-01
9.508100000005015318e-02
1.254449999999565080e-01
3.783930000000168548e-01
9.876600000001189983e-02
1.303419999999846368e-01
2.435960000000250147e-01
1.206649999999740430e-01
1.255589999999529027e-01
1.410000000000195541e-01
1.051120000000196342e-01
1.281149999999797728e-01
1.713349999999991269e-01
1.157390000000191321e-01
9.872699999999667853e-02
1.243360000000279797e-01
1.266069999999785978e-01
1.713930000000232212e-01
1.788049999999543616e-01
1.285849999999868487e-01
1.491149999999947795e-01
1.072870000000420987e-01
1.171729999999797656e-01
1.211100000000442378e-01
1.473519999999552965e-01
2.135979999999904066e-01
1.500960000000191030e-01
1.252920000000017353e-01
1.294970000000148502e-01
9.770900000000892760e-02
2.960459999999898173e-01
8.850799999999026113e-02
1.010769999999752145e-01
1.347200000000725595e-01
1.436549999999670035e-01
9.234700000001794251e-02
1.227099999999268221e-01
1.182510000000434047e-01
1.470560000000205036e-01
1.441060000000220498e-01
9.404099999994741665e-02
1.156430000000341352e-01
7.664499999998497515e-02
1.692840000000046530e-01
1.269919999999729043e-01
2.882589999999822794e-01
1.021140000000286818e-01
1.069899999999961437e-01
1.329499999999939064e-01
1.426860000000260698e-01
1.057059999999410138e-01
1.248520000000326036e-01
1.195170000000302934e-01
1.407919999999762695e-01
1.417190000000232430e-01
1.011369999999942593e-01
1.170169999999757238e-01
1.460560000000441505e-01
1.024039999999786232e-01
1.265250000000150976e-01
2.574179999999728352e-01
1.119030000000407199e-01
1.082739999999375868e-01
1.354550000000358523e-01
7.670000000001664375e-02
1.657029999999508618e-01
1.308240000000182590e-01
1.217320000000086111e-01
1.482159999999907996e-01
2.286579999999958090e-01
9.653200000002470915e-02
1.665360000000077889e-01
1.188819999999850552e-01
1.228619999999978063e-01
3.466700000000173532e-01
1.231849999999781176e-01
1.327989999999772408e-01
2.473160000000120817e-01
1.191230000000018663e-01
1.279490000000009786e-01
1.465180000000145810e-01
1.034189999999739484e-01
1.216260000000488617e-01
1.316159999999513275e-01
1.225090000000363943e-01
1.235899999999787724e-01
1.182540000000358305e-01
2.694789999999898100e-01
9.830799999997452687e-02
1.025220000000217624e-01
1.340099999999893043e-01
1.428070000000047912e-01
1.061189999999783140e-01
1.221289999999726206e-01
1.311260000000515902e-01
1.436199999999416832e-01
2.250300000000606815e-01
1.371329999999488791e-01
1.622590000000627697e-01
9.442199999995182225e-02
1.241810000000214131e-01
1.344490000000178043e-01
1.307079999999700703e-01
1.010919999999941865e-01
1.196439999999938664e-01
1.350259999999821048e-01
2.425620000000208165e-01
1.260540000000105465e-01
1.262770000000159598e-01
1.410220000000208529e-01
2.311569999999960601e-01
1.282729999999787651e-01
1.547019999999861284e-01
9.159100000005082620e-02
1.391229999999836764e-01
1.279699999999479587e-01
2.371050000000423097e-01
1.070369999999911670e-01
1.323219999999878382e-01
1.636530000000107066e-01
8.279099999998607018e-02
1.263450000000148066e-01
1.301619999999843458e-01
1.383989999999926113e-01
1.555140000000392320e-01
7.916499999998904968e-02
1.391469999999799256e-01
1.508370000000240907e-01
9.051899999997203849e-02
1.278840000000514010e-01
1.251169999999888205e-01
1.620549999999525426e-01
8.305200000000922955e-02
1.176159999999981665e-01
1.351420000000302934e-01
1.315849999999727515e-01
1.086859999999774118e-01
1.299700000000711952e-01
1.143199999999637839e-01
1.640239999999835163e-01
2.374239999999758766e-01
1.481190000000083273e-01
2.490250000000173713e-01
1.255710000000362925e-01
1.334170000000085565e-01
1.439790000000016335e-01
1.101689999999848624e-01
1.041250000000104592e-01
1.423589999999421707e-01
2.465320000000019718e-01
1.288870000000201799e-01
1.244570000000067012e-01
1.466819999999984248e-01
2.296279999999910615e-01
1.382179999999948450e-01
1.434830000000033579e-01
9.654100000000198634e-02
1.275219999999990250e-01
1.515620000000126311e-01
1.351419999999734500e-01
1.112220000000547770e-01
1.105359999999677711e-01
1.370380000000182008e-01
1.405700000000251748e-01
1.132739999999330394e-01
1.263010000000122091e-01
1.260230000000319706e-01
1.446310000000039508e-01
1.253820000000018808e-01
9.847899999999754073e-02
1.448669999999765423e-01
1.299839999999790052e-01
1.035420000000044638e-01
1.368670000000520304e-01
1.260199999999258580e-01
1.487920000000144682e-01
1.147450000000276304e-01
1.031569999999533138e-01
1.328880000000367545e-01
1.376030000000127984e-01
1.137519999999767606e-01
1.291980000000307882e-01
1.207029999999349457e-01
1.537960000000566652e-01
2.433629999999880056e-01
1.285460000000284708e-01
1.506569999999669562e-01
8.591499999999996362e-02
1.285680000000297696e-01
2.574669999999628089e-01
1.272079999999959909e-01
1.148269999999911306e-01
1.602230000000304244e-01
1.041510000000016589e-01
1.211490000000026157e-01
1.231490000000121654e-01
1.186210000000187392e-01
1.482479999999668507e-01
7.992500000000291038e-02
1.685409999999478714e-01
1.309290000000373766e-01
1.444680000000175824e-01
1.111809999999877618e-01
1.307660000000510081e-01
1.155869999999481479e-01
1.450490000000286273e-01
1.236979999999903157e-01
1.061159999999858883e-01
1.296260000000302171e-01
2.424079999999548818e-01
1.257110000000238870e-01
1.276409999999827960e-01
1.479640000000586042e-01
2.363099999999462852e-01
1.252969999999891115e-01
1.506009999999946558e-01
9.380900000002156958e-02
1.247740000000021610e-01
1.351980000000025939e-01
1.445469999999886568e-01
9.999800000002778688e-02
1.110149999999521242e-01
1.413330000000314612e-01
1.513659999999958927e-01
1.016520000000014079e-01
1.358150000000364344e-01
1.277089999999816428e-01
1.437619999999810716e-01
2.317520000000286018e-01
1.362219999999751963e-01
1.355320000000119762e-01
1.144289999999728025e-01
1.313430000000153086e-01
1.351349999999911233e-01
1.400260000000344007e-01
1.102879999999686333e-01
1.069630000000074688e-01
1.299660000000244509e-01
1.374500000000011823e-01
1.057889999999588326e-01
1.242310000000088621e-01
1.311460000000010950e-01
1.404229999999984102e-01
7.998800000001438093e-02
1.688079999999558822e-01
1.337930000000255859e-01
1.356850000000235923e-01
9.886199999999689680e-02
1.204859999999712272e-01
1.337100000000077671e-01
1.429540000000315558e-01
1.086809999999900356e-01
1.111929999999574648e-01
1.357200000000489126e-01
2.468399999999633110e-01
1.305950000000279942e-01
1.283639999999763859e-01
1.399320000000443542e-01
8.121499999998604835e-02
1.562930000000051223e-01
1.361849999999549254e-01
1.424740000000497275e-01
1.039599999999722968e-01
1.306309999999939464e-01
1.349399999999718602e-01
1.406020000000580694e-01
1.103909999999928004e-01
1.023319999999330321e-01
1.315570000000434447e-01
2.533070000000066102e-01
1.245819999999753236e-01
1.322999999999865395e-01
1.461249999999836291e-01
2.397990000000618238e-01
1.201419999999870925e-01
1.326560000000540640e-01
1.165599999999358261e-01
1.213539999999966312e-01
1.339070000000219807e-01
1.300019999999904030e-01
1.175539999999841712e-01
1.080129999999712709e-01
1.360090000000013788e-01
2.527930000000537802e-01
1.241569999999683205e-01
1.394040000000131840e-01
1.356539999999881729e-01
2.395159999999805223e-01
1.290280000000620930e-01
1.362049999999612737e-01
1.155740000000378132e-01
1.228599999999460124e-01
1.368780000000242580e-01
1.292090000000030159e-01
1.204150000000367982e-01
1.010469999999941138e-01
1.291929999999297252e-01
2.413640000000896180e-01
1.215579999999931715e-01
1.194239999999240354e-01
1.522090000000844157e-01
1.402779999999097527e-01
1.000940000000696273e-01
1.265259999999557294e-01
1.552250000000299224e-01
9.480999999993855454e-02
1.200660000000084437e-01
1.304640000000745204e-01
1.292069999999512220e-01
1.247310000000538821e-01
1.161879999999655411e-01
1.391419999999925494e-01
2.341780000000426298e-01
1.262339999999539941e-01
1.174519999999574793e-01
1.533350000000837099e-01
2.536129999999729989e-01
1.425160000000005311e-01
1.251870000000394612e-01
1.088069999999561333e-01
1.259089999999787324e-01
2.807030000000168002e-01
1.101209999999923639e-01
9.664900000001352964e-02
1.343339999999670908e-01
2.404780000000528162e-01
1.258849999999824831e-01
1.129720000000133950e-01
1.522300000000313958e-01
2.430839999999534484e-01
1.271830000000022665e-01
1.470960000000332002e-01
1.068979999999442043e-01
1.257879999999431675e-01
1.185880000001020562e-01
1.462429999999699248e-01
1.089780000000359905e-01
1.085649999999418469e-01
1.267259999999623687e-01
1.478570000000445361e-01
1.029459999999744468e-01
1.163110000000528998e-01
1.310769999999479296e-01
1.435839999999757310e-01
8.011300000009669020e-02
1.657599999999774809e-01
1.285099999999488318e-01
1.442329999999856227e-01
9.741900000005898619e-02
1.242960000000152831e-01
1.332150000000069667e-01
1.305009999999811043e-01
1.086010000000214859e-01
1.089499999999929969e-01
1.408639999999650172e-01
1.443539999999643442e-01
1.108050000000844193e-01
1.250389999999583779e-01
1.252139999999712927e-01
1.428460000000200125e-01
2.310140000000728833e-01
1.247499999999490683e-01
1.346739999999613246e-01
9.045100000008687857e-02
1.210529999999039319e-01
1.184820000000286200e-01
1.374320000000466280e-01
1.111129999999889151e-01
1.233649999999215652e-01
1.468250000000352884e-01
1.375209999999924548e-01
1.008909999999900720e-01
1.199790000000007240e-01
1.288700000000062573e-01
1.433690000000638065e-01
2.483189999999240172e-01
1.315230000000724431e-01
1.415559999999800311e-01
1.064069999999901484e-01
1.340380000000322980e-01
1.231619999999793436e-01
1.508309999999823958e-01
1.051640000000588770e-01
1.056519999999636639e-01
1.321749999999610736e-01
1.433530000000473592e-01
1.036339999999995598e-01
1.246230000000423388e-01
1.295039999998834901e-01
1.385780000000522705e-01
1.272329999999897154e-01
1.195440000000189684e-01
1.301599999999893953e-01
1.378209999999739921e-01
9.806399999996529004e-02
1.273950000000354521e-01
1.205020000000445179e-01
1.389740000000188047e-01
1.185729999999693973e-01
1.102839999999787324e-01
1.358069999999997890e-01
1.389090000000123837e-01
1.157150000000228829e-01
1.204210000000216496e-01
1.325649999999427564e-01
1.347640000000751570e-01
2.283599999999523789e-01
1.374570000000403525e-01
1.394659999999703359e-01
9.706099999993966776e-02
1.197960000000080072e-01
1.346120000000041728e-01
1.318240000000514556e-01
1.186529999999947904e-01
9.895099999999956708e-02
1.431639999999561041e-01
2.372419999999806350e-01
1.184030000000575455e-01
1.269909999999754291e-01
1.498010000000249420e-01
1.845619999999712491e-01
1.494999999999890861e-01
1.657240000000683722e-01
1.833779999998910171e-01
1.470710000000394757e-01
2.311970000000656000e-01
2.399459999999749016e-01
2.364799999999718239e-01
1.438039999999887186e-01
1.280690000000959117e-01
1.384809999999561114e-01
8.111500000001115041e-02
1.659369999999285028e-01
1.303480000000263317e-01
1.535959999999931824e-01
1.055610000000228865e-01
1.216979999999807660e-01
1.430799999999976535e-01
1.352909999999951651e-01
1.142430000000445034e-01
9.089199999999664215e-02
1.416350000000079490e-01
2.408049999999661850e-01
1.290060000000607943e-01
1.181759999999485444e-01
1.461549999999647298e-01
1.543139999999993961e-01
8.512500000000500222e-02
1.448149999999941429e-01
1.501410000000191758e-01
1.032099999999900319e-01
9.853200000003425885e-02
1.310339999999996508e-01
1.265879999999697247e-01
1.245419999999626270e-01
9.258700000003727837e-02
1.347200000000157161e-01
1.332830000000058135e-01
1.002979999999524807e-01
1.305980000000204200e-01
1.232450000000540058e-01
1.477229999999281063e-01
2.447080000000028122e-01
1.510110000000395303e-01
1.500769999999533866e-01
1.008270000000379696e-01
1.047899999999799547e-01
2.728650000000243381e-01
1.048679999999535539e-01
1.016140000000973487e-01
1.383239999998977510e-01
2.414860000000658147e-01
1.232349999999655665e-01
1.163650000000302498e-01
1.515079999999784377e-01
8.311300000002574961e-02
1.557429999999726533e-01
1.451979999999934989e-01
1.389660000000390028e-01
9.928700000000389991e-02
1.344689999999673091e-01
1.331369999999765241e-01
1.323700000000371801e-01
1.147209999999745378e-01
9.676500000006171831e-02
1.353090000000065629e-01
1.341229999999313804e-01
1.003930000000536893e-01
1.313389999999685642e-01
1.278439999999818610e-01
1.508779999999774191e-01
2.382450000000631007e-01
1.340879999999629035e-01
1.535860000000184300e-01
1.021790000000351029e-01
1.213569999999322135e-01
1.429740000000379041e-01
1.302600000000211367e-01
1.096259999999915635e-01
1.008740000000329928e-01
1.428719999999543688e-01
1.272889999999620159e-01
1.104080000000067230e-01
1.278710000000273794e-01
1.337490000000229884e-01
1.355269999999109132e-01
1.494870000000219079e-01
9.341600000004746107e-02
1.356870000000185428e-01
1.396859999999833235e-01
1.007470000000125765e-01
1.152040000000056352e-01
2.695949999999811553e-01
1.080910000000585569e-01
1.124059999999076354e-01
1.279400000000805449e-01
1.260009999999738284e-01
1.164889999999445536e-01
1.304850000000783439e-01
1.184669999999528045e-01
1.456890000000043983e-01
2.434099999999261854e-01
1.327200000000630098e-01
1.249640000000340478e-01
1.148939999999356587e-01
1.273509999999760112e-01
1.450800000001208900e-01
1.371249999999690772e-01
1.219179999999937536e-01
8.433600000000751606e-02
1.506369999999037645e-01
2.406070000000681830e-01
1.157780000000343534e-01
1.352529999999774191e-01
1.366619999999443280e-01
2.270960000000172840e-01
1.466140000000564214e-01
1.223749999999768079e-01
1.210120000000074469e-01
1.210169999999948232e-01
1.398509999999646425e-01
1.276429999999777465e-01
1.161560000000463333e-01
1.005210000000147375e-01
1.379859999999553111e-01
1.283190000000331565e-01
1.139499999999884494e-01
1.297230000000695327e-01
2.851929999999356369e-01
