1.909759999999920410e-01
2.251280000000122072e-01
1.251850999999987835e+00
2.025799999999975398e-01
4.581480000000084374e-01
8.905299999999272131e-02
1.839599999999990132e-01
2.203560000000095442e-01
1.297760000000067748e-01
1.811659999999903903e-01
1.893269999999915854e-01
2.034920000000113305e-01
1.645400000000023510e-01
7.110049999999858983e-01
1.873070000000183200e-01
1.927009999999995671e-01
1.797539999999884230e-01
1.662970000000143500e-01
1.808859999999867796e-01
2.069910000000021455e-01
3.650499999999965439e-01
1.585700000000116461e-01
1.684520000000020445e-01
2.545349999999899637e-01
2.496309999999937190e-01
2.435520000000082064e-01
3.501179999999948222e-01
1.776480000000049131e-01
1.766539999999992006e-01
3.633200000000016416e-01
2.061240000000026384e-01
1.783169999999927313e-01
3.614090000000089731e-01
1.764749999999963848e-01
4.376680000000021664e-01
2.907919999999961647e-01
1.874009999999941556e-01
2.097750000000075943e-01
1.823849999999964666e-01
1.536150000000020555e-01
1.923660000000069203e-01
3.437129999999939400e-01
3.674869999999970105e-01
1.874619999999964648e-01
1.746189999999927522e-01
1.718450000000188993e-01
1.933009999999910633e-01
3.556049999999970623e-01
1.873530000000016571e-01
1.881010000000031823e-01
3.569090000000016971e-01
1.724320000000005848e-01
1.635100000000022646e-01
3.599779999999981328e-01
1.775789999999943802e-01
1.953080000000113614e-01
1.912949999999966622e-01
1.802079999999932625e-01
1.691980000000086193e-01
1.953529999999830125e-01
3.572820000000120899e-01
1.718789999999899010e-01
1.902970000000152595e-01
3.617849999999975807e-01
1.716669999999993479e-01
1.959750000000042292e-01
3.611259999999845149e-01
1.712260000000043192e-01
2.021289999999993370e-01
1.732060000000075206e-01
1.746959999999972979e-01
1.690290000000089776e-01
1.996349999999864622e-01
3.655310000000042692e-01
3.685959999999965930e-01
3.507149999999938927e-01
1.755399999999980309e-01
1.907430000000118753e-01
3.587439999999872953e-01
1.737010000000083210e-01
1.904439999999993915e-01
1.606819999999942183e-01
1.747980000000097789e-01
1.864969999999885886e-01
2.073030000000102291e-01
3.632709999999974571e-01
3.781159999999914589e-01
3.556770000000142318e-01
1.778680000000036898e-01
1.984189999999870224e-01
3.760810000000134323e-01
1.707729999999969550e-01
1.959090000000003329e-01
1.887969999999938864e-01
1.794759999999939737e-01
1.708570000000122491e-01
1.949529999999839447e-01
3.563590000000118607e-01
1.773220000000037544e-01
1.934699999999907050e-01
3.501090000000033342e-01
1.768490000000042528e-01
1.758880000000004884e-01
3.481679999999869324e-01
1.887620000000111986e-01
1.893299999999982219e-01
1.901429999999919573e-01
1.897080000000102018e-01
1.637970000000024129e-01
1.924539999999979045e-01
3.552669999999977790e-01
1.716619999999977608e-01
1.932850000000030377e-01
3.567230000000023438e-01
1.779630000000054224e-01
1.916179999999911843e-01
3.325260000000014315e-01
1.812400000000025102e-01
1.953449999999889997e-01
1.675980000000123482e-01
1.835870000000028313e-01
1.757069999999885113e-01
2.079170000000090113e-01
3.278039999999862175e-01
3.644690000000139207e-01
1.857249999999908141e-01
1.999270000000024083e-01
3.694729999999992742e-01
7.744100000000742057e-02
9.816699999998945714e-02
3.586810000000042464e-01
7.442559999999929232e-01
7.436720000000178743e-01
1.703329999999851907e-01
1.842429999999950496e-01
1.655650000000008504e-01
1.918650000000070577e-01
1.441300000000040882e-01
3.837829999999939901e-01
1.579910000000097625e-01
1.784479999999888378e-01
3.517800000000050886e-01
1.986529999999930851e-01
1.614570000000128402e-01
1.918639999999953716e-01
1.568880000000092423e-01
1.912089999999864176e-01
1.764440000000035980e-01
1.977599999999881675e-01
1.797180000000082600e-01
1.468069999999954689e-01
1.835960000000085302e-01
2.174329999999997654e-01
1.525299999999987222e-01
1.730579999999974916e-01
1.842890000000068085e-01
3.470589999999873498e-01
7.731600000001037643e-02
9.817300000000273030e-02
2.037509999999969068e-01
3.651760000000052742e-01
3.693540000000012924e-01
2.012819999999919673e-01
1.800319999999970833e-01
1.514640000000042619e-01
1.929359999999888942e-01
2.123790000000127520e-01
1.521279999999904931e-01
1.724740000000082318e-01
1.954549999999954935e-01
3.465640000000007603e-01
1.844719999999995252e-01
1.808720000000079153e-01
1.784700000000043474e-01
1.732739999999921565e-01
1.862810000000081345e-01
2.191509999999823322e-01
1.675560000000047012e-01
1.656329999999996971e-01
1.637359999999858928e-01
1.887140000000187001e-01
1.963719999999966603e-01
1.563939999999917063e-01
1.660320000000155005e-01
1.980879999999842767e-01
2.090029999999956090e-01
1.627110000000158152e-01
9.337499999999465672e-02
2.502640000000013742e-01
3.506299999999953343e-01
1.704090000000064720e-01
2.036149999999992133e-01
1.781719999999893389e-01
1.813870000000150640e-01
1.778460000000023911e-01
1.979280000000045447e-01
3.530489999999986139e-01
1.758590000000026521e-01
1.866699999999923421e-01
1.753379999999964411e-01
7.540500000000349701e-02
7.908400000000881391e-02
8.167499999998995008e-02
9.496099999999785268e-02
1.779969999999906349e-01
2.086030000000107520e-01
1.480350000000072441e-01
3.524659999999926185e-01
2.021439999999898873e-01
1.583850000000097680e-01
1.695370000000053778e-01
1.835990000000009559e-01
2.158479999999940446e-01
1.655899999999945749e-01
1.594610000000074024e-01
1.853689999999943439e-01
3.442419999999941638e-01
1.683990000000079590e-01
1.821610000000077889e-01
2.212079999999758684e-01
2.656720000000234450e-01
2.600599999999957390e-01
2.571289999999919473e-01
2.754340000000183863e-01
2.263749999999902229e-01
2.876150000000023965e-01
1.749019999999887887e-01
2.048190000000005284e-01
3.433050000000008595e-01
1.789459999999962747e-01
3.985480000000052314e-01
3.535190000000199007e-01
1.772039999999748261e-01
1.803460000000143282e-01
1.627670000000023265e-01
1.893119999999868242e-01
1.859510000000028640e-01
1.997719999999958418e-01
1.556800000000038153e-01
1.861540000000019290e-01
1.788340000000090413e-01
1.759239999999948623e-01
1.551010000000019318e-01
2.055069999999830088e-01
1.637620000000197251e-01
3.551559999999938100e-01
1.906129999999990332e-01
1.895739999999932479e-01
3.363470000000035043e-01
1.996359999999981483e-01
1.868500000000068439e-01
5.402279999999990423e-01
1.974780000000038171e-01
2.264449999999982310e-01
1.362519999999989295e-01
1.043389999999959628e-01
2.311140000000051486e-01
2.257000000000033424e-01
2.569619999999872562e-01
2.509170000000153777e-01
2.386920000000003483e-01
1.382669999999848187e-01
1.348320000000029495e-01
2.153810000000078162e-01
2.025260000000059790e-01
1.462929999999857955e-01
1.930050000000136379e-01
1.986559999999855108e-01
3.490529999999978372e-01
1.913030000000048858e-01
1.660839999999979000e-01
3.655399999999957572e-01
7.946600000001069475e-02
8.694599999999752526e-02
1.925099999999844158e-01
1.974170000000157188e-01
1.674679999999995061e-01
1.879790000000127748e-01
1.685649999999725424e-01
3.417310000000099990e-01
3.764470000000130767e-01
2.180309999999963111e-01
1.727869999999995798e-01
1.626339999999970587e-01
2.085229999999853590e-01
3.550560000000189120e-01
1.796429999999986649e-01
1.909840000000144755e-01
3.637769999999989068e-01
1.624839999999778684e-01
2.000720000000058008e-01
3.522879999999872780e-01
1.782430000000090331e-01
1.913260000000036598e-01
1.838630000000023301e-01
1.924289999999757583e-01
1.547550000000228465e-01
2.061300000000017008e-01
3.507489999999791053e-01
1.858120000000269556e-01
1.943239999999946122e-01
1.794049999999742795e-01
1.888860000000249784e-01
1.641830000000084056e-01
2.131540000000029522e-01
3.144599999999684314e-01
1.963730000000225573e-01
1.918839999999875090e-01
2.024490000000014334e-01
1.806490000000167129e-01
1.438489999999887914e-01
1.942970000000059372e-01
3.539719999999988431e-01
1.716779999999857864e-01
1.844910000000083983e-01
1.993070000000045638e-01
1.930749999999932243e-01
1.451890000000162217e-01
2.063059999999836691e-01
3.317450000000121690e-01
1.726009999999860156e-01
1.825049999999919237e-01
2.080930000000194013e-01
1.857009999999945649e-01
1.588470000000086202e-01
1.932599999999808915e-01
3.571230000000014115e-01
1.815850000000125419e-01
1.938330000000121345e-01
1.884819999999649554e-01
1.738270000000170512e-01
1.743719999999768788e-01
1.900760000000047967e-01
3.578730000000120981e-01
1.759580000000084965e-01
1.875489999999899737e-01
1.778350000000159525e-01
1.799959999999884985e-01
1.670840000000168857e-01
1.958019999999862648e-01
3.355589999999892825e-01
1.950209999999970023e-01
1.935459999999977754e-01
1.896770000000174150e-01
1.780770000000018172e-01
1.613619999999968968e-01
1.987450000000023920e-01
3.349659999999801130e-01
2.085560000000157288e-01
1.847130000000163363e-01
1.861020000000053187e-01
1.846909999999866159e-01
1.542000000000030013e-01
1.960520000000087748e-01
3.624859999999614502e-01
1.663200000000415457e-01
1.895779999999547272e-01
1.713280000000168002e-01
1.925009999999929278e-01
1.659630000000333894e-01
1.830769999999972697e-01
3.407919999999933225e-01
1.862079999999934898e-01
1.908770000000004075e-01
1.819530000000213477e-01
1.730299999999544980e-01
1.719600000000127693e-01
1.802470000000084838e-01
3.459520000000111395e-01
1.812449999999898864e-01
1.876499999999907686e-01
1.711410000000057607e-01
1.887779999999850133e-01
1.765350000000296404e-01
1.877800000000036107e-01
3.294609999999806860e-01
2.018559999999922638e-01
1.961360000000240689e-01
2.077139999999815245e-01
1.562850000000253203e-01
1.742019999999797619e-01
1.857589999999902375e-01
3.509680000000230393e-01
1.728809999999896263e-01
1.888690000000110558e-01
1.869079999999883057e-01
1.889879999999948268e-01
1.545260000000041600e-01
1.900049999999851025e-01
9.543800000000146611e-02
2.675340000000119289e-01
1.675539999999955398e-01
1.918640000000095824e-01
1.558990000000051168e-01
1.957319999999924676e-01
1.754109999999968750e-01
2.049810000000036325e-01
3.513759999999876982e-01
1.960540000000037253e-01
1.950989999999990232e-01
2.043099999999924421e-01
1.481300000000089767e-01
1.848400000000083310e-01
1.687129999999967822e-01
3.470890000000110831e-01
1.929089999999860083e-01
1.974679999999864322e-01
2.198600000000112686e-01
2.596639999999865722e-01
2.447180000000344080e-01
3.351859999999646789e-01
1.848720000000128039e-01
1.936519999999859465e-01
1.989670000000387518e-01
1.595899999999801366e-01
1.196429999999963911e-01
2.503600000000005821e-01
3.328950000000077125e-01
1.907649999999989632e-01
2.030139999999960310e-01
1.973930000000052587e-01
1.600339999999960128e-01
1.698109999999815045e-01
1.704900000000293403e-01
3.686119999999846186e-01
1.878880000000151540e-01
1.970439999999769043e-01
1.813390000000367763e-01
1.724949999999694228e-01
1.665729999999996380e-01
1.872960000000034597e-01
3.841429999999945721e-01
1.755180000000109430e-01
1.843230000000062319e-01
1.773489999999924294e-01
1.660990000000026612e-01
1.978000000000008640e-01
1.775069999999914216e-01
3.706450000000245382e-01
8.365799999998557723e-02
8.905199999998103522e-02
1.809230000000070504e-01
2.167660000000068976e-01
1.498210000000028685e-01
1.806980000000066866e-01
1.890919999999880474e-01
2.053970000000049367e-01
1.761290000000030886e-01
1.579689999999800420e-01
1.854580000000112250e-01
3.310919999999839547e-01
1.092510000000004311e-01
1.051630000000329801e-01
1.163369999999872562e-01
1.109430000000202199e-01
1.466529999999863776e-01
5.427399999999806823e-01
2.019070000000056098e-01
1.632670000000189248e-01
1.890909999999905722e-01
1.780479999999897700e-01
3.570029999999917436e-01
1.762820000000147047e-01
2.006639999999890733e-01
3.307530000000156178e-01
1.728819999999871015e-01
1.802560000000141827e-01
2.186839999999961037e-01
2.507259999999860156e-01
9.646200000000249020e-02
1.517350000000305954e-01
2.399469999999723768e-01
1.370349999999973534e-01
1.277600000000234104e-01
2.096619999999802531e-01
1.918220000000303571e-01
1.548749999999756710e-01
1.864349999999888041e-01
2.226540000000056807e-01
1.899520000000052278e-01
1.748340000000041528e-01
1.612059999999928550e-01
1.670140000000230884e-01
3.525839999999789143e-01
1.826729999999940901e-01
1.704460000000267428e-01
1.913159999999720640e-01
1.812090000000239343e-01
3.603489999999851534e-01
2.139160000000117634e-01
1.653889999999762495e-01
1.730230000000290147e-01
5.413489999999967495e-01
1.730909999999994398e-01
3.896809999999959473e-01
3.812989999999842894e-01
1.705900000000042382e-01
1.800169999999923220e-01
1.570320000000151595e-01
1.888099999999894862e-01
1.778869999999983520e-01
1.993239999999900647e-01
1.643170000000111486e-01
1.801260000000013406e-01
1.802470000000084838e-01
3.520409999999856154e-01
1.616880000000264772e-01
1.873760000000004311e-01
2.089009999999689171e-01
1.661440000000311557e-01
1.776899999999841384e-01
1.781689999999969132e-01
1.973670000000140590e-01
1.747329999999749361e-01
1.678050000000155251e-01
1.870120000000099481e-01
3.725829999999916708e-01
1.670650000000080126e-01
1.851029999999980191e-01
1.844369999999742049e-01
1.668520000000057735e-01
1.866760000000056152e-01
1.926300000000082946e-01
1.823559999999986303e-01
1.742179999999962092e-01
1.744010000000173477e-01
1.940499999999758529e-01
1.872889999999927113e-01
1.755800000000249383e-01
1.648759999999924730e-01
2.059309999999925367e-01
2.042109999999865977e-01
1.692100000000209548e-01
1.701119999999889387e-01
1.923749999999984084e-01
2.165680000000236305e-01
9.108199999997168561e-02
9.753100000000358705e-02
1.078380000000151995e-01
1.170749999999998181e-01
1.108909999999809770e-01
1.371460000000013224e-01
1.758489999999994780e-01
1.801160000000265882e-01
1.902199999999822921e-01
1.941030000000125710e-01
1.632409999999993033e-01
1.691799999999830106e-01
2.111800000000130240e-01
8.212499999999067768e-02
2.649140000000045347e-01
1.565640000000030341e-01
1.969589999999925567e-01
3.746570000000133405e-01
1.684209999999950469e-01
1.916929999999865686e-01
3.786450000000343152e-01
1.727029999999558640e-01
1.851030000000264408e-01
2.015279999999961547e-01
1.777209999999911361e-01
1.367250000000126420e-01
2.100340000000073815e-01
3.580419999999833180e-01
1.699440000000151940e-01
1.951849999999808460e-01
1.683890000000189957e-01
1.831430000000011660e-01
1.614849999999705688e-01
1.953780000000051587e-01
3.544290000000103191e-01
1.962699999999983902e-01
1.847239999999885640e-01
1.929020000000036816e-01
1.737540000000024065e-01
1.576450000000022555e-01
2.004880000000071050e-01
3.630609999999876436e-01
1.686569999999960601e-01
1.878790000000094551e-01
1.828150000000050568e-01
1.774810000000002219e-01
1.701419999999984611e-01
1.911990000000116652e-01
3.478130000000021482e-01
1.815279999999859228e-01
1.938990000000160308e-01
3.618249999999818556e-01
1.878290000000220061e-01
1.665029999999774191e-01
3.672990000000027067e-01
1.758489999999994780e-01
1.872680000000173095e-01
1.887769999999875381e-01
1.869220000000098025e-01
1.566589999999905558e-01
1.999940000000037799e-01
3.603019999999901302e-01
1.896220000000141681e-01
1.914659999999912543e-01
1.969839999999862812e-01
1.880620000000021719e-01
1.419640000000015334e-01
1.996369999999956235e-01
3.489200000000209911e-01
1.748839999999916017e-01
1.856070000000045184e-01
1.852930000000014843e-01
1.915979999999990468e-01
1.683749999999974989e-01
1.951119999999946231e-01
3.716479999999933170e-01
3.732930000000180826e-01
1.812380000000075597e-01
1.689719999999965694e-01
1.702709999999854062e-01
1.834629999999890515e-01
3.713060000000041327e-01
1.758300000000190266e-01
1.883819999999900574e-01
1.830010000000186210e-01
1.789509999999836509e-01
1.663369999999986248e-01
1.829409999999995762e-01
3.596500000000162345e-01
1.739279999999610027e-01
1.951380000000142445e-01
3.805200000000183991e-01
1.526110000000073796e-01
2.034339999999872362e-01
3.529489999999952943e-01
1.882680000000220844e-01
1.893949999999904321e-01
1.864239999999881547e-01
1.655840000000239343e-01
1.706519999999613901e-01
1.946430000000134442e-01
1.953819999999950596e-01
1.580730000000301061e-01
1.803989999999942029e-01
1.880919999999832726e-01
1.918859999999824595e-01
1.751810000000091350e-01
1.704880000000059681e-01
1.858730000000150540e-01
3.516889999999932570e-01
1.806630000000097880e-01
1.903529999999875599e-01
1.763650000000041018e-01
1.764289999999846259e-01
1.754560000000253694e-01
1.931939999999769952e-01
3.455700000000092587e-01
1.720799999999940155e-01
1.906429999999943448e-01
1.880100000000197724e-01
1.932789999999897645e-01
1.519339999999829161e-01
1.973260000000038872e-01
7.830400000000281580e-02
1.014460000000099171e-01
3.637429999999994834e-01
7.355819999999937409e-01
7.641350000000102227e-01
1.665329999999869415e-01
1.828150000000050568e-01
1.716339999999831889e-01
1.955800000000067485e-01
1.853760000000193031e-01
3.560520000000053642e-01
1.500939999999957308e-01
1.961859999999830961e-01
1.926140000000202690e-01
1.733499999999992269e-01
1.752730000000042310e-01
1.976600000000132695e-01
1.910269999999343327e-01
1.739760000000387663e-01
1.750270000000000437e-01
3.995799999999860574e-01
1.719479999999862230e-01
1.360820000000444452e-01
1.844879999999875508e-01
1.921680000000094424e-01
1.499379999999916890e-01
1.790339999999730480e-01
1.827269999999998618e-01
1.974550000000476757e-01
8.020699999997304985e-02
8.188599999999723877e-02
8.039800000000241198e-02
9.768900000000257933e-02
1.806049999999856936e-01
2.865209999999933643e-01
8.496700000003443165e-02
7.626599999997552004e-02
9.316400000000157888e-02
1.838390000000345026e-01
2.109729999999956362e-01
1.547209999999950014e-01
1.774369999999976244e-01
1.742389999999716110e-01
2.159200000000112141e-01
1.456110000000023774e-01
1.762019999999893116e-01
1.895130000000051496e-01
1.793420000000196524e-01
1.723460000000045511e-01
3.626629999999977372e-01
3.564759999999580486e-01
1.831820000000448090e-01
1.814119999999661559e-01
1.856400000000348882e-01
1.778999999999939519e-01
1.659129999999890970e-01
2.031709999999975480e-01
3.504140000000006694e-01
1.784210000000143737e-01
1.918129999999678148e-01
1.846029999999814208e-01
1.674110000000439413e-01
1.675040000000080909e-01
1.918409999999539650e-01
1.765730000000189648e-01
3.698310000000049058e-01
1.722939999999937299e-01
2.020939999999882275e-01
1.687920000000247001e-01
1.693909999999902993e-01
1.933360000000163836e-01
2.146639999999706561e-01
1.406479999999987740e-01
1.662000000000034561e-01
1.961000000000012733e-01
2.288200000000131240e-01
2.780560000000207310e-01
2.151939999999967768e-01
3.356039999999893553e-01
1.864020000000152777e-01
2.009149999999806369e-01
1.788190000000042801e-01
1.817760000000134823e-01
1.443869999999662923e-01
1.990040000000021791e-01
1.802840000000287546e-01
1.822040000000129112e-01
1.573169999999777247e-01
1.957080000000246400e-01
1.777279999999734628e-01
1.688369999999963511e-01
1.721090000000060627e-01
1.853530000000205291e-01
3.622389999999597876e-01
1.730919999999969150e-01
1.817570000000330310e-01
1.935199999999781539e-01
1.651590000000169312e-01
1.827920000000062828e-01
1.887799999999799638e-01
3.573100000000124510e-01
1.718249999999841293e-01
1.850649999999802731e-01
3.456460000000163291e-01
1.720620000000110394e-01
3.728830000000016298e-01
3.598369999999988522e-01
1.800049999999941974e-01
1.763440000000002783e-01
1.768999999999891770e-01
1.892510000000413584e-01
1.889229999999884058e-01
3.500319999999703668e-01
1.958129999999869142e-01
1.760820000000364871e-01
3.318189999999958673e-01
8.850800000001868284e-02
8.592099999998481508e-02
1.973310000000196851e-01
1.659629999999765460e-01
1.952709999999910906e-01
1.720190000000059172e-01
1.954569999999762331e-01
2.084200000000180353e-01
1.551670000000058280e-01
1.729479999999909978e-01
1.927540000000078635e-01
3.753280000000245309e-01
1.708639999999661541e-01
1.778660000000229502e-01
3.526839999999822339e-01
1.692309999999963566e-01
1.860269999999957236e-01
2.043890000000203599e-01
1.618119999999976244e-01
1.761029999999834672e-01
1.846220000000187156e-01
1.810159999999711999e-01
1.655140000000301370e-01
1.831979999999759912e-01
1.908630000000073323e-01
1.810389999999983957e-01
1.730319999999778702e-01
1.821560000000204127e-01
1.793410000000221771e-01
1.841279999999585471e-01
1.744700000000420914e-01
1.852859999999623142e-01
1.832850000000121327e-01
1.878859999999917818e-01
1.901490000000194414e-01
3.396649999999965530e-01
1.996670000000051459e-01
1.698559999999815773e-01
1.680260000000259879e-01
2.001949999999794727e-01
8.129399999998554449e-02
2.452570000000378059e-01
1.531339999999943302e-01
1.971390000000212694e-01
9.385029999999687789e-01
3.699879999999780011e-01
1.956750000000226919e-01
1.973160000000007130e-01
1.746720000000152595e-01
1.711889999999698375e-01
2.004640000000108557e-01
2.029760000000351283e-01
1.464269999999601168e-01
1.705280000000186647e-01
1.907149999999830925e-01
2.087860000000034688e-01
9.869900000001052831e-02
1.080670000000054642e-01
1.111390000000085365e-01
1.140409999999576485e-01
1.135660000000200398e-01
1.266760000000317632e-01
1.793719999999723314e-01
1.973930000000052587e-01
1.932299999999713691e-01
3.618570000000431719e-01
1.612879999999847769e-01
1.873819999999852826e-01
3.822310000000186392e-01
1.728399999999794545e-01
1.785200000000202181e-01
2.266730000000052314e-01
1.282850000000053114e-01
1.278389999999660631e-01
2.428150000000357522e-01
3.279269999999883112e-01
1.970759999999813772e-01
5.812600000000145428e-01
1.544669999999825905e-01
2.072609999999883712e-01
3.418630000000462132e-01
1.972069999999916945e-01
2.071540000000027248e-01
1.738629999999830034e-01
1.476589999999760039e-01
1.807590000000232067e-01
1.783440000000098280e-01
5.511779999999646407e-01
1.720940000000155123e-01
1.908220000000255823e-01
1.778089999999679094e-01
1.751730000000009113e-01
2.033610000000294349e-01
2.019009999999923366e-01
1.571379999999749089e-01
1.771550000000274849e-01
1.874650000000031014e-01
3.469160000000215405e-01
1.635049999999580450e-01
1.951919999999915944e-01
2.007870000000195887e-01
1.613049999999702777e-01
1.781919999999956872e-01
1.794970000000262189e-01
1.872560000000191849e-01
1.834009999999750562e-01
1.672260000000278524e-01
1.783250000000009550e-01
2.057769999999834454e-01
1.603560000000072705e-01
1.677710000000161017e-01
1.831850000000088130e-01
4.422839999999723659e-01
9.950899999998341627e-02
1.842590000000257078e-01
1.972489999999709198e-01
1.714960000000189666e-01
1.956450000000131695e-01
1.700799999999844658e-01
1.862600000000043110e-01
3.493980000000078689e-01
1.726179999999999382e-01
3.884280000000046584e-01
1.806979999999498432e-01
1.826360000000022410e-01
2.664630000000443033e-01
8.575799999994160316e-02
7.980600000001913941e-02
1.002910000000269974e-01
1.876950000000192631e-01
3.630429999999478241e-01
8.150800000004210233e-02
8.789899999999306601e-02
2.017480000000091422e-01
2.247169999999982792e-01
1.290989999999965221e-01
1.354979999999841311e-01
2.180989999999951579e-01
2.404500000000098225e-01
2.645939999999882275e-01
2.300490000000081636e-01
1.836000000000126420e-01
1.571460000000115542e-01
1.769630000000006476e-01
1.983079999999972642e-01
2.188299999999685497e-01
1.536229999999818574e-01
1.726810000000114087e-01
1.940430000000219479e-01
1.907400000000052387e-01
1.728640000000041255e-01
1.592939999999885003e-01
2.026529999999979736e-01
2.133240000000000691e-01
1.433540000000448345e-01
1.728739999999788779e-01
1.887939999999730389e-01
2.599099999999907595e-01
1.140700000000265391e-01
1.467799999999783722e-01
2.079830000000129075e-01
3.412309999999934007e-01
1.906740000000013424e-01
1.591880000000287509e-01
2.744679999999561915e-01
1.156690000000253349e-01
1.677030000000172549e-01
2.561959999999885440e-01
1.185509999999680986e-01
1.690340000000105647e-01
2.389040000000477448e-01
1.263099999999326428e-01
1.673790000000394684e-01
1.827629999999658139e-01
1.928170000000477557e-01
1.882829999999557913e-01
1.676630000000614018e-01
1.760869999999385982e-01
1.876350000000002183e-01
1.795190000000275177e-01
1.972860000000196123e-01
2.009599999999522879e-01
1.591190000000324289e-01
1.795260000000098444e-01
2.024339999999824613e-01
1.477789999999572501e-01
1.904690000000073269e-01
1.773900000000594446e-01
2.038210000000049149e-01
9.456199999993941674e-02
1.005860000000211585e-01
1.102179999999748361e-01
2.210880000000656764e-01
5.363929999999754727e-01
5.649569999999926040e-01
1.570810000000051332e-01
1.716700000000059845e-01
2.227569999999445827e-01
2.600180000000591463e-01
2.480550000000221189e-01
2.034449999999310421e-01
8.423600000003261812e-02
2.640619999999671563e-01
1.980070000000750952e-01
3.287879999999745451e-01
2.040419999999585343e-01
1.947610000000281616e-01
3.600759999999922911e-01
1.479969999999752872e-01
1.967149999999833199e-01
